
===========  earth  ============

  [1]   18   19   68   77   85   86   88   90   92   93  102  104  105  106  110
 [16]  113  116  125  177  204  208  221  223  229  231  234  236  237  239  258
 [31]  262  264  275  280  283  294  297  301  311  322  329  331  337  338  351
 [46]  352  353  378  379  384  424  444  445  448  455  456  457  459  462  473
 [61]  496  504  512  521  529  535  538  544  549  555  556  559  567  569  570
 [76]  572  582  583  600  610  613  614  615  616  617  620  632  642  644  676
 [91]  688  698  700  703  719  723  728  732  737  740  741  771  781  783  784
[106]  796  798  802  816  840  862  863  865  873  896  899  902  919  942  959
[121]  961  977  988 1006 1011 1017 1022 1027 1029 1051 1052 1064 1095 1096 1113
[136] 1124 1126 1133 1166 1174 1191 1227 1237 1241 1248 1254 1263 1264 1267 1268
[151] 1294 1295 1301 1314 1323 1324 1339 1342 1364 1365 1368 1383 1403
