
===========  gbm  ============

   [1]    1    4   11   14   16   18   20   21   27   28   53   57   64   66   67   74   78  102  108  110
  [21]  111  112  115  118  123  127  128  137  147  151  154  176  177  187  191  192  193  194  195  200
  [41]  201  208  209  210  214  222  223  224  227  228  229  230  231  233  235  236  239  251  252  256
  [61]  257  258  260  263  267  270  272  274  276  283  285  286  294  299  305  312  315  316  319  321
  [81]  324  330  333  334  338  340  341  342  345  349  355  364  365  367  369  371  372  373  376  381
 [101]  383  384  385  387  388  391  392  396  399  400  401  402  403  404  409  411  412  413  418  419
 [121]  420  429  435  447  449  452  455  457  458  469  470  514  516  542  553  558  562  566  567  568
 [141]  569  574  575  579  581  582  585  586  602  605  610  617  621  624  632  634  656  658  660  663
 [161]  664  675  676  680  685  697  698  703  708  709  710  713  726  734  736  739  745  746  748  750
 [181]  759  761  769  776  777  781  783  785  787  788  796  800  803  808  813  814  817  820  822  826
 [201]  828  840  843  845  848  851  854  857  864  871  876  878  884  886  887  888  889  916  920  925
 [221]  936  948  949  950  961  966  972  973  974  978  988  992  995  998 1005 1015 1019 1022 1025 1032
 [241] 1033 1037 1038 1045 1046 1048 1054 1055 1081 1083 1087 1088 1102 1107 1111 1113 1115 1119 1120 1124
 [261] 1125 1127 1134 1141 1142 1145 1148 1149 1150 1165 1171 1173 1175 1178 1180 1183 1189 1192 1195 1197
 [281] 1201 1220 1222 1223 1224 1225 1227 1239 1241 1242 1244 1246 1265 1272 1281 1283 1285 1288 1289 1291
 [301] 1295 1297 1299 1305 1314 1316 1325 1327 1329 1351 1363 1365 1367 1368 1369 1372 1374 1376 1379 1380
 [321] 1381 1382 1383 1389 1394 1396 1400 1405 1406 1407 1409 1411 1413 1418 1421 1423 1425 1432 1443 1448
 [341] 1450 1453 1454 1455 1458 1467 1468 1469 1471 1476 1477 1479 1481 1486 1488 1492 1493 1494 1504 1508
 [361] 1509 1515 1516 1517 1520 1522 1524 1527 1532 1534 1536 1541 1544 1547 1551 1552 1553 1554 1555 1559
 [381] 1560 1561 1562 1563 1564 1565 1566 1567 1568 1569 1570 1571 1572 1573 1574 1575 1576 1577 1587 1591
 [401] 1592 1594 1595 1596 1598 1599 1601 1602 1603 1604 1606 1608 1618 1625 1629 1631 1635 1641 1643 1644
 [421] 1646 1647 1650 1661 1663 1665 1667 1688 1691 1693 1717 1719 1727 1731 1743 1748 1752 1754 1755 1756
 [441] 1761 1762 1763 1766 1772 1773 1779 1781 1786 1789 1790 1792 1794 1795 1799 1801 1803 1805 1812 1813
 [461] 1816 1817 1818 1820 1828 1829 1832 1836 1838 1839 1843 1844 1852 1854 1863 1869 1870 1871 1873 1874
 [481] 1877 1887 1892 1896 1899 1900 1902 1904 1907 1908 1909 1914 1915 1923 1924 1925 1926 1931 1932 1933
 [501] 1939 1940 1941 1942 1951 1967 1969 1970 1988 1992 2000 2003 2005 2015 2019 2021 2022 2027 2036 2043
 [521] 2073 2074 2092 2095 2105 2113 2117 2118 2121 2122 2124 2125 2134 2136 2138 2141 2142 2144 2145 2148
 [541] 2160 2171 2174 2178 2180 2192 2197 2201 2202 2209 2215 2217 2226 2228 2236 2249 2254 2264 2266 2281
 [561] 2285 2297 2302 2318 2341 2347 2348 2352 2360 2363 2371 2376 2378 2381 2382 2383 2388 2392 2393 2394
 [581] 2398 2400 2403 2404 2405 2406 2407 2408 2409 2411 2414 2415 2420 2422 2424 2425 2426 2429 2435 2436
 [601] 2437 2438 2439 2441 2442 2448 2449 2450 2455 2456 2457 2460 2465 2466 2467 2477 2488 2489 2490 2494
 [621] 2496 2502 2504 2507 2510 2511 2517 2526 2527 2532 2533 2534 2541 2542 2544 2546 2548 2558 2560 2564
 [641] 2566 2583 2588 2590 2594 2598 2601 2602 2603 2616 2631 2632 2660 2663 2664 2668 2670 2673 2674 2676
 [661] 2683 2684 2689 2690 2695 2702 2703 2706 2707 2708 2713 2717 2718 2724 2726 2728 2731 2732 2733 2735
 [681] 2736 2742 2751 2752 2754 2755 2757 2773 2780 2781 2784 2791 2796 2797 2805 2813 2821 2823 2832 2840
 [701] 2847 2848 2851 2859 2862 2872 2873 2874 2877 2878 2881 2885 2888 2889 2891 2894 2895 2903 2904 2908
 [721] 2910 2911 2914 2915 2916 2917 2921 2922 2923 2927 2928 2941 2942 2943 2946 2948 2957 2959 2962 2967
 [741] 2971 2976 2977 2978 2983 2986 2999 3001 3006 3010 3012 3022 3023 3029 3030 3031 3040 3042 3043 3045
 [761] 3048 3050 3051 3052 3054 3055 3056 3057 3074 3082 3083 3085 3086 3087 3088 3101 3107 3115 3125 3126
 [781] 3127 3128 3131 3135 3139 3151 3156 3157 3170 3173 3174 3175 3213 3214 3215 3216 3217 3225 3228 3229
 [801] 3230 3234 3235 3236 3244 3246 3247 3251 3252 3253 3254 3255 3258 3260 3261 3262 3263 3268 3272 3273
 [821] 3281 3282 3283 3284 3286 3287 3288 3290 3294 3297 3298 3299 3300 3301 3302 3305 3306 3307 3309 3310
 [841] 3313 3321 3324 3331 3333 3334 3337 3339 3340 3341 3352 3356 3359 3365 3366 3376 3381 3386 3387 3391
 [861] 3392 3394 3398 3399 3406 3421 3424 3427 3432 3445 3449 3450 3455 3456 3457 3458 3459 3461 3464 3465
 [881] 3466 3468 3469 3470 3475 3483 3486 3488 3492 3494 3495 3502 3507 3513 3522 3528 3533 3534 3542 3545
 [901] 3546 3548 3552 3565 3570 3571 3572 3573 3575 3577 3584 3594 3595 3596 3598 3599 3601 3602 3603 3604
 [921] 3605 3606 3611 3612 3614 3622 3624 3628 3631 3634 3642 3643 3651 3657 3664 3665 3669 3676 3680 3684
 [941] 3685 3690 3702 3704 3705 3707 3709 3713 3716 3718 3719 3720 3731 3732 3733 3734 3735 3750 3756 3757
 [961] 3761 3767 3769 3773 3774 3777 3788 3789 3790 3791 3797 3805 3806 3808 3813 3814 3815 3817 3818 3829
 [981] 3832 3836 3844 3849 3850 3854 3856 3859 3861 3867 3870 3872 3874 3875 3877 3884 3885 3889 3891 3892
[1001] 3893 3894 3895 3896 3900 3901 3906 3909 3910 3911 3912 3913 3914 3915 3916 3917 3924 3928 3930 3941
[1021] 3943 3944 3945 3946 3959 3962 3969 3971 3973 3978 3982 3983 3984 3985 3986 3988 3990 3992 3994 3995
[1041] 3996 3998 4001 4005 4006 4008 4013 4016 4017 4021 4023 4025 4029 4035 4036 4037 4039 4040 4041 4042
[1061] 4043 4044 4049 4052 4053 4054 4056 4057 4058 4059 4060 4061 4066 4070 4072 4077 4079 4083 4084 4085
[1081] 4088 4089 4090 4091 4092 4094 4095 4097 4098 4099 4102 4103 4104 4105 4106 4108 4109 4110 4111 4112
[1101] 4113 4114 4115 4116 4119 4123 4127 4131 4133 4137 4138 4145 4150 4158 4161 4164 4165 4167 4171 4176
[1121] 4177 4178 4179 4186 4189 4205 4206 4207 4211 4213 4214 4215 4216 4218 4219 4220 4223 4224 4226 4237
[1141] 4239 4242 4243 4245 4252 4258 4259 4261 4263 4266 4269 4271 4272 4274 4275 4276 4279 4282 4287 4291
[1161] 4294 4295 4304 4305 4314 4318 4322 4326 4327 4328 4330 4331 4332 4334 4335 4336 4337 4339 4340 4345
[1181] 4346 4347 4349 4353 4354 4357 4362 4365 4366 4368 4369 4370 4372 4373 4374 4375 4378 4379 4380 4381
[1201] 4382 4384 4389 4390 4391 4393 4394 4395 4398 4400 4403 4407 4408 4410 4411 4417 4418 4419 4421 4422
[1221] 4423 4430 4431 4432 4433 4434 4438 4443 4449 4451 4452 4453 4455 4458 4459 4460 4466 4472 4473 4475
[1241] 4477 4479 4485 4487 4490 4492 4493 4499 4502 4505 4506 4508 4509 4518 4521 4524 4527 4528 4529 4530
[1261] 4532 4535 4537 4540 4541 4545 4557 4558 4559 4560 4564 4567 4570 4571 4579 4580 4584 4586 4587 4588
[1281] 4591 4592 4593 4595 4596 4597 4598 4599 4601 4602 4605 4606 4607 4608 4609 4610 4611 4613 4614 4621
[1301] 4624 4627 4631 4633 4635 4636 4637 4638 4640 4641 4642 4643 4644 4645 4646 4647 4650 4651 4657 4659
[1321] 4668 4672 4681 4683 4686 4687 4689 4694 4695 4708 4722 4725 4731 4735 4736 4737 4739 4741 4742 4744
[1341] 4745 4746 4748 4749
