
===========  pcaNNet  ============

  [1]    1    3    4   18   19   27   31   33   34   37   47   48   53   54   60
 [16]   61   64   66   67   68   72   77   81   85   89   90   91   93   96   99
 [31]  102  104  105  110  112  114  119  121  122  154  156  157  158  162  169
 [46]  170  177  178  180  195  198  200  203  204  205  206  216  217  219  220
 [61]  221  226  229  231  232  233  237  239  241  247  253  254  262  263  271
 [76]  275  280  283  286  291  294  297  311  312  319  322  326  332  337  338
 [91]  341  343  346  350  351  352  371  375  378  382  383  405  406  409  422
[106]  423  424  426  432  435  440  442  443  444  452  455  457  458  462  466
[121]  480  487  504  518  521  530  531  532  533  534  535  539  544  549  551
[136]  555  557  558  569  570  571  576  582  583  585  587  597  610  614  615
[151]  617  622  625  632  641  642  647  656  676  683  684  688  698  703  706
[166]  708  717  719  720  728  729  737  739  740  742  743  744  746  747  748
[181]  753  755  757  768  769  770  772  776  777  781  783  786  787  788  793
[196]  795  796  801  802  803  809  810  827  843  844  846  848  849  851  857
[211]  862  863  864  865  873  881  882  883  884  888  896  899  902  908  942
[226]  951  956  959  961  963  969  977  988  992 1004 1005 1006 1010 1013 1015
[241] 1018 1024 1029 1038 1039 1040 1043 1051 1052 1053 1054 1068 1069 1072 1082
[256] 1087 1095 1109 1113 1118 1124 1125 1126 1133 1136 1140 1142 1148 1150 1157
[271] 1158 1162 1163 1173 1176 1183 1186 1187 1189 1190 1191 1192 1200 1201 1207
[286] 1210 1211 1212 1216 1223 1225 1229 1237 1240 1243 1245 1246 1258 1263 1264
[301] 1265 1266 1267 1268 1273 1280 1290 1291 1299 1301 1308 1311 1313 1314 1318
[316] 1320 1321 1322 1329 1330 1332 1334 1335 1339 1341 1342 1345 1348 1350 1352
[331] 1361 1363 1364 1365 1367 1371 1376 1378 1385 1389 1391 1395 1396 1398 1403
[346] 1404 1409 1412 1420 1421
