
===========  xgbTree  ============

   [1]    1    3   11   14   18   20   21   27   51   53   64   66   74   78   98   99  100  108  110  111  118  123
  [23]  125  127  132  137  140  141  144  148  152  154  176  177  178  193  195  200  208  209  215  220  223  224
  [45]  227  230  235  241  250  260  262  267  274  283  285  294  300  313  315  319  321  324  326  333  334  338
  [67]  340  341  342  346  352  353  362  364  367  369  371  376  382  384  387  388  389  391  399  400  401  403
  [89]  404  409  412  413  419  420  422  426  427  434  435  447  448  451  452  455  457  461  465  467  470  518
 [111]  553  554  556  566  568  571  574  576  579  585  586  596  602  610  621  657  662  663  664  675  680  686
 [133]  697  708  709  711  718  726  736  740  746  755  756  759  761  764  777  781  787  792  800  813  814  817
 [155]  820  821  822  828  840  845  858  864  866  876  881  883  884  886  887  888  889  897  916  919  925  949
 [177]  966  968  972  976  988  995 1005 1022 1033 1034 1036 1037 1045 1048 1083 1087 1115 1119 1124 1125 1127 1134
 [199] 1139 1141 1143 1149 1163 1174 1175 1178 1180 1187 1189 1194 1195 1197 1201 1220 1222 1223 1224 1225 1226 1227
 [221] 1239 1241 1244 1246 1272 1281 1283 1285 1288 1289 1290 1291 1299 1314 1327 1330 1363 1365 1367 1368 1369 1374
 [243] 1380 1381 1382 1383 1386 1390 1394 1396 1405 1406 1407 1409 1411 1416 1421 1423 1425 1432 1440 1450 1453 1454
 [265] 1469 1471 1474 1475 1477 1480 1481 1486 1492 1493 1504 1505 1508 1515 1516 1522 1534 1538 1541 1547 1549 1551
 [287] 1552 1553 1554 1558 1559 1560 1561 1562 1565 1566 1567 1568 1569 1570 1571 1572 1573 1574 1575 1577 1584 1585
 [309] 1588 1592 1594 1595 1596 1597 1600 1602 1603 1606 1609 1632 1641 1644 1646 1650 1663 1666 1667 1673 1685 1687
 [331] 1689 1691 1717 1727 1743 1744 1748 1752 1754 1755 1759 1760 1761 1762 1763 1767 1789 1790 1792 1794 1795 1799
 [353] 1808 1812 1820 1828 1831 1836 1838 1840 1843 1852 1856 1863 1869 1873 1874 1877 1884 1892 1899 1901 1902 1904
 [375] 1906 1908 1914 1920 1923 1924 1925 1926 1932 1939 1940 1941 1951 1969 1970 1977 1990 2005 2012 2021 2022 2027
 [397] 2043 2073 2092 2105 2117 2121 2122 2123 2124 2135 2136 2141 2144 2148 2160 2171 2174 2178 2192 2195 2200 2216
 [419] 2217 2219 2220 2224 2227 2228 2237 2261 2264 2281 2287 2297 2320 2322 2341 2347 2352 2360 2371 2376 2381 2382
 [441] 2390 2392 2399 2400 2403 2404 2405 2406 2407 2408 2411 2420 2424 2435 2436 2437 2438 2441 2442 2444 2448 2450
 [463] 2452 2456 2462 2463 2465 2476 2488 2489 2490 2496 2500 2504 2505 2506 2507 2511 2512 2527 2534 2539 2541 2546
 [485] 2548 2566 2570 2577 2584 2590 2592 2593 2594 2601 2602 2627 2631 2632 2663 2668 2670 2674 2676 2677 2683 2689
 [507] 2695 2699 2700 2702 2703 2706 2707 2708 2717 2728 2731 2735 2736 2739 2742 2743 2747 2752 2754 2756 2757 2759
 [529] 2773 2796 2797 2805 2813 2823 2824 2832 2841 2847 2859 2872 2874 2876 2877 2882 2886 2888 2890 2894 2895 2908
 [551] 2916 2922 2923 2927 2941 2942 2946 2953 2964 2971 2974 2976 2977 2981 2983 2986 2989 2999 3006 3010 3022 3029
 [573] 3033 3042 3043 3045 3048 3050 3051 3052 3054 3055 3056 3072 3082 3084 3085 3101 3107 3125 3127 3135 3139 3152
 [595] 3156 3170 3173 3174 3213 3214 3215 3216 3217 3225 3228 3229 3230 3231 3234 3244 3246 3248 3251 3252 3253 3254
 [617] 3256 3258 3261 3262 3272 3281 3282 3283 3284 3286 3287 3288 3290 3296 3297 3298 3299 3300 3301 3302 3305 3306
 [639] 3307 3309 3310 3321 3322 3324 3325 3326 3330 3332 3333 3334 3338 3339 3340 3352 3356 3359 3365 3366 3381 3386
 [661] 3391 3392 3394 3398 3419 3427 3434 3454 3455 3456 3457 3458 3459 3464 3466 3468 3483 3492 3494 3495 3502 3505
 [683] 3513 3523 3528 3533 3534 3540 3543 3545 3549 3567 3570 3571 3572 3574 3575 3594 3595 3596 3598 3599 3601 3602
 [705] 3603 3604 3605 3609 3610 3611 3612 3613 3614 3622 3624 3628 3631 3642 3657 3664 3666 3669 3672 3680 3681 3684
 [727] 3685 3691 3705 3707 3709 3716 3719 3728 3732 3733 3734 3735 3756 3757 3767 3769 3772 3778 3788 3789 3790 3795
 [749] 3797 3804 3805 3806 3813 3814 3815 3817 3832 3849 3855 3856 3860 3870 3873 3874 3875 3879 3884 3885 3891 3892
 [771] 3893 3894 3895 3897 3900 3901 3906 3909 3910 3912 3913 3914 3915 3916 3917 3922 3924 3928 3939 3943 3944 3945
 [793] 3947 3971 3973 3979 3982 3983 3985 3986 3992 3994 3995 3996 3998 4002 4005 4006 4008 4015 4016 4018 4023 4029
 [815] 4031 4035 4037 4038 4039 4040 4042 4053 4054 4056 4057 4058 4059 4060 4071 4072 4073 4077 4079 4081 4082 4083
 [837] 4084 4087 4088 4089 4090 4091 4093 4094 4095 4097 4098 4103 4104 4105 4106 4108 4109 4110 4111 4112 4113 4114
 [859] 4115 4133 4137 4138 4141 4150 4158 4161 4165 4172 4176 4177 4179 4182 4185 4189 4198 4205 4206 4207 4211 4213
 [881] 4214 4215 4217 4218 4219 4220 4223 4225 4226 4229 4237 4239 4243 4252 4263 4266 4267 4271 4272 4274 4280 4287
 [903] 4288 4289 4292 4294 4296 4305 4314 4324 4326 4327 4328 4330 4331 4333 4334 4335 4336 4338 4339 4345 4346 4347
 [925] 4349 4353 4354 4357 4362 4365 4366 4368 4369 4371 4372 4373 4374 4375 4379 4380 4382 4387 4389 4393 4394 4396
 [947] 4400 4408 4410 4411 4413 4417 4418 4419 4421 4422 4423 4427 4430 4431 4432 4433 4434 4438 4440 4446 4451 4452
 [969] 4454 4456 4458 4459 4467 4470 4472 4473 4485 4491 4494 4500 4501 4505 4508 4514 4520 4524 4527 4528 4529 4535
 [991] 4537 4540 4541 4551 4557 4558 4559 4560 4564 4567 4570 4573 4578 4579 4582 4584 4586 4587 4591 4592 4593 4595
[1013] 4596 4597 4598 4605 4606 4607 4608 4609 4610 4611 4613 4621 4623 4627 4629 4632 4635 4636 4637 4638 4641 4642
[1035] 4643 4644 4645 4646 4647 4649 4650 4657 4683 4685 4689 4694 4696 4707 4708 4716 4725 4732 4735 4736 4737 4739
[1057] 4741 4743 4744 4745 4746 4748 4749
