
===========  gbm  ============

   [1]    16    22    40    43    47    63    70    88    92    99   117   118   122   128   152   155   157   159   175
  [20]   176   200   214   217   229   230   254   259   275   277   295   302   307   311   314   342   350   352   361
  [39]   366   368   377   382   387   393   397   410   429   431   435   436   444   446   463   465   468   476   522
  [58]   530   535   581   585   587   604   622   627   641   648   653   694   701   718   745   752   753   755   762
  [77]   766   774   782   785   799   803   813   815   831   871   874   876   888   927   932   952   954   957   966
  [96]   968   969   980   989  1000  1006  1027  1037  1038  1039  1080  1086  1099  1102  1103  1109  1113  1137  1142
 [115]  1156  1159  1185  1197  1273  1289  1305  1321  1340  1346  1349  1371  1374  1387  1395  1435  1438  1448  1453
 [134]  1455  1474  1500  1504  1522  1526  1539  1563  1583  1600  1652  1655  1661  1667  1679  1685  1698  1732  1739
 [153]  1762  1776  1789  1807  1808  1835  1841  1851  1861  1866  1874  1890  1903  1905  1926  1936  1941  1946  1947
 [172]  1950  1952  1966  1969  1975  1978  1981  1986  1989  1998  2000  2004  2015  2027  2028  2040  2048  2065  2070
 [191]  2078  2083  2087  2089  2097  2128  2136  2142  2145  2148  2159  2173  2175  2178  2179  2183  2188  2192  2194
 [210]  2204  2205  2210  2213  2215  2225  2266  2276  2307  2322  2337  2374  2386  2392  2396  2405  2426  2429  2438
 [229]  2448  2462  2483  2513  2530  2534  2557  2565  2595  2611  2626  2631  2645  2652  2667  2668  2682  2703  2724
 [248]  2770  2793  2811  2814  2824  2834  2844  2846  2850  2859  2871  2872  2879  2895  2912  2927  2928  2964  3038
 [267]  3043  3081  3091  3103  3115  3119  3130  3141  3154  3168  3176  3179  3192  3202  3211  3237  3253  3270  3280
 [286]  3297  3312  3314  3322  3329  3344  3345  3365  3369  3385  3396  3399  3411  3435  3437  3458  3464  3482  3485
 [305]  3489  3497  3513  3515  3525  3531  3553  3557  3559  3560  3564  3598  3614  3645  3660  3663  3674  3680  3681
 [324]  3708  3711  3723  3731  3757  3766  3767  3814  3816  3819  3853  3856  3872  3877  3900  3904  3914  3959  3966
 [343]  3984  3989  3990  3999  4010  4016  4021  4023  4025  4026  4032  4038  4051  4057  4064  4072  4077  4082  4103
 [362]  4117  4130  4142  4155  4161  4180  4187  4197  4201  4208  4214  4229  4233  4258  4287  4288  4291  4320  4334
 [381]  4356  4358  4359  4395  4441  4452  4457  4465  4475  4498  4502  4510  4522  4524  4525  4530  4555  4582  4596
 [400]  4616  4651  4652  4680  4684  4695  4699  4709  4723  4735  4749  4751  4762  4771  4774  4821  4836  4864  4867
 [419]  4876  4898  4922  4933  4938  4943  4957  4973  4975  4994  4999  5005  5016  5024  5034  5036  5045  5047  5056
 [438]  5088  5105  5110  5112  5135  5145  5149  5154  5177  5188  5208  5211  5212  5225  5271  5273  5286  5351  5359
 [457]  5417  5418  5421  5427  5436  5463  5465  5487  5494  5499  5502  5510  5513  5516  5521  5522  5538  5548  5551
 [476]  5553  5555  5558  5567  5573  5613  5617  5662  5696  5704  5710  5729  5736  5738  5746  5752  5758  5764  5779
 [495]  5789  5790  5792  5822  5829  5859  5884  5894  5904  5906  5909  5918  5923  5936  5954  5962  5964  5969  5970
 [514]  5983  6022  6049  6058  6060  6062  6070  6072  6080  6091  6110  6129  6151  6171  6173  6190  6193  6195  6207
 [533]  6226  6232  6257  6258  6272  6275  6277  6295  6313  6328  6339  6345  6348  6365  6370  6378  6405  6420  6434
 [552]  6443  6480  6502  6508  6512  6516  6555  6575  6587  6603  6604  6615  6626  6640  6644  6648  6657  6665  6701
 [571]  6703  6704  6715  6735  6753  6757  6759  6763  6778  6816  6842  6848  6866  6869  6888  6891  6893  6895  6900
 [590]  6923  6934  6935  6937  6941  6943  6945  6947  6948  6949  6962  7012  7030  7045  7048  7057  7061  7065  7085
 [609]  7087  7096  7100  7116  7149  7174  7198  7214  7225  7233  7236  7243  7256  7272  7280  7283  7297  7302  7310
 [628]  7311  7324  7331  7344  7347  7349  7364  7402  7423  7445  7452  7471  7493  7500  7542  7545  7564  7573  7579
 [647]  7602  7621  7626  7653  7656  7677  7685  7705  7708  7718  7739  7769  7770  7782  7790  7800  7822  7826  7832
 [666]  7859  7876  7880  7883  7889  7919  7938  7989  8005  8014  8015  8023  8054  8068  8087  8116  8119  8123  8131
 [685]  8167  8178  8187  8199  8212  8217  8238  8273  8285  8293  8295  8296  8297  8298  8300  8302  8372  8375  8376
 [704]  8387  8389  8404  8406  8419  8420  8432  8444  8452  8459  8465  8488  8510  8514  8524  8525  8624  8633  8638
 [723]  8659  8667  8670  8706  8716  8733  8743  8751  8764  8771  8780  8782  8796  8807  8808  8810  8817  8832  8841
 [742]  8851  8859  8868  8871  8875  8879  8900  8908  8911  8913  8949  8950  8969  8977  8978  8995  9008  9026  9030
 [761]  9036  9056  9067  9096  9123  9153  9165  9183  9193  9209  9213  9216  9246  9251  9261  9297  9298  9303  9305
 [780]  9326  9335  9375  9398  9413  9419  9435  9448  9456  9476  9479  9483  9486  9487  9500  9505  9507  9516  9528
 [799]  9538  9540  9545  9565  9580  9584  9592  9599  9603  9611  9620  9634  9639  9643  9654  9682  9699  9706  9727
 [818]  9734  9756  9757  9760  9767  9777  9779  9783  9800  9840  9869  9884  9896  9931  9941  9950  9954  9979  9991
 [837]  9998 10006 10023 10027 10035 10059 10063 10082 10103 10106 10112 10122 10132 10137 10157 10158 10174 10181 10193
 [856] 10212 10222 10228 10243 10248 10299 10302 10315 10331 10348 10353 10355 10365 10373 10390 10414 10415 10452 10463
 [875] 10467 10473 10480 10481 10509 10549 10594 10620 10639 10640 10655 10663 10668 10680 10710 10718 10719 10740 10744
 [894] 10761 10769 10804 10805 10807 10820 10823 10840 10849 10864 10867 10876 10888 10894 10896 10925 10943 11041 11043
 [913] 11058 11068 11102 11111 11151 11222 11223 11280 11327 11331 11341 11352 11358 11377 11380 11388 11402 11415 11433
 [932] 11466 11477 11483 11535 11595 11604 11628 11637 11640 11651 11665 11729 11769 11770 11773 11784 11841 11843 11844
 [951] 11849 11859 11895 11920 11927 11930 11963 11970 11993 12009 12021 12042 12046 12057 12065 12116 12127 12130 12143
 [970] 12165 12222 12227 12303 12307 12336 12347 12374 12394 12405 12424 12442 12460 12476 12484 12497 12499 12507 12542
 [989] 12641 12647 12653 12656 12672 12731 12736 12737 12742 12748 12749 12756 12802 12803 12875 12889 12904 12932 12950
[1008] 12953 12990 13044 13063 13064 13081 13094 13097 13111 13118 13165 13169 13170 13195 13203 13212 13221 13304 13307
[1027] 13309 13316 13341 13353 13415 13434 13440 13451 13471 13479 13508 13529 13549 13613 13615 13636 13694 13708 13752
[1046] 13793 13798 13804 13805 13865 13875 13877 13901 13912 13947 13954 13997 14016 14051 14070 14080 14087 14092 14158
[1065] 14219 14226 14274 14328 14369 14437 14500 14587 14645 14654 14667 14671 14673 14708 14724 14732 14744 14771 14793
[1084] 14794 14860 14882 14933 14934 14941 14944 14946 14950 14954 14957 14965 14990 15007 15022 15037 15064 15072 15077
[1103] 15093 15095 15100 15107 15109 15117 15126 15137 15148 15152 15154 15198 15214 15215 15240 15242 15256 15276 15279
[1122] 15288 15297 15309 15319 15343 15353 15374 15384 15392 15395 15409 15418 15420 15430 15439 15450 15454 15467 15470
[1141] 15556 15558 15561 15568 15573 15579 15590 15605 15666 15669 15676 15702 15709 15717 15752 15757 15774 15791 15792
[1160] 15795 15796 15800 15810 15833 15835 15838 15839 15847 15864 15867 15871 15896 15912 15922 15930 15931 15933 15993
[1179] 16040 16041 16045 16050 16052 16053 16062 16070 16072 16075 16121 16125 16128 16135 16145 16169 16170 16173 16180
[1198] 16200 16204 16217 16220 16221 16227 16231 16233 16234 16240 16249 16262 16266 16292 16298 16351 16360 16376 16383
[1217] 16447 16448 16451 16458 16474 16478 16500 16511 16523 16551 16580 16592 16606 16664 16667 16676 16689 16704 16725
[1236] 16726 16747 16760 16777 16781 16795 16801 16855 16859 16864 16867 16870 16875 16876 16889 16902 16927 16973 16996
[1255] 17019 17026 17043 17045 17069 17074 17092 17102 17132 17135 17138 17139 17145 17183 17192 17199 17201 17270 17271
[1274] 17278 17283 17287 17291 17297 17305 17330 17338 17349 17358 17364 17366 17369 17378 17379 17386 17387 17388 17402
[1293] 17418 17422 17452 17463 17471 17481 17490 17501 17540 17548 17551 17554 17563 17574 17585 17587 17601 17612 17618
[1312] 17630 17634 17649 17657 17662 17676 17680 17683 17690 17701 17730 17735 17736 17756 17757 17762 17785 17789 17790
[1331] 17801 17803 17805 17814 17816 17821 17823 17827 17867 17874 17878 17890 17903 17906 17923 17940 17946 17987 17991
[1350] 18010 18016 18028 18051 18057 18068 18069 18079 18083 18088 18090 18098 18123 18132 18148 18149 18163 18166 18167
[1369] 18176 18203 18219 18238 18259 18288 18304 18354 18359 18366 18373 18374 18390 18401 18402 18410 18415 18423 18431
[1388] 18434 18447 18460 18475 18482 18484 18512 18540 18544 18556 18566 18569 18570 18586 18594 18596 18602 18608 18621
[1407] 18625 18663 18681 18682 18687 18690 18693 18709 18711 18723 18734 18741 18749 18776 18785 18805 18819 18838 18852
[1426] 18853 18868 18869 18895 18901 18928 18937 18938 18948 18950 18951 18978 18992 19010 19017 19019 19035 19043 19050
[1445] 19072 19075 19107 19111 19115 19136 19138 19146 19163 19187 19227 19232 19257 19260 19262 19273 19282 19291 19298
[1464] 19300 19321 19327 19341 19343 19346 19359 19362 19363 19367 19372 19409 19413 19425 19430 19446 19450 19493 19499
[1483] 19505 19518 19533 19538 19546 19574 19595 19607 19635 19640 19643 19662 19664 19667 19681 19697 19698 19707 19722
[1502] 19723 19730 19735 19738 19745 19752 19769 19773 19774 19786 19796 19797 19802 19804 19821 19826 19839 19844 19854
[1521] 19864 19875 19884 19888 19897 19901 19907 19911 19933 19936 19941 19957 19976 19983 20029 20046 20060 20091 20110
[1540] 20112 20133 20145 20146 20147 20158 20182 20191 20194 20201 20213 20223 20229 20238 20259 20280 20326 20335 20379
[1559] 20381 20419 20449 20458 20467 20532 20540 20550 20553 20555 20615 20625 20639 20647 20661 20671 20674 20683 20687
[1578] 20701 20732 20734 20760 20777 20798 20803 20905 20908 20912 20920 20928 20943 20975 20978 21007 21031 21040 21057
[1597] 21096 21115 21122 21124 21144 21163 21176 21212 21224 21227 21229 21235 21241 21291 21324 21337 21356 21388 21395
[1616] 21470 21480 21496 21498 21512 21551 21557 21560 21561 21573 21593 21604 21658 21665 21679 21699 21702 21719 21726
[1635] 21740 21742 21766 21779 21781 21820 21851 21859 21886 21892 21894 21906 21913 21921 21945 21951 21953 21956 21968
[1654] 21971 22069 22079 22090 22128 22132 22149 22185 22192 22213 22223 22235 22247 22285 22307 22315 22326 22329 22336
[1673] 22346 22390 22399 22401 22446 22457 22458 22469 22496 22508 22519 22528 22560 22579 22603 22611 22618 22659 22660
[1692] 22671 22678 22682 22691 22693 22723 22736 22742 22761 22762 22770 22774 22780 22789 22838 22846 22897 22900 22902
[1711] 22911 22928 22949 22960 22981 23010 23013 23016 23024 23042 23043 23046 23062 23067 23073 23088 23091 23094 23112
[1730] 23115 23147 23151 23152 23181 23202 23206 23213 23221 23268 23270 23309 23321 23379 23393 23395 23400 23414 23418
[1749] 23425 23426 23430 23452 23453 23461 23482 23489 23496 23509 23518 23519 23524 23531 23536 23551 23574 23595 23599
[1768] 23607 23613 23616 23634 23650 23661 23663 23666 23672 23680 23712 23756 23788 23793 23813 23817 23819 23846 23851
[1787] 23865 23873 23877 23880 23890 23893 23904 23908 23925 23926 23929 23932 23961 23990 23995 24069 24097 24102 24105
[1806] 24119 24129 24142 24145 24162 24177 24217 24223 24232 24247 24251 24313 24323 24333 24369 24376 24377 24379 24382
[1825] 24384 24391 24413 24418 24440 24448 24467 24494 24499 24533 24539 24553 24567 24569 24580 24611 24632 24658 24669
[1844] 24684 24697 24738 24746 24748 24771 24775 24782 24785 24790 24800 24805 24810 24811 24837 24840 24843 24872 24879
[1863] 24888 24889 24941 25006 25055 25067 25123 25144 25152 25179 25208 25215 25256 25270 25273 25309 25313 25314 25315
[1882] 25321 25353 25363 25368 25393 25408 25414 25437 25459 25463 25481 25537 25548 25551 25559 25573 25592 25599 25605
[1901] 25651 25695 25744 25753 25759 25776 25795 25828 25829 25853 25866 25887 25899 25911 25987 25991 26019 26021 26058
[1920] 26068 26134 26137 26139 26158 26162 26176 26194 26211 26224 26242 26269 26292 26326 26336 26350 26384 26394 26437
[1939] 26445 26478 26479 26502 26511 26547 26567 26571 26582 26591 26597 26598 26633 26634 26635 26671 26689 26734 26749
[1958] 26777 26778 26779 26780 26790 26797 26811 26841 26846 26862 26874 26891 26895 26903 26911 26920 26925 26941 26972
[1977] 26975 26978 26979 27022 27023 27037 27042 27053 27062 27071 27086 27107 27119 27150 27158 27179 27192 27298 27305
[1996] 27358 27385 27386 27397 27413 27428 27431 27433 27441 27447 27462 27471 27484 27500 27554 27595 27603 27631 27652
[2015] 27664 27695 27775 27806 27825 27829 27845 27850 27885 27889 27945 27955 27968 27996 28014 28052 28066 28076 28111
[2034] 28121 28144 28179 28181 28188 28213 28261 28304 28311 28328 28338 28365 28375 28408 28470 28529 28569 28575 28601
[2053] 28628 28646 28668 28689 28694 28716 28766 28801 28861 28895 28919 28930 28980 29026 29037 29062 29068 29080 29152
[2072] 29170 29178 29212 29233 29263 29281 29290 29294 29357 29364 29394 29422 29427 29449 29492 29494 29498 29526 29530
[2091] 29552 29588 29595 29627 29629 29631 29641 29653 29654 29664 29671 29688 29698 29725 29732 29803 29824 29840 29841
[2110] 29893 29998 29999 30008 30012 30013 30030 30035 30038 30041 30060 30079 30084 30090 30093 30114 30126 30138 30154
[2129] 30161 30172 30174 30255 30270 30289 30324 30335 30342 30343 30359 30398 30411 30420 30428 30439 30523 30552 30558
[2148] 30582 30583 30585 30589 30617 30629 30635 30652 30659 30661 30669 30692 30718 30729 30757 30793 30794 30818 30829
[2167] 30835 30841 30850 30878 30887 30908 30918 30923 30925 30928 30931 30941 30948 30955 30991 31002 31037 31047 31048
[2186] 31099 31103 31114 31119 31126 31166 31192 31234 31257 31298 31334 31423 31442 31444 31499 31552 31558 31565 31586
[2205] 31647 31653 31671 31677 31680 31706 31712 31714 31732 31734 31767 31813 31890 31895 31922 31963 31977 31982 31998
[2224] 32010 32026 32068 32107 32109 32110 32124 32135 32161 32250 32255 32280 32297 32385 32407 32435 32455 32469 32496
[2243] 32499 32527 32572 32604 32644 32647 32695 32727 32764 32779 32789 32796 32802 32808 32815 32818 32820 32833 32854
[2262] 32857 32859 32893 32897 32933 32962 32982 33003 33070 33077 33084 33112 33151 33157 33166 33205 33284 33318 33348
[2281] 33354 33358 33360 33382 33383 33388 33395 33397 33416 33444 33450 33508 33509 33511 33517 33524 33526 33541 33551
[2300] 33557 33560 33565 33570 33599 33616 33621 33629 33639 33662 33671 33681 33688 33699 33714 33740 33760 33778 33819
[2319] 33843 33858 33863 33865 33878 33881 33891 33900 33907 33921 33956 33987 33996 34078 34102 34152 34153 34187 34201
[2338] 34237 34254 34258 34289 34291 34296 34304 34314 34352 34358 34359 34367 34382 34390 34397 34404 34410 34419 34425
[2357] 34452 34461 34476 34580 34588 34595 34608 34615 34617 34622 34641 34653 34674 34691 34695 34747 34771 34799 34836
[2376] 34842 34847 34868 34934 34935 35014 35017 35023 35038 35065 35094 35136 35152 35163 35173 35177 35188 35194 35199
[2395] 35231 35241 35278 35298 35377 35380 35390 35511 35518 35528 35542 35562 35583 35668 35688 35715 35723 35756 35765
[2414] 35769 35779 35793 35808 35822 35824 35830 35832 35840 35842 35891 35964 35969 36006 36020 36023 36037 36065 36076
[2433] 36095 36170 36180 36184 36211 36253 36260 36264 36271 36275 36278 36322 36348 36368 36376 36420 36432 36439 36470
[2452] 36480 36486 36500 36518 36543 36546 36675 36681 36689 36713 36720 36730 36739 36766 36800 36801 36824 36829 36849
[2471] 36856 36860 36901 36927 36932 36946 36952 36976 37001 37008 37021 37031 37032 37057 37070 37076 37085 37093 37132
[2490] 37167 37174 37233 37254 37274 37283 37316 37318 37327 37329 37367 37396 37423 37432 37444 37451 37476 37487 37493
[2509] 37497 37548 37557 37579 37607 37622 37695 37704 37706 37707 37710 37723 37746 37771 37842 37856 37876 37915 37953
[2528] 37962 37970 37986 38004 38025 38062 38083 38105 38135 38137 38141 38150 38152 38172 38212 38251 38270 38298 38302
[2547] 38338 38366 38371 38374 38403 38409 38423 38427 38431 38441 38447 38474 38481 38488 38521 38524 38528 38532 38540
[2566] 38541 38559 38583 38620 38641 38663 38666 38672 38675 38682 38728 38741 38752 38774 38786 38814 38867 38902 38907
[2585] 38923 38972 38984 39020 39031 39034 39040 39118 39128 39156 39176 39183 39192 39207 39223 39227 39234 39306 39307
[2604] 39344 39404 39435 39442 39457 39461 39483 39517 39543 39583 39587 39589 39590 39592 39603 39620 39642 39664 39669
[2623] 39672 39678 39710 39712 39718 39724 39731 39743 39744 39758 39768 39769 39773 39800 39836 39874 39911 39920 39940
[2642] 39954 39969 39970 39978 39993 39995 40017 40027 40028 40042 40050 40051 40055 40080 40088 40095 40096 40122 40136
[2661] 40144 40165 40171 40174 40190 40198 40250 40266 40271 40305 40311 40312 40329 40345 40364 40372 40386 40392 40405
[2680] 40412 40415 40430 40432 40437 40446 40447 40454 40459 40460 40464 40465 40470 40472 40474 40483 40495 40497 40508
[2699] 40509 40518 40523 40524 40526 40528 40541 40563 40568 40573 40593 40607 40613 40614 40620 40621 40623 40627 40633
[2718] 40639 40642 40646 40656 40662 40669 40673 40675 40687 40688 40691 40696 40702 40710 40721 40730 40739 40748 40754
[2737] 40762 40763 40771 40776 40777 40784 40787 40803 40809 40816 40819 40821 40826 40827 40831 40837 40849 40851 40861
[2756] 40862 40868 40877 40879 40912 40925 40936 40944 40946 40948 40958 40960 40966 40967 40972 40989 40990 40998 41004
[2775] 41010 41012 41018 41026 41036 41039 41051 41054 41062 41069 41075 41083 41088 41091 41093 41101 41105 41106 41107
[2794] 41108 41119 41121 41122 41124 41128 41129 41140 41151 41154 41160 41170 41174 41178 41182 41183 41205 41208 41216
[2813] 41217 41228 41237 41239 41247 41265 41266 41272 41285 41286 41289 41290 41307 41323 41332 41352 41355 41368 41384
[2832] 41385 41386 41387 41388 41414 41422 41426 41427 41439 41442 41453 41469 41477 41503 41516 41517 41521 41528 41538
[2851] 41548 41575 41597 41600 41614 41622 41626 41643 41648 41657 41674 41708 41721 41724 41731 41735 41772 41774 41778
[2870] 41796 41813 41814 41824 41826 41829 41851 41852 41872 41873 41875 41878 41882 41889 41890 41911 41913 41930 41940
[2889] 41953 41977 41982 41999 42008 42012 42036 42066 42081 42082 42084 42100 42109 42110 42123 42161 42162 42165 42184
[2908] 42193 42202
