
===========  xgbTree  ============

    [1]     1     2     3     4     7     8    10    12    13    14    15    17    20    22    23    24    27
   [18]    31    35    36    38    39    40    48    49    50    57    59    68    70    75    79    80    86
   [35]    89    90    92    93    94    95    99   103   104   106   109   117   118   125   132   142   143
   [52]   145   146   155   164   167   172   175   177   186   192   195   196   197   199   203   204   205
   [69]   208   213   215   216   217   218   223   241   265   266   274   275   276   278   279   282   283
   [86]   284   288   290   291   292   293   296   297   298   301   302   304   308   312   317   320   331
  [103]   339   343   351   352   353   354   359   360   376   383   384   386   389   390   392   394   399
  [120]   401   403   410   411   415   418   419   420   422   423   425   426   427   428   437   441   444
  [137]   449   457   458   459   460   464   470   480   489   505   509   513   516   518   519   524   525
  [154]   540   547   553   555   556   557   558   560   561   562   587   588   590   591   594   595   597
  [171]   598   599   614   615   616   622   623   630   631   632   634   641   642   643   654   655   657
  [188]   661   669   679   682   700   705   708   712   713   715   716   717   718   720   721   724   739
  [205]   761   762   763   764   765   773   774   775   779   780   781   784   787   788   791   792   794
  [222]   806   807   809   822   835   840   842   851   854   855   873   876   877   878   879   880   881
  [239]   882   883   884   888   889   890   891   893   895   896   900   901   902   903   913   915   917
  [256]   918   922   924   925   926   930   932   933   935   936   937   938   940   942   943   947   951
  [273]   952   954   957   958   962   963   964   970   971   975   979   991   994   998   999  1003  1006
  [290]  1007  1015  1025  1033  1034  1036  1045  1049  1056  1057  1059  1061  1064  1065  1066  1070  1071
  [307]  1072  1074  1078  1093  1095  1099  1100  1108  1113  1115  1118  1119  1121  1125  1129  1131  1133
  [324]  1137  1138  1141  1143  1145  1151  1153  1154  1162  1164  1167  1169  1180  1183  1195  1209  1210
  [341]  1211  1213  1214  1217  1220  1223  1224  1235  1236  1237  1243  1245  1247  1250  1252  1260  1263
  [358]  1267  1269  1270  1272  1274  1283  1287  1302  1307  1313  1314  1320  1322  1327  1330  1331  1334
  [375]  1344  1346  1347  1348  1353  1355  1358  1363  1365  1366  1367  1381  1387  1390  1392  1397  1399
  [392]  1400  1401  1402  1403  1404  1405  1406  1410  1412  1413  1416  1417  1429  1431  1436  1437  1438
  [409]  1439  1448  1453  1457  1460  1465  1470  1471  1473  1474  1475  1479  1480  1483  1495  1498  1499
  [426]  1500  1504  1505  1507  1512  1513  1521  1522  1524  1525  1530  1532  1533  1535  1538  1539  1540
  [443]  1543  1552  1559  1562  1563  1564  1565  1566  1567  1569  1570  1573  1574  1575  1576  1577  1578
  [460]  1579  1580  1581  1582  1594  1595  1600  1602  1605  1606  1607  1610  1611  1615  1621  1622  1623
  [477]  1625  1626  1627  1629  1630  1631  1643  1644  1650  1683  1694  1695  1700  1728  1736  1737  1738
  [494]  1739  1740  1742  1743  1747  1749  1753  1754  1756  1757  1762  1763  1765  1770  1775  1780  1782
  [511]  1784  1785  1787  1790  1792  1801  1802  1804  1810  1812  1818  1828  1829  1834  1837  1843  1845
  [528]  1858  1860  1863  1864  1867  1869  1870  1879  1887  1888  1889  1893  1894  1895  1911  1912  1915
  [545]  1929  1930  1951  1952  1955  1970  1972  1976  1987  1994  2016  2017  2018  2019  2020  2021  2022
  [562]  2026  2027  2028  2031  2035  2053  2066  2069  2070  2071  2072  2073  2075  2078  2079  2087  2088
  [579]  2099  2104  2112  2126  2135  2162  2163  2165  2171  2172  2173  2175  2176  2177  2178  2180  2183
  [596]  2200  2202  2204  2212  2242  2246  2247  2250  2253  2255  2268  2274  2277  2285  2287  2288  2289
  [613]  2290  2299  2312  2318  2319  2320  2322  2327  2340  2365  2370  2371  2373  2375  2388  2391  2393
  [630]  2396  2403  2404  2405  2407  2412  2417  2418  2419  2435  2443  2458  2463  2464  2466  2470  2472
  [647]  2475  2479  2489  2491  2492  2493  2497  2499  2501  2503  2507  2509  2510  2511  2512  2515  2516
  [664]  2521  2523  2529  2530  2531  2535  2536  2540  2544  2552  2553  2565  2568  2573  2574  2576  2577
  [681]  2579  2581  2582  2583  2593  2595  2607  2613  2614  2617  2618  2620  2621  2622  2626  2634  2648
  [698]  2649  2662  2688  2693  2694  2697  2704  2707  2708  2709  2710  2715  2716  2720  2721  2723  2725
  [715]  2727  2728  2729  2730  2733  2736  2738  2745  2754  2756  2760  2762  2774  2778  2780  2783  2790
  [732]  2806  2809  2810  2824  2825  2827  2829  2832  2841  2842  2843  2847  2854  2856  2860  2865  2866
  [749]  2867  2868  2869  2870  2874  2887  2894  2910  2912  2923  2929  2931  2934  2935  2936  2937  2938
  [766]  2942  2943  2948  2949  2953  2954  2959  2962  2968  2969  2970  2974  2975  2976  2977  2978  2979
  [783]  2981  2983  2988  2997  3000  3001  3003  3018  3019  3022  3030  3047  3055  3056  3057  3058  3067
  [800]  3070  3074  3077  3079  3084  3086  3088  3091  3093  3104  3111  3126  3130  3131  3132  3148  3153
  [817]  3159  3161  3164  3179  3181  3190  3191  3194  3195  3198  3202  3203  3204  3212  3214  3215  3222
  [834]  3223  3230  3243  3251  3253  3256  3261  3262  3263  3268  3272  3277  3279  3293  3299  3300  3302
  [851]  3305  3306  3307  3309  3311  3313  3315  3322  3330  3343  3349  3357  3360  3377  3398  3399  3405
  [868]  3409  3410  3411  3413  3415  3420  3436  3445  3457  3458  3465  3482  3486  3493  3499  3500  3532
  [885]  3537  3539  3541  3549  3551  3552  3553  3556  3558  3575  3576  3578  3580  3582  3584  3586  3589
  [902]  3598  3600  3602  3603  3605  3612  3621  3624  3628  3639  3641  3642  3646  3649  3650  3651  3652
  [919]  3654  3664  3666  3668  3670  3671  3672  3673  3674  3677  3678  3679  3683  3685  3686  3691  3693
  [936]  3702  3705  3707  3711  3725  3735  3736  3750  3752  3755  3756  3757  3769  3783  3785  3786  3791
  [953]  3793  3794  3797  3798  3816  3818  3819  3822  3823  3829  3832  3833  3834  3835  3836  3841  3850
  [970]  3865  3867  3869  3877  3878  3881  3886  3887  3897  3922  3931  3932  3934  3935  3936  3940  3951
  [987]  3952  3954  3955  3956  3958  3960  3962  3963  3964  3966  3967  3968  3969  3971  3994  3997  4012
 [1004]  4015  4018  4045  4060  4067  4068  4069  4070  4071  4074  4095  4098  4100  4101  4104  4106  4143
 [1021]  4153  4182  4187  4188  4189  4230  4233  4235  4239  4242  4245  4247  4253  4265  4267  4271  4272
 [1038]  4273  4275  4293  4294  4295  4305  4312  4324  4325  4326  4356  4364  4365  4379  4380  4393  4394
 [1055]  4399  4404  4406  4408  4415  4416  4422  4440  4447  4449  4451  4490  4492  4497  4501  4508  4509
 [1072]  4510  4516  4532  4540  4549  4554  4556  4557  4559  4564  4565  4573  4586  4588  4589  4592  4593
 [1089]  4599  4600  4601  4608  4614  4615  4616  4617  4623  4624  4627  4628  4630  4636  4637  4640  4643
 [1106]  4644  4645  4647  4655  4656  4658  4660  4667  4669  4670  4671  4677  4687  4688  4689  4690  4691
 [1123]  4692  4694  4697  4700  4709  4713  4719  4720  4726  4731  4732  4741  4744  4745  4746  4748  4754
 [1140]  4755  4763  4773  4776  4790  4791  4795  4806  4808  4809  4822  4827  4829  4845  4852  4859  4860
 [1157]  4861  4865  4866  4868  4869  4874  4880  4882  4886  4887  4898  4901  4907  4908  4909  4910  4914
 [1174]  4919  4923  4932  4933  4934  4935  4936  4963  4979  4980  4981  4983  4984  4985  4996  4997  4998
 [1191]  5000  5008  5016  5019  5023  5024  5025  5032  5033  5034  5035  5036  5037  5038  5040  5041  5042
 [1208]  5048  5051  5052  5053  5054  5055  5069  5075  5076  5078  5080  5081  5086  5091  5099  5114  5115
 [1225]  5116  5117  5118  5120  5121  5122  5126  5131  5134  5139  5140  5149  5156  5157  5162  5163  5165
 [1242]  5166  5167  5173  5181  5182  5184  5185  5186  5187  5188  5201  5220  5226  5227  5257  5258  5259
 [1259]  5260  5261  5262  5266  5269  5272  5278  5280  5283  5284  5285  5286  5287  5293  5295  5296  5297
 [1276]  5298  5300  5302  5303  5304  5307  5309  5310  5313  5317  5327  5330  5331  5332  5333  5337  5339
 [1293]  5341  5345  5349  5353  5354  5355  5358  5373  5390  5395  5397  5398  5399  5413  5439  5440  5441
 [1310]  5448  5471  5478  5484  5485  5486  5489  5490  5491  5511  5518  5519  5521  5523  5526  5528  5530
 [1327]  5537  5541  5543  5544  5545  5546  5547  5553  5557  5558  5562  5563  5564  5566  5569  5580  5583
 [1344]  5587  5589  5594  5601  5605  5606  5612  5619  5621  5624  5629  5635  5638  5655  5656  5657  5659
 [1361]  5661  5665  5666  5668  5674  5678  5681  5687  5688  5689  5690  5694  5695  5696  5711  5724  5725
 [1378]  5726  5727  5728  5730  5734  5735  5736  5737  5739  5740  5741  5742  5743  5744  5747  5750  5751
 [1395]  5752  5753  5760  5775  5799  5802  5803  5804  5805  5806  5808  5809  5812  5815  5834  5842  5857
 [1412]  5859  5863  5864  5866  5868  5869  5871  5872  5874  5877  5878  5880  5881  5882  5890  5893  5894
 [1429]  5899  5900  5901  5906  5907  5908  5910  5911  5912  5913  5916  5923  5930  5931  5932  5933  5935
 [1446]  5936  5937  5948  5949  5950  5959  5983  5986  5988  5990  5991  5996  6000  6002  6012  6014  6016
 [1463]  6021  6022  6024  6025  6026  6027  6029  6030  6032  6034  6053  6055  6057  6061  6062  6064  6066
 [1480]  6069  6070  6071  6072  6073  6077  6078  6079  6093  6094  6095  6096  6098  6104  6107  6109  6125
 [1497]  6128  6129  6130  6131  6136  6137  6138  6139  6146  6156  6162  6169  6173  6181  6185  6187  6188
 [1514]  6195  6206  6207  6212  6215  6219  6244  6245  6246  6247  6249  6252  6253  6261  6262  6267  6268
 [1531]  6269  6273  6275  6277  6280  6283  6287  6292  6297  6300  6305  6306  6308  6326  6335  6336  6337
 [1548]  6341  6350  6354  6358  6360  6368  6371  6372  6375  6376  6388  6391  6397  6398  6403  6405  6407
 [1565]  6409  6423  6425  6430  6436  6441  6442  6443  6445  6450  6461  6462  6466  6468  6474  6475  6477
 [1582]  6479  6491  6502  6514  6517  6519  6520  6522  6525  6527  6531  6534  6536  6539  6542  6545  6547
 [1599]  6548  6549  6550  6571  6578  6579  6582  6583  6584  6585  6591  6592  6594  6595  6597  6599  6606
 [1616]  6612  6614  6618  6620  6623  6630  6635  6645  6651  6657  6660  6663  6667  6668  6680  6681  6693
 [1633]  6695  6696  6698  6699  6704  6709  6724  6736  6745  6746  6748  6760  6761  6765  6772  6773  6789
 [1650]  6790  6791  6793  6794  6797  6801  6806  6807  6808  6809  6810  6814  6816  6819  6821  6822  6823
 [1667]  6824  6825  6831  6839  6845  6854  6856  6859  6865  6866  6868  6873  6874  6875  6876  6877  6879
 [1684]  6884  6886  6889  6890  6891  6893  6894  6896  6898  6901  6903  6906  6907  6909  6910  6919  6921
 [1701]  6926  6931  6933  6935  6938  6941  6942  6943  6948  6956  6957  6964  6965  6966  6967  6973  6986
 [1718]  6993  7007  7020  7029  7033  7034  7049  7050  7051  7059  7066  7067  7068  7070  7071  7075  7087
 [1735]  7088  7089  7090  7091  7093  7094  7100  7101  7103  7104  7107  7108  7113  7116  7117  7118  7119
 [1752]  7121  7127  7133  7134  7136  7137  7138  7139  7141  7142  7143  7144  7146  7148  7164  7165  7167
 [1769]  7172  7173  7187  7188  7189  7194  7202  7204  7205  7207  7209  7210  7217  7222  7223  7224  7231
 [1786]  7233  7235  7236  7238  7242  7245  7256  7259  7260  7271  7272  7273  7274  7283  7296  7297  7299
 [1803]  7303  7305  7306  7307  7314  7323  7324  7325  7327  7328  7330  7331  7334  7335  7341  7343  7344
 [1820]  7349  7365  7367  7370  7374  7376  7377  7389  7390  7394  7395  7399  7400  7404  7405  7407  7411
 [1837]  7418  7439  7456  7458  7462  7466  7471  7474  7481  7486  7491  7498  7504  7508  7509  7510  7515
 [1854]  7542  7544  7556  7559  7560  7561  7562  7576  7611  7613  7614  7656  7661  7662  7676  7677  7678
 [1871]  7680  7683  7689  7690  7692  7696  7716  7727  7729  7769  7771  7773  7775  7776  7796  7822  7824
 [1888]  7825  7828  7829  7830  7831  7832  7833  7834  7837  7843  7845  7846  7849  7850  7867  7871  7873
 [1905]  7875  7885  7886  7889  7899  7900  7901  7902  7916  7928  7929  7932  7933  7947  7948  7949  7955
 [1922]  7959  7961  7962  7975  7989  7990  7994  7995  7996  8011  8013  8025  8028  8029  8034  8039  8040
 [1939]  8056  8063  8066  8068  8070  8071  8100  8109  8110  8113  8114  8118  8125  8143  8150  8151  8152
 [1956]  8158  8160  8165  8172  8175  8176  8178  8186  8214  8219  8220  8222  8225  8233  8247  8250  8251
 [1973]  8254  8259  8261  8269  8286  8290  8291  8293  8295  8297  8298  8299  8307  8313  8319  8322  8324
 [1990]  8337  8338  8339  8340  8342  8343  8359  8364  8377  8388  8390  8391  8392  8407  8410  8419  8422
 [2007]  8424  8426  8451  8460  8462  8463  8464  8475  8480  8481  8483  8485  8487  8507  8513  8514  8515
 [2024]  8516  8518  8519  8520  8521  8522  8524  8535  8536  8537  8538  8539  8540  8552  8553  8554  8559
 [2041]  8569  8571  8591  8592  8593  8606  8608  8610  8611  8613  8616  8618  8619  8624  8625  8626  8631
 [2058]  8633  8636  8646  8649  8651  8652  8653  8655  8660  8666  8667  8668  8674  8688  8692  8694  8695
 [2075]  8707  8708  8709  8715  8716  8717  8724  8728  8730  8731  8734  8735  8740  8753  8755  8767  8769
 [2092]  8770  8777  8788  8790  8793  8796  8797  8800  8804  8823  8834  8837  8839  8841  8845  8853  8854
 [2109]  8858  8874  8883  8888  8890  8891  8898  8899  8906  8907  8910  8916  8917  8919  8923  8943  8946
 [2126]  8949  8958  8964  8968  8970  8971  8974  8975  8978  8987  8988  8995  8999  9012  9015  9025  9029
 [2143]  9032  9036  9037  9038  9048  9050  9053  9085  9088  9089  9108  9117  9120  9123  9126  9129  9130
 [2160]  9140  9141  9142  9146  9155  9158  9159  9165  9166  9178  9188  9189  9190  9191  9193  9195  9197
 [2177]  9198  9204  9208  9209  9212  9213  9214  9215  9225  9227  9228  9232  9235  9236  9238  9239  9241
 [2194]  9247  9248  9249  9251  9252  9260  9262  9263  9264  9266  9267  9271  9272  9277  9284  9288  9290
 [2211]  9291  9293  9294  9326  9327  9335  9351  9356  9358  9372  9373  9381  9387  9388  9395  9397  9398
 [2228]  9401  9402  9404  9405  9406  9412  9413  9415  9418  9421  9422  9424  9425  9429  9432  9433  9434
 [2245]  9435  9436  9440  9447  9448  9451  9452  9456  9457  9460  9468  9480  9485  9487  9489  9491  9495
 [2262]  9496  9497  9498  9499  9501  9503  9504  9505  9506  9508  9509  9510  9511  9512  9513  9517  9518
 [2279]  9519  9520  9521  9522  9523  9537  9543  9545  9546  9556  9558  9576  9581  9582  9597  9600  9601
 [2296]  9603  9610  9611  9612  9614  9615  9616  9617  9619  9620  9621  9622  9627  9630  9633  9634  9635
 [2313]  9638  9641  9643  9652  9653  9654  9656  9677  9679  9680  9681  9684  9686  9687  9689  9691  9693
 [2330]  9694  9695  9697  9698  9704  9705  9706  9707  9708  9709  9724  9727  9728  9729  9736  9743  9748
 [2347]  9750  9754  9755  9757  9758  9761  9764  9765  9782  9783  9791  9792  9796  9798  9804  9817  9826
 [2364]  9827  9829  9830  9831  9832  9833  9834  9847  9852  9853  9854  9858  9863  9870  9876  9880  9884
 [2381]  9885  9888  9889  9892  9893  9895  9896  9897  9899  9900  9901  9912  9913  9918  9919  9920  9921
 [2398]  9922  9924  9925  9926  9927  9928  9929  9934  9941  9946  9947  9951  9952  9961  9965  9982  9983
 [2415]  9993 10000 10006 10007 10008 10021 10022 10024 10025 10028 10034 10035 10036 10039 10041 10046 10047
 [2432] 10048 10049 10051 10052 10053 10054 10055 10057 10058 10061 10063 10064 10065 10068 10077 10095 10103
 [2449] 10104 10105 10106 10107 10113 10114 10116 10117 10118 10119 10122 10125 10127 10130 10132 10133 10134
 [2466] 10136 10137 10138 10139 10142 10146 10154 10155 10156 10158 10159 10165 10166 10167 10171 10174 10175
 [2483] 10176 10179 10180 10184 10186 10188 10192 10193 10194 10195 10201 10211 10212 10214 10215 10216 10217
 [2500] 10219 10222 10228 10229 10231 10234 10237 10238 10240 10241 10242 10243 10247 10249 10250 10251 10252
 [2517] 10253 10254 10255 10256 10258 10263 10265 10267 10277 10283 10286 10291 10299 10309 10312 10316 10321
 [2534] 10326 10334 10338 10339 10342 10343 10348 10352 10355 10356 10362 10363 10365 10366 10367 10368 10371
 [2551] 10372 10374 10375 10378 10379 10380 10381 10382 10383 10384 10385 10386 10387 10389 10390 10392 10395
 [2568] 10396 10398 10399 10401 10410 10411 10414 10427 10428 10430 10433 10435 10436 10438 10440 10441 10442
 [2585] 10444 10453 10455 10456 10463 10464 10473 10475 10478 10485 10486 10488 10492 10494 10495 10499 10500
 [2602] 10504 10505 10507 10508 10509 10510 10511 10512 10513 10514 10518 10524 10531 10532 10534 10535 10536
 [2619] 10537 10538 10539 10558 10560 10571 10572 10573 10574 10580 10585 10588 10590 10591 10598 10600 10613
 [2636] 10614 10618 10619 10620 10622 10624 10625 10627 10639 10642 10645 10646 10647 10648 10649 10650 10655
 [2653] 10661 10663 10670 10671 10673 10674 10696 10700 10703 10704 10712 10713 10714 10720 10722 10723 10726
 [2670] 10728 10729 10730 10731 10732 10734 10742 10744 10745 10749 10759 10768 10771 10774 10787 10791 10794
 [2687] 10795 10799 10801 10803 10805 10806 10807 10808 10809 10812 10813 10817 10821 10828 10833 10836 10838
 [2704] 10839 10840 10846 10847 10851 10854 10857 10858 10882 10884 10886 10887 10889 10891 10892 10893 10901
 [2721] 10902 10907 10910 10911 10915 10916 10923 10934 10936 10941 10945 10952 10963 10966 10968 10971 10973
 [2738] 10976 10979 10980 10981 10984 10988 10990 11013 11015 11019 11022 11031 11032 11033 11036 11037 11038
 [2755] 11042 11043 11044 11045 11046 11048 11049 11052 11053 11056 11057 11060 11063 11067 11071 11072 11073
 [2772] 11074 11075 11077 11084 11085 11086 11087 11098 11101 11104 11106 11112 11116 11117 11122 11124 11126
 [2789] 11127 11179 11180 11181 11182 11183 11185 11187 11188 11189 11191 11192 11194 11195 11198 11199 11200
 [2806] 11202 11213 11219 11226 11228 11229 11232 11234 11235 11236 11248 11249 11251 11253 11258 11259 11260
 [2823] 11261 11263 11279 11283 11284 11286 11288 11290 11297 11298 11301 11303 11304 11305 11306 11310 11312
 [2840] 11313 11314 11315 11316 11318 11321 11328 11333 11339 11340 11341 11342 11343 11345 11346 11348 11353
 [2857] 11354 11355 11357 11360 11365 11370 11371 11375 11380 11386 11388 11390 11391 11393 11395 11396 11398
 [2874] 11399 11410 11436 11437 11438 11439 11440 11445 11446 11448 11449 11450 11451 11453 11454 11458 11459
 [2891] 11463 11465 11466 11468 11469 11470 11471 11472 11475 11476 11479 11486 11488 11489 11490 11491 11492
 [2908] 11493 11494 11495 11496 11499 11501 11502 11503 11505 11506 11508 11509 11524 11530 11532 11538 11541
 [2925] 11542 11544 11545 11546 11549 11551 11553 11560 11561 11562 11566 11567 11568 11569 11572 11573 11574
 [2942] 11581 11584 11587 11589 11590 11594 11595 11599 11600 11601 11603 11606 11609 11611 11615 11632 11638
 [2959] 11644 11646 11649 11651 11653 11654 11658 11661 11665 11666 11667 11669 11672 11673 11674 11675 11678
 [2976] 11681 11685 11686 11689 11691 11692 11695 11696 11697 11698 11700 11701 11704 11705 11722 11723 11727
 [2993] 11730 11743 11757 11758 11759 11760 11761 11762 11764 11765 11766 11767 11773 11774 11775 11776 11777
 [3010] 11780 11786 11787 11792 11793 11794 11802 11803 11804 11806 11822 11823 11841 11842 11844 11845 11847
 [3027] 11849 11862 11864 11868 11870 11872 11887 11888 11889 11890 11891 11892 11893 11894 11896 11902 11903
 [3044] 11905 11910 11912 11913 11914 11916 11918 11919 11920 11923 11925 11926 11928 11929 11931 11942 11948
 [3061] 11950 11951 11953 11954 11956 11959 11960 11968 11972 11981 12007 12008 12012 12015 12016 12017 12018
 [3078] 12019 12027 12032 12034 12035 12036 12043 12045 12046 12047 12048 12050 12052 12056 12058 12067 12070
 [3095] 12073 12075 12077 12080 12081 12085 12086 12087 12088 12091 12101 12102 12110 12111 12112 12113 12114
 [3112] 12117 12118 12119 12121 12129 12134 12135 12136 12137 12147 12162 12163 12164 12168 12169 12172 12173
 [3129] 12176 12177 12178 12179 12180 12181 12182 12188 12189 12191 12192 12194 12196 12200 12206 12215 12216
 [3146] 12218 12219 12220 12221 12235 12239 12242 12244 12246 12251 12253 12254 12255 12256 12257 12261 12262
 [3163] 12263 12265 12269 12273 12275 12276 12277 12280 12282 12293 12295 12296 12297 12299 12303 12308 12309
 [3180] 12313 12315 12316 12317 12318 12321 12323 12325 12331 12339 12345 12346 12348 12349 12350 12352 12355
 [3197] 12356 12358 12359 12361 12362 12364 12366 12377 12389 12391 12399 12422 12423 12424 12426 12428 12445
 [3214] 12454 12458 12459 12461 12463 12464 12465 12466 12473 12475 12483 12485 12486 12487 12501 12521 12535
 [3231] 12549 12551 12552 12556 12557 12558 12560 12565 12568 12574 12578 12581 12582 12583 12584 12587 12588
 [3248] 12589 12590 12591 12598 12605 12606 12612 12613 12619 12625 12633 12636 12637 12644 12648 12650 12659
 [3265] 12661 12664 12667 12669 12670 12671 12674 12675 12677 12678 12684 12685 12686 12691 12706 12707 12709
 [3282] 12710 12712 12724 12726 12727 12730 12733 12734 12735 12736 12739 12747 12756 12759 12760 12766 12767
 [3299] 12768 12773 12775 12780 12781 12783 12785 12786 12787 12788 12789 12794 12807 12811 12822 12824 12833
 [3316] 12836 12838 12839 12840 12846 12850 12856 12858 12860 12861 12871 12874 12879 12883 12884 12885 12886
 [3333] 12887 12888 12889 12891 12892 12893 12899 12902 12903 12904 12905 12916 12918 12920 12921 12922 12924
 [3350] 12925 12926 12927 12934 12935 12943 12944 12952 12954 12955 12956 12959 12963 12964 12965 12966 12969
 [3367] 12973 12974 12976 12977 12978 12979 12980 12987 12994 12996 12997 12999 13002 13003 13026 13029 13030
 [3384] 13038 13042 13044 13052 13060 13061 13074 13079 13082 13084 13086 13088 13093 13097 13100 13104 13105
 [3401] 13106 13107 13108 13112 13117 13123 13143 13145 13156 13158 13160 13164 13166 13170 13171 13175 13177
 [3418] 13179 13180 13181 13182 13183 13184 13194 13198 13200 13221 13232 13233 13235 13236 13238 13239 13240
 [3435] 13242 13247 13253 13254 13255 13256 13264 13265 13266 13267 13277 13288 13291 13292 13293 13294 13297
 [3452] 13306 13309 13310 13312 13313 13314 13315 13317 13324 13331 13332 13333 13338 13339 13341 13342 13343
 [3469] 13345 13356 13357 13368 13371 13372 13378 13381 13382 13384 13386 13387 13389 13390 13393 13396 13400
 [3486] 13404 13406 13437 13438 13440 13442 13443 13446 13449 13450 13454 13456 13458 13461 13465 13469 13471
 [3503] 13473 13479 13484 13485 13489 13510 13518 13519 13520 13522 13523 13528 13530 13531 13532 13533 13535
 [3520] 13539 13544 13557 13567 13569 13571 13581 13587 13588 13592 13593 13594 13595 13596 13603 13604 13606
 [3537] 13609 13610 13611 13614 13617 13625 13631 13639 13641 13642 13644 13645 13647 13648 13659 13660 13665
 [3554] 13675 13680 13687 13689 13691 13693 13695 13699 13700 13703 13707 13708 13709 13721 13725 13730 13731
 [3571] 13736 13737 13741 13745 13746 13753 13755 13756 13758 13766 13770 13774 13775 13776 13777 13778 13779
 [3588] 13780 13783 13788 13793 13796 13812 13814 13815 13816 13827 13830 13834 13835 13836 13838 13843 13847
 [3605] 13854 13856 13862 13863 13864 13868 13875 13876 13877 13879 13880 13881 13882 13886 13890 13896 13899
 [3622] 13912 13926 13927 13930 13936 13939 13945 13947 13948 13949 13974 13985 13988 13992 13993 13996 13998
 [3639] 13999 14002 14003 14007 14010 14016 14019 14024 14025 14031 14047 14048 14051 14052 14058 14061 14063
 [3656] 14070 14074 14075 14082 14089 14090 14103 14104 14105 14110 14112 14114 14115 14118 14138 14141 14143
 [3673] 14144 14145 14147 14148 14150 14152 14154 14162 14163 14173 14177 14188 14189 14191 14192 14193 14208
 [3690] 14209 14220 14221 14223 14224 14227 14229 14230 14231 14232 14233 14236 14239 14240 14243 14244 14245
 [3707] 14258 14260 14262 14263 14265 14266 14268 14269 14270 14271 14272 14273 14276 14277 14278 14284 14285
 [3724] 14290 14291 14292 14293 14294 14295 14298 14313 14314 14315 14319 14320 14321 14322 14323 14324 14325
 [3741] 14326 14328 14329 14330 14331 14347 14349 14350 14351 14353 14355 14362 14364 14370 14372 14406 14407
 [3758] 14412 14413 14415 14417 14419 14421 14423 14424 14426 14431 14432 14434 14437 14442 14443 14444 14445
 [3775] 14446 14447 14448 14449 14454 14455 14456 14470 14471 14472 14473 14474 14475 14476 14477 14478 14479
 [3792] 14491 14498 14499 14502 14505 14506 14513 14517 14519 14549 14550 14551 14552 14555 14557 14558 14560
 [3809] 14568 14572 14574 14576 14578 14594 14596 14598 14599 14602 14632 14640 14660 14668 14675 14676 14677
 [3826] 14678 14682 14686 14688 14690 14691 14695 14727 14734 14737 14761 14775 14776 14777 14778 14779 14796
 [3843] 14797 14799 14824 14828 14837 14842 14844 14846 14848 14849 14850 14853 14855 14856 14859 14864 14865
 [3860] 14882 14884 14886 14887 14889 14897 14903 14917 14925 14929 14930 14931 14932 14933 14935 14937 14939
 [3877] 14940 14941 14943 14946 14952 14956 14958 14959 14962 14965 14966 14968 14978 14979 14980 14981 14985
 [3894] 14999 15002 15003 15004 15011 15012 15013 15015 15017 15020 15021 15022 15024 15028 15035 15036 15037
 [3911] 15059 15069 15110 15111 15112 15113 15114 15117 15121 15123 15125 15126 15127 15128 15129 15132 15134
 [3928] 15135 15136 15137 15139 15142 15144 15146 15147 15148 15149 15150 15152 15153 15156 15163 15169 15183
 [3945] 15206 15207 15209 15210 15211 15213 15214 15233 15239 15240 15241 15242 15243 15244 15245 15247 15248
 [3962] 15249 15251 15252 15253 15257 15260 15263 15265 15267 15268 15270 15272 15275 15276 15278 15282 15284
 [3979] 15290 15296 15297 15298 15303 15304 15315 15317 15318 15319 15320 15321 15324 15325 15326 15329 15330
 [3996] 15339 15343 15344 15348 15351 15357 15359 15361 15384 15421 15426 15429 15431 15432 15436 15438 15441
 [4013] 15442 15443 15444 15446 15448 15449 15452 15454 15464 15465 15467 15469 15473 15482 15484 15485 15487
 [4030] 15488 15492 15494 15495 15496 15499 15501 15502 15509 15511 15512 15513 15514 15516 15517 15519 15522
 [4047] 15523 15524 15539 15553 15554 15555 15556 15563 15564 15577 15578 15579 15580 15586 15587 15589 15590
 [4064] 15592 15593 15600 15607 15608 15611 15613 15623 15626 15627 15629 15639 15648 15655 15658 15662 15663
 [4081] 15666 15667 15668 15696 15697 15698 15699 15701 15702 15703 15704 15705 15711 15720 15723 15724 15734
 [4098] 15735 15737 15745 15746 15757 15758 15764 15765 15776 15777 15778 15780 15787 15796 15800 15803 15804
 [4115] 15810 15812 15813 15817 15818 15820 15821 15824 15829 15840 15846 15853 15854 15855 15857 15862 15876
 [4132] 15877 15878 15882 15883 15889 15894 15896 15905 15907 15908 15909 15910 15912 15916 15940 15941 15942
 [4149] 15943 15944 15947 15948 15949 15951 15953 15956 15957 15958 15960 15962 15963 15964 15965 15966 15983
 [4166] 15984 15990 15993 15997 15999 16001 16002 16003 16004 16007 16008 16009 16024 16025 16026 16028 16032
 [4183] 16033 16057 16059 16060 16061 16075 16076 16077 16078 16080 16081 16089 16092 16095 16096 16098 16102
 [4200] 16103 16105 16107 16111 16112 16113 16115 16128 16132 16139 16143 16144 16150 16151 16153 16156 16172
 [4217] 16178 16179 16180 16181 16183 16184 16185 16187 16190 16199 16200 16232 16241 16262 16263 16264 16265
 [4234] 16266 16267 16268 16278 16282 16283 16285 16304 16311 16312 16318 16319 16320 16322 16326 16327 16329
 [4251] 16335 16356 16359 16376 16382 16386 16387 16388 16390 16394 16395 16404 16405 16426 16428 16437 16439
 [4268] 16440 16441 16442 16443 16444 16446 16448 16449 16455 16456 16458 16460 16466 16470 16471 16473 16479
 [4285] 16487 16500 16501 16509 16512 16529 16531 16534 16536 16542 16545 16551 16554 16556 16557 16561 16562
 [4302] 16571 16578 16579 16580 16582 16584 16587 16588 16589 16596 16597 16598 16599 16600 16601 16604 16605
 [4319] 16608 16620 16622 16623 16625 16626 16629 16638 16665 16667 16668 16669 16670 16671 16673 16674 16675
 [4336] 16676 16677 16684 16686 16687 16688 16693 16702 16705 16710 16711 16713 16726 16727 16739 16741 16747
 [4353] 16749 16773 16776 16777 16778 16779 16796 16810 16812 16815 16816 16817 16820 16821 16823 16824 16825
 [4370] 16826 16832 16833 16834 16835 16836 16837 16839 16840 16842 16843 16845 16847 16848 16849 16850 16852
 [4387] 16857 16858 16860 16861 16863 16876 16878 16882 16893 16895 16897 16899 16912 16914 16920 16923 16925
 [4404] 16927 16930 16938 16939 16965 16969 16970 16971 16974 16975 16976 16977 16978 16979 16980 16981 16985
 [4421] 16989 16990 16992 16996 16997 16998 17000 17004 17006 17007 17010 17011 17012 17015 17016 17022 17023
 [4438] 17030 17031 17032 17034 17035 17064 17067 17068 17069 17073 17074 17075 17076 17077 17080 17085 17089
 [4455] 17091 17094 17096 17097 17098 17099 17101 17102 17103 17109 17115 17117 17118 17119 17122 17123 17128
 [4472] 17135 17137 17146 17151 17152 17153 17154 17155 17160 17161 17162 17168 17171 17183 17184 17185 17186
 [4489] 17190 17191 17193 17194 17195 17197 17200 17206 17207 17208 17209 17211 17212 17214 17216 17217 17218
 [4506] 17219 17220 17222 17235 17237 17240 17242 17243 17246 17247 17253 17254 17271 17272 17273 17280 17281
 [4523] 17282 17284 17285 17286 17287 17288 17291 17295 17298 17300 17301 17302 17303 17304 17305 17306 17308
 [4540] 17309 17310 17313 17317 17318 17322 17325 17326 17327 17328 17330 17335 17338 17341 17350 17364 17366
 [4557] 17392 17393 17396 17409 17430 17432 17436 17452 17457 17459 17461 17462 17463 17465 17466 17467 17482
 [4574] 17496 17497 17499 17503 17504 17512 17517 17518 17519 17520 17523 17524 17525 17526 17566 17567 17568
 [4591] 17569 17574 17576 17577 17586 17592 17593 17594 17598 17600 17602 17603 17609 17610 17611 17612 17613
 [4608] 17614 17615 17616 17617 17618 17619 17622 17623 17627 17629 17637 17642 17644 17657 17658 17670 17672
 [4625] 17675 17694 17696 17700 17713 17715 17716 17723 17727 17728 17729 17731 17732 17751 17764 17806 17825
 [4642] 17826 17827 17828 17839 17841 17844 17845 17846 17856 17857 17858 17859 17861 17862 17878 17884 17886
 [4659] 17887 17889 17910 17911 17912 17913 17915 17918 17922 17923 17942 17944 17978 17984 17986 17991 17992
 [4676] 17993 17994 17997 18013 18014 18020 18021 18022 18035 18048 18070 18071 18074 18075 18076 18078 18079
 [4693] 18080 18081 18083 18084 18088 18089 18091 18093 18094 18098 18103 18105 18106 18107 18109 18111 18115
 [4710] 18116 18117 18118 18121 18122 18131 18140 18154 18155 18157 18158 18233 18258 18269 18270 18272 18279
 [4727] 18287 18289 18290 18301 18302 18305 18307 18313 18314 18315 18317 18318 18319 18324 18327 18330 18333
 [4744] 18338 18339 18344 18346 18349 18351 18358 18360 18361 18362 18389 18399 18402 18411 18412 18414 18418
 [4761] 18420 18421 18422 18428 18429 18430 18433 18441 18445 18450 18453 18456 18466 18470 18471 18472 18473
 [4778] 18474 18475 18479 18492 18494 18503 18506 18531 18532 18536 18537 18538 18539 18543 18544 18546 18547
 [4795] 18550 18554 18555 18558 18564 18587 18591 18609 18619 18621 18625 18626 18627 18642 18646 18650 18652
 [4812] 18655 18657 18667 18672 18673 18674 18686 18688 18693 18695 18698 18700 18701 18703 18708 18709 18712
 [4829] 18713 18716 18722 18726 18728 18729 18731 18734 18738 18743 18747 18756 18757 18758 18759 18760 18766
 [4846] 18768 18773 18777 18779 18783 18786 18787 18792 18796 18797 18798 18799 18800 18809 18810 18816 18817
 [4863] 18819 18820 18821 18822 18823 18825 18827 18831 18833 18838 18839 18840 18842 18844 18848 18850 18853
 [4880] 18856 18860 18861 18862 18866 18867 18868 18869 18871 18887 18891 18892 18893 18907 18912 18915 18916
 [4897] 18919 18928 18929 18944 18946 18947 18948 18949 18950 18951 18952 18953 18959 18962 18963 18966 18967
 [4914] 18968 18974 18975 18976 18983 18987 19001 19006 19007 19009 19011 19013 19014 19015 19018 19021 19022
 [4931] 19025 19027 19028 19029 19032 19034 19039 19055 19063 19064 19066 19075 19076 19079 19094 19096 19098
 [4948] 19101 19125 19146 19147 19150 19151 19152 19155 19158 19164 19166 19169 19175 19179 19180 19182 19185
 [4965] 19188 19189 19197 19200 19204 19208 19210 19216 19219 19220 19232 19236 19240 19241 19245 19248 19262
 [4982] 19267 19268 19274 19275 19280 19291 19297 19298 19299 19300 19301 19311 19314 19317 19320 19323 19328
 [4999] 19330 19335 19338 19340 19343 19345 19355 19356 19361 19365 19371 19385 19399 19401 19402 19406 19415
 [5016] 19418 19419 19422 19424 19425 19426 19429 19431 19435 19440 19443 19444 19445 19452 19461 19462 19470
 [5033] 19472 19475 19478 19480 19487 19492 19498 19504 19506 19507 19519 19533 19534 19539 19540 19556 19563
 [5050] 19565 19572 19574 19588 19589 19590 19593 19594 19595 19596 19597 19600 19605 19623 19630 19631 19633
 [5067] 19634 19637 19638 19639 19640 19645 19647 19648 19655 19664 19665 19667 19670 19672 19682 19712 19714
 [5084] 19725 19727 19732 19733 19735 19751 19773 19774 19776 19779 19781 19782 19787 19789 19791 19792 19796
 [5101] 19803 19808 19810 19813 19815 19817 19819 19828 19834 19840 19855 19862 19867 19876 19877 19879 19891
 [5118] 19893 19894 19901 19902 19904 19906 19907 19913 19928 19931 19938 19952 19957 19958 19962 19969 19977
 [5135] 19980 19982 19983 19988 19990 19998 19999 20000 20002 20004 20019 20020 20027 20028 20029 20036 20052
 [5152] 20054 20055 20067 20070 20071 20072 20073 20074 20076 20077 20078 20080 20083 20090 20091 20094 20097
 [5169] 20098 20102 20124 20125 20132 20133 20134 20135 20141 20142 20143 20145 20146 20153 20158 20162 20169
 [5186] 20170 20176 20191 20195 20199 20200 20203 20204 20218 20221 20227 20241 20248 20255 20256 20257 20259
 [5203] 20260 20262 20264 20266 20269 20270 20279 20282 20283 20284 20288 20294 20295 20296 20301 20304 20305
 [5220] 20306 20312 20313 20317 20325 20326 20328 20329 20330 20336 20337 20340 20344 20345 20348 20355 20371
 [5237] 20375 20389 20393 20409 20418 20431 20432 20433 20434 20435 20436 20437 20438 20439 20440 20447 20462
 [5254] 20466 20469 20470 20476 20477 20484 20485 20488 20505 20506 20508 20519 20520 20540 20548 20564 20570
 [5271] 20592 20594 20596 20597 20599 20605 20612 20624 20626 20635 20643 20671 20681 20682 20683 20685 20686
 [5288] 20689 20690 20702 20714 20716 20717 20720 20722 20724 20726 20727 20728 20730 20733 20734 20737 20739
 [5305] 20742 20743 20749 20751 20764 20766 20767 20775 20780 20785 20787 20804 20809 20810 20811 20819 20823
 [5322] 20825 20830 20831 20839 20846 20847 20854 20856 20888 20903 20904 20910 20917 20918 20921 20923 20924
 [5339] 20929 20940 20947 20950 20953 20954 20957 20958 20959 20960 20968 20970 20971 20974 20978 20979 20982
 [5356] 20984 20987 20993 20997 21002 21007 21010 21011 21012 21015 21016 21018 21019 21020 21021 21022 21025
 [5373] 21026 21029 21048 21049 21051 21061 21063 21066 21071 21079 21080 21081 21082 21108 21110 21111 21112
 [5390] 21113 21116 21120 21129 21136 21137 21138 21150 21155 21170 21172 21173 21174 21179 21180 21181 21182
 [5407] 21190 21198 21199 21204 21207 21212 21215 21217 21222 21227 21228 21233 21235 21238 21239 21240 21241
 [5424] 21242 21243 21244 21245 21246 21247 21248 21249 21250 21253 21277 21284 21285 21286 21313 21316 21326
 [5441] 21330 21333 21340 21345 21350 21353 21356 21359 21367 21369 21373 21375 21376 21385 21386 21387 21391
 [5458] 21392 21394 21408 21409 21410 21418 21419 21420 21424 21427 21431 21433 21435 21436 21437 21438 21440
 [5475] 21441 21443 21447 21452 21454 21455 21457 21460 21461 21463 21465 21468 21475 21476 21477 21479 21482
 [5492] 21483 21484 21486 21487 21488 21489 21490 21503 21505 21506 21509 21526 21531 21532 21533 21534 21535
 [5509] 21548 21566 21570 21582 21584 21587 21588 21598 21604 21606 21609 21617 21618 21619 21620 21633 21634
 [5526] 21635 21636 21637 21638 21639 21640 21642 21646 21647 21649 21651 21653 21654 21655 21657 21662 21663
 [5543] 21671 21673 21675 21687 21688 21695 21697 21698 21699 21706 21707 21708 21709 21710 21713 21726 21727
 [5560] 21728 21729 21733 21735 21736 21738 21739 21740 21752 21754 21756 21757 21758 21760 21763 21764 21766
 [5577] 21768 21769 21775 21778 21782 21784 21785 21788 21789 21809 21813 21816 21820 21827 21832 21840 21846
 [5594] 21850 21851 21852 21854 21855 21856 21859 21877 21894 21895 21896 21902 21904 21905 21914 21919 21920
 [5611] 21931 21936 21949 21950 21951 21953 21959 21960 21961 21965 21970 21983 21985 21987 21988 21994 21997
 [5628] 21998 22001 22004 22008 22011 22016 22019 22030 22031 22080 22082 22089 22090 22091 22094 22098 22109
 [5645] 22122 22126 22132 22156 22157 22158 22159 22162 22165 22166 22170 22173 22174 22175 22180 22184 22186
 [5662] 22187 22195 22196 22197 22198 22200 22202 22212 22214 22215 22216 22217 22218 22219 22220 22221 22222
 [5679] 22223 22230 22233 22235 22238 22240 22242 22243 22249 22251 22257 22259 22260 22262 22263 22271 22272
 [5696] 22273 22275 22277 22279 22281 22282 22283 22286 22292 22294 22303 22322 22337 22338 22339 22340 22342
 [5713] 22344 22349 22350 22353 22354 22359 22360 22363 22364 22365 22366 22371 22373 22375 22376 22385 22401
 [5730] 22409 22410 22412 22414 22415 22417 22419 22422 22426 22439 22444 22450 22452 22454 22455 22456 22457
 [5747] 22460 22462 22471 22474 22476 22489 22493 22511 22512 22517 22529 22530 22531 22532 22533 22545 22547
 [5764] 22551 22552 22553 22554 22555 22557 22565 22566 22567 22568 22571 22575 22576 22578 22579 22582 22586
 [5781] 22588 22589 22591 22592 22594 22597 22608 22609 22615 22617 22624 22627 22629 22630 22632 22637 22652
 [5798] 22653 22654 22657 22659 22664 22676 22677 22678 22680 22682 22683 22685 22692 22694 22695 22696 22698
 [5815] 22700 22702 22706 22710 22711 22712 22714 22730 22741 22742 22743 22747 22752 22756 22759 22771 22773
 [5832] 22775 22778 22779 22781 22782 22790 22799 22822 22823 22825 22828 22839 22841 22844 22845 22846 22849
 [5849] 22854 22855 22857 22860 22863 22880 22892 22899 22903 22904 22909 22919 22922 22934 22939 22946 22947
 [5866] 22948 22949 22952 22953 22958 22961 22963 22965 22966 22971 22974 22982 22992 22999 23000 23002 23003
 [5883] 23009 23018 23041 23046 23058 23059 23060 23062 23090 23093 23094 23100 23108 23111 23114 23119 23122
 [5900] 23125 23128 23138 23139 23142 23144 23147 23149 23155 23156 23157 23158 23160 23175 23176 23178 23179
 [5917] 23182 23183 23205 23207 23208 23209 23210 23213 23222 23223 23224 23229 23231 23232 23234 23237 23238
 [5934] 23242 23244 23246 23248 23252 23253 23257 23260 23261 23262 23263 23265 23266 23267 23268 23269 23271
 [5951] 23272 23273 23275 23276 23288 23292 23297 23317 23323 23328 23334 23336 23337 23341 23342 23343 23356
 [5968] 23367 23368 23372 23374 23376 23377 23385 23388 23391 23394 23395 23396 23397 23398 23404 23406 23407
 [5985] 23408 23409 23411 23414 23422 23426 23428 23430 23432 23439 23447 23449 23452 23453 23454 23457 23467
 [6002] 23468 23469 23473 23476 23478 23483 23484 23485 23487 23489 23490 23509 23513 23518 23519 23520 23521
 [6019] 23527 23533 23534 23548 23551 23552 23553 23559 23575 23576 23577 23579 23598 23600 23601 23606 23610
 [6036] 23611 23612 23616 23621 23622 23626 23630 23632 23633 23634 23635 23637 23639 23644 23645 23646 23661
 [6053] 23663 23667 23669 23672 23676 23678 23679 23680 23682 23683 23684 23692 23694 23700 23702 23704 23710
 [6070] 23725 23726 23727 23728 23734 23735 23745 23754 23757 23772 23773 23774 23775 23785 23787 23788 23789
 [6087] 23790 23791 23793 23794 23795 23796 23797 23798 23806 23807 23808 23811 23820 23826 23828 23839 23840
 [6104] 23841 23854 23869 23871 23872 23873 23879 23882 23885 23889 23890 23894 23898 23899 23905 23921 23931
 [6121] 23935 23936 23937 23939 23940 23942 23945 23946 23948 23953 23959 23968 23970 23974 23975 23976 23981
 [6138] 23982 23985 23987 23988 23991 24009 24010 24016 24025 24026 24028 24035 24046 24047 24048 24049 24061
 [6155] 24067 24071 24077 24079 24080 24082 24085 24090 24091 24094 24095 24101 24102 24104 24110 24126 24130
 [6172] 24131 24136 24139 24140 24146 24150 24154 24157 24166 24168 24171 24172 24173 24177 24178 24183 24206
 [6189] 24207 24208 24210 24214 24221 24224 24228 24236 24237 24238 24239 24241 24244 24246 24260 24264 24265
 [6206] 24269 24270 24272 24273 24283 24288 24294 24295 24329 24331 24332 24333 24334 24339 24346 24348 24350
 [6223] 24351 24352 24354 24356 24359 24362 24363 24364 24365 24367 24368 24369 24371 24374 24375 24377 24378
 [6240] 24379 24393 24395 24397 24406 24413 24414 24415 24416 24417 24418 24419 24423 24424 24426 24427 24430
 [6257] 24431 24432 24436 24437 24438 24439 24452 24454 24457 24463 24464 24465 24466 24493 24500 24501 24502
 [6274] 24503 24505 24506 24518 24523 24527 24529 24530 24532 24533 24534 24535 24536 24538 24539 24540 24544
 [6291] 24552 24553 24555 24561 24574 24575 24578 24579 24587 24597 24605 24616 24618 24619 24620 24621 24622
 [6308] 24623 24624 24625 24627 24628 24630 24631 24637 24644 24645 24648 24649 24650 24653 24654 24655 24656
 [6325] 24657 24658 24659 24665 24671 24672 24673 24675 24680 24687 24691 24695 24696 24702 24708 24710 24711
 [6342] 24713 24714 24715 24716 24717 24718 24720 24721 24722 24725 24726 24728 24730 24735 24736 24738 24739
 [6359] 24740 24743 24745 24746 24750 24751 24752 24754 24755 24756 24757 24760 24761 24782 24788 24797 24798
 [6376] 24800 24801 24810 24812 24815 24816 24817 24821 24826 24830 24837 24849 24853 24859 24864 24865 24867
 [6393] 24869 24870 24880 24883 24884 24890 24892 24905 24906 24909 24914 24922 24923 24926 24927 24929 24930
 [6410] 24931 24951 24967 24970 24972 24974 24978 24981 24987 24993 24996 24997 24998 25017 25018 25019 25020
 [6427] 25021 25024 25027 25031 25032 25037 25049 25055 25063 25065 25066 25067 25069 25070 25073 25074 25075
 [6444] 25077 25078 25079 25080 25081 25082 25087 25088 25090 25092 25093 25096 25107 25119 25121 25122 25127
 [6461] 25132 25141 25143 25146 25147 25152 25157 25159 25160 25161 25162 25164 25165 25166 25175 25178 25187
 [6478] 25189 25193 25195 25196 25197 25200 25201 25202 25209 25210 25211 25212 25214 25215 25219 25221 25223
 [6495] 25225 25230 25231 25240 25265 25266 25268 25271 25302 25305 25308 25309 25311 25317 25325 25334 25335
 [6512] 25336 25337 25338 25339 25348 25354 25355 25361 25362 25363 25365 25370 25372 25373 25380 25381 25384
 [6529] 25385 25386 25391 25395 25397 25398 25401 25405 25407 25417 25429 25430 25431 25452 25456 25461 25464
 [6546] 25467 25473 25477 25481 25482 25496 25498 25500 25501 25502 25503 25505 25512 25513 25514 25517 25526
 [6563] 25528 25529 25530 25537 25549 25550 25562 25564 25566 25571 25585 25587 25592 25596 25598 25602 25606
 [6580] 25607 25608 25612 25617 25621 25623 25624 25625 25629 25631 25645 25647 25648 25649 25650 25652 25655
 [6597] 25657 25663 25667 25668 25669 25670 25672 25673 25678 25683 25686 25689 25690 25691 25693 25703 25710
 [6614] 25711 25714 25716 25718 25720 25721 25722 25723 25724 25735 25736 25746 25751 25752 25753 25762 25763
 [6631] 25773 25779 25788 25792 25794 25796 25806 25809 25811 25814 25837 25840 25844 25845 25847 25848 25849
 [6648] 25850 25851 25852 25853 25855 25863 25864 25866 25867 25880 25887 25889 25890 25891 25893 25895 25897
 [6665] 25902 25905 25906 25915 25919 25920 25921 25922 25923 25924 25935 25939 25941 25944 25948 25950 25951
 [6682] 25963 25966 25972 25973 25974 25977 25978 25980 25981 25985 25986 25988 25989 25997 26000 26002 26003
 [6699] 26004 26007 26018 26026 26029 26032 26034 26037 26039 26044 26045 26048 26049 26051 26059 26060 26061
 [6716] 26066 26077 26078 26086 26094 26095 26098 26157 26166 26167 26170 26182 26183 26187 26201 26202 26204
 [6733] 26205 26206 26208 26209 26211 26213 26214 26215 26216 26217 26220 26223 26224 26226 26227 26230 26241
 [6750] 26242 26243 26245 26252 26258 26259 26275 26276 26277 26278 26280 26283 26289 26290 26291 26299 26305
 [6767] 26307 26308 26309 26311 26312 26313 26316 26317 26320 26323 26324 26330 26335 26337 26341 26342 26346
 [6784] 26347 26348 26349 26350 26357 26359 26360 26361 26363 26365 26375 26385 26391 26395 26396 26399 26408
 [6801] 26416 26419 26423 26431 26435 26443 26447 26448 26449 26450 26451 26470 26491 26492 26493 26511 26513
 [6818] 26520 26530 26536 26537 26538 26540 26541 26543 26549 26551 26552 26553 26557 26558 26561 26565 26566
 [6835] 26567 26568 26572 26573 26575 26581 26582 26583 26584 26585 26587 26593 26596 26606 26608 26609 26610
 [6852] 26611 26612 26613 26619 26630 26631 26637 26640 26641 26642 26643 26646 26648 26650 26651 26652 26653
 [6869] 26654 26657 26658 26661 26662 26666 26672 26673 26674 26675 26676 26677 26678 26679 26680 26681 26682
 [6886] 26683 26684 26685 26687 26688 26689 26690 26691 26693 26694 26696 26697 26698 26699 26700 26711 26715
 [6903] 26720 26721 26726 26728 26729 26734 26749 26769 26771 26772 26774 26784 26785 26801 26802 26805 26806
 [6920] 26807 26811 26817 26829 26859 26861 26870 26871 26873 26875 26916 26917 26920 26924 26925 26927 26928
 [6937] 26930 26932 26947 26948 26949 26950 26954 26956 26957 26958 26959 26965 26976 26999 27005 27006 27008
 [6954] 27012 27023 27024 27029 27030 27031 27034 27036 27039 27042 27044 27045 27052 27053 27056 27062 27066
 [6971] 27070 27075 27088 27095 27103 27104 27141 27145 27147 27149 27155 27156 27157 27158 27159 27161 27162
 [6988] 27163 27165 27167 27173 27174 27176 27178 27195 27198 27199 27200 27203 27207 27214 27216 27217 27219
 [7005] 27222 27229 27230 27231 27232 27237 27238 27239 27240 27241 27242 27243 27256 27257 27264 27265 27269
 [7022] 27270 27273 27278 27284 27285 27289 27294 27296 27297 27298 27309 27318 27330 27331 27332 27333 27365
 [7039] 27366 27368 27369 27372 27373 27374 27375 27376 27380 27381 27382 27383 27385 27386 27388 27391 27392
 [7056] 27393 27394 27395 27397 27399 27400 27401 27407 27408 27409 27411 27412 27414 27430 27436 27438 27440
 [7073] 27441 27443 27444 27445 27446 27453 27460 27461 27464 27465 27468 27469 27473 27476 27478 27480 27481
 [7090] 27482 27483 27489 27490 27491 27495 27497 27498 27501 27502 27503 27504 27505 27506 27510 27511 27516
 [7107] 27519 27521 27525 27526 27527 27528 27529 27551 27552 27557 27558 27559 27560 27561 27570 27590 27593
 [7124] 27597 27598 27599 27604 27606 27607 27608 27613 27614 27615 27616 27617 27618 27619 27620 27621 27622
 [7141] 27624 27626 27627 27661 27662 27669 27670 27672 27674 27677 27684 27685 27687 27689 27694 27695 27700
 [7158] 27709 27712 27715 27722 27725 27726 27729 27736 27737 27739 27740 27741 27750 27757 27773 27774 27782
 [7175] 27783 27787 27788 27789 27790 27800 27805 27806 27807 27808 27809 27810 27812 27813 27814 27815 27817
 [7192] 27833 27834 27835 27836 27838 27841 27843 27849 27851 27853 27854 27855 27856 27857 27858 27865 27874
 [7209] 27876 27877 27878 27879 27880 27881 27882 27883 27896 27903 27904 27905 27906 27913 27915 27921 27923
 [7226] 27924 27927 27928 27950 27952 27953 27954 27957 27958 27965 27967 27970 27980 27983 27986 27987 27988
 [7243] 27992 27996 27998 28005 28006 28013 28014 28018 28019 28025 28026 28027 28031 28032 28035 28036 28039
 [7260] 28040 28041 28043 28044 28047 28051 28053 28056 28057 28062 28064 28066 28068 28083 28086 28091 28096
 [7277] 28098 28100 28101 28102 28116 28145 28154 28157 28160 28161 28162 28163 28164 28166 28167 28171 28172
 [7294] 28173 28174 28176 28207 28212 28219 28221 28227 28229 28238 28255 28257 28261 28275 28291 28294 28297
 [7311] 28311 28324 28325 28329 28331 28335 28341 28374 28380 28382 28384 28402 28414 28418 28427 28429 28438
 [7328] 28439 28442 28443 28444 28447 28453 28454 28455 28456 28457 28458 28464 28473 28478 28479 28482 28483
 [7345] 28485 28492 28493 28496 28499 28500 28501 28502 28503 28506 28507 28527 28528 28532 28533 28534 28536
 [7362] 28561 28563 28564 28566 28569 28571 28575 28577 28588 28589 28592 28599 28600 28601 28602 28611 28615
 [7379] 28618 28626 28627 28629 28631 28634 28635 28636 28639 28645 28677 28685 28686 28694 28698 28699 28700
 [7396] 28701 28703 28704 28706 28722 28724 28744 28757 28761 28769 28779 28780 28784 28799 28800 28801 28802
 [7413] 28803 28805 28806 28807 28808 28809 28812 28840 28843 28844 28847 28849 28858 28873 28875 28876 28881
 [7430] 28884 28890 28894 28898 28899 28907 28910 28919 28920 28929 28931 28933 28934 28958 28965 28966 28969
 [7447] 28972 28973 28976 28977 28978 28979 28980 28984 28986 28993 29000 29001 29007 29010 29012 29014 29019
 [7464] 29020 29023 29025 29026 29027 29028 29033 29046 29050 29054 29077 29078 29079 29080 29081 29107 29109
 [7481] 29113 29122 29124 29125 29127 29129 29130 29131 29136 29141 29142 29143 29146 29149 29163 29165 29167
 [7498] 29174 29176 29181 29183 29185 29186 29187 29188 29191 29195 29202 29209 29210 29218 29220 29225 29230
 [7515] 29232 29233 29234 29235 29238 29240 29243 29248 29250 29252 29253 29277 29279 29283 29284 29298 29299
 [7532] 29303 29306 29307 29317 29325 29327 29331 29332 29336 29337 29338 29339 29340 29341 29344 29345 29346
 [7549] 29347 29348 29349 29350 29353 29363 29366 29367 29368 29373 29381 29382 29388 29394 29400 29402 29403
 [7566] 29406 29412 29413 29414 29415 29421 29434 29435 29437 29440 29447 29448 29450 29451 29453 29454 29471
 [7583] 29472 29480 29483 29485 29488 29489 29492 29501 29509 29510 29523 29524 29533 29535 29537 29540 29541
 [7600] 29542 29549 29552 29555 29557 29558 29559 29560 29563 29565 29573 29576 29579 29581 29595 29598 29605
 [7617] 29609 29611 29613 29614 29615 29625 29629 29630 29631 29632 29633 29637 29639 29644 29645 29646 29648
 [7634] 29650 29653 29654 29655 29656 29665 29667 29669 29670 29676 29677 29679 29681 29683 29684 29686 29689
 [7651] 29690 29692 29694 29695 29696 29697 29708 29709 29710 29714 29719 29720 29724 29726 29729 29737 29742
 [7668] 29743 29744 29745 29772 29774 29779 29780 29781 29782 29783 29784 29788 29790 29795 29796 29798 29800
 [7685] 29801 29803 29804 29805 29815 29822 29824 29827 29831 29834 29836 29838 29840 29854 29859 29860 29861
 [7702] 29862 29865 29866 29867 29868 29869 29876 29879 29880 29886 29888 29890 29902 29912 29913 29915 29916
 [7719] 29922 29924 29927 29946 29948 29951 29957 29961 29962 29967 29988 29989 29991 29995 29996 29999 30005
 [7736] 30013 30028 30029 30030 30032 30035 30050 30053 30055 30074 30076 30077 30079 30083 30088 30097 30100
 [7753] 30101 30102 30121 30125 30126 30128 30129 30131 30132 30133 30138 30145 30148 30157 30165 30177 30179
 [7770] 30180 30185 30186 30188 30190 30197 30199 30205 30207 30212 30215 30216 30217 30220 30227 30245 30246
 [7787] 30249 30255 30259 30261 30262 30271 30273 30277 30279 30280 30283 30290 30292 30300 30301 30303 30306
 [7804] 30307 30314 30315 30324 30330 30331 30332 30333 30335 30338 30339 30351 30355 30356 30357 30360 30364
 [7821] 30365 30366 30368 30369 30370 30374 30382 30393 30395 30397 30399 30400 30401 30402 30404 30409 30411
 [7838] 30420 30432 30433 30440 30449 30455 30456 30458 30459 30467 30471 30472 30474 30482 30485 30486 30487
 [7855] 30492 30493 30497 30503 30509 30511 30518 30519 30520 30521 30522 30525 30526 30527 30540 30544 30545
 [7872] 30546 30547 30548 30550 30554 30558 30561 30562 30563 30566 30567 30569 30579 30582 30583 30586 30589
 [7889] 30590 30591 30594 30600 30606 30608 30611 30616 30619 30621 30624 30625 30626 30636 30640 30641 30647
 [7906] 30654 30657 30665 30674 30675 30676 30679 30680 30683 30684 30689 30690 30693 30696 30697 30700 30701
 [7923] 30703 30704 30705 30707 30708 30709 30711 30713 30714 30715 30724 30729 30730 30731 30734 30735 30738
 [7940] 30745 30750 30751 30752 30756 30757 30761 30765 30768 30769 30771 30772 30773 30774 30775 30780 30790
 [7957] 30791 30792 30793 30794 30797 30800 30804 30805 30806 30811 30812 30813 30814 30815 30816 30820 30822
 [7974] 30823 30825 30834 30835 30839 30842 30844 30846 30849 30853 30859 30860 30861 30867 30868 30870 30873
 [7991] 30876 30885 30886 30887 30891 30892 30895 30896 30898 30899 30905 30906 30907 30909 30912 30915 30917
 [8008] 30919 30925 30927 30928 30930 30933 30936 30960 30978 30979 30981 30982 30984 30986 30987 30989 30990
 [8025] 30991 30992 30993 30995 30996 30998 31000 31007 31015 31028 31032 31037 31043 31049 31050 31077 31080
 [8042] 31091 31093 31096 31097 31107 31108 31109 31114 31120 31123 31130 31133 31134 31141 31157 31158 31159
 [8059] 31166 31169 31171 31174 31175 31187 31200 31202 31204 31213 31214 31216 31224 31228 31230 31231 31232
 [8076] 31246 31252 31257 31265 31276 31278 31281 31284 31285 31286 31287 31288 31298 31300 31301 31308 31312
 [8093] 31317 31318 31323 31324 31330 31332 31335 31342 31344 31345 31347 31350 31352 31354 31360 31363 31371
 [8110] 31372 31375 31381 31384 31393 31395 31398 31402 31409 31411 31414 31418 31419 31421 31424 31428 31433
 [8127] 31438 31439 31440 31442 31443 31449 31463 31464 31465 31470 31478 31479 31480 31482 31485 31487 31488
 [8144] 31490 31491 31493 31495 31496 31497 31498 31504 31532 31547 31548 31549 31550 31557 31564 31568 31573
 [8161] 31574 31575 31582 31584 31589 31595 31601 31602 31604 31606 31607 31614 31615 31616 31617 31620 31623
 [8178] 31627 31660 31676 31682 31685 31689 31690 31691 31696 31697 31703 31706 31711 31712 31713 31716 31724
 [8195] 31727 31729 31730 31733 31750 31753 31757 31763 31772 31774 31776 31780 31783 31785 31789 31797 31800
 [8212] 31801 31802 31803 31806 31815 31820 31821 31822 31827 31846 31847 31854 31859 31860 31863 31864 31868
 [8229] 31869 31870 31872 31873 31874 31876 31878 31882 31883 31884 31885 31894 31895 31896 31897 31900 31918
 [8246] 31921 31922 31929 31933 31934 31935 31940 31941 31943 31944 31947 31950 31952 31955 31961 31962 31964
 [8263] 31965 31966 31967 31969 31970 31996 32012 32013 32014 32016 32017 32018 32019 32020 32021 32022 32024
 [8280] 32032 32035 32040 32044 32052 32054 32060 32061 32067 32068 32093 32094 32095 32096 32097 32098 32100
 [8297] 32101 32110 32119 32123 32124 32125 32128 32129 32130 32134 32142 32143 32151 32158 32163 32165 32166
 [8314] 32167 32169 32170 32172 32173 32174 32175 32176 32177 32178 32183 32186 32188 32189 32194 32196 32199
 [8331] 32201 32205 32215 32230 32254 32258 32260 32265 32267 32269 32286 32287 32290 32291 32292 32293 32294
 [8348] 32300 32302 32303 32304 32307 32311 32315 32316 32317 32319 32320 32321 32324 32332 32341 32342 32345
 [8365] 32347 32352 32353 32354 32355 32366 32378 32379 32381 32383 32390 32392 32406 32424 32425 32428 32437
 [8382] 32441 32447 32455 32456 32457 32460 32461 32462 32465 32470 32479 32480 32481 32482 32484 32486 32488
 [8399] 32490 32491 32492 32493 32494 32502 32507 32508 32510 32512 32513 32517 32523 32528 32529 32531 32539
 [8416] 32540 32543 32544 32545 32546 32547 32548 32556 32559 32561 32562 32565 32567 32569 32575 32576 32580
 [8433] 32584 32588 32591 32596 32598 32600 32608 32609 32610 32613 32614 32621 32626 32629 32630 32637 32640
 [8450] 32647 32651 32657 32662 32664 32677 32680 32682 32683 32685 32686 32693 32694 32695 32696 32698 32699
 [8467] 32701 32709 32717 32734 32738 32740 32750 32752 32764 32766 32767 32774 32776 32777 32778 32779 32783
 [8484] 32785 32789 32796 32797 32799 32801 32803 32804 32806 32807 32816 32823 32832 32833 32834 32835 32838
 [8501] 32843 32844 32845 32846 32847 32849 32851 32857 32872 32874 32876 32885 32890 32902 32904 32906 32911
 [8518] 32920 32922 32923 32927 32928 32955 32956 32957 32970 32974 32975 32978 32983 32987 32989 32999 33003
 [8535] 33006 33007 33008 33010 33012 33013 33014 33016 33017 33018 33020 33021 33038 33042 33043 33046 33047
 [8552] 33051 33054 33062 33064 33065 33070 33073 33077 33078 33079 33080 33089 33091 33092 33093 33095 33102
 [8569] 33103 33113 33115 33127 33154 33159 33160 33161 33166 33168 33170 33171 33172 33174 33175 33191 33195
 [8586] 33199 33207 33211 33222 33243 33272 33273 33274 33276 33278 33280 33281 33288 33290 33291 33292 33293
 [8603] 33304 33309 33314 33317 33318 33319 33322 33337 33339 33340 33366 33367 33368 33371 33380 33383 33384
 [8620] 33385 33386 33387 33393 33394 33395 33397 33399 33408 33409 33411 33418 33424 33425 33430 33441 33444
 [8637] 33445 33446 33447 33455 33461 33470 33471 33473 33474 33475 33483 33486 33488 33489 33494 33496 33497
 [8654] 33498 33505 33514 33518 33520 33524 33525 33526 33529 33531 33532 33533 33542 33550 33552 33553 33554
 [8671] 33555 33562 33564 33567 33568 33569 33570 33583 33586 33593 33602 33605 33606 33614 33616 33620 33623
 [8688] 33631 33634 33635 33658 33662 33665 33666 33667 33668 33672 33673 33679 33681 33684 33685 33696 33702
 [8705] 33708 33716 33717 33718 33722 33723 33725 33726 33736 33746 33747 33759 33760 33761 33764 33767 33769
 [8722] 33771 33783 33785 33791 33792 33793 33794 33798 33799 33804 33818 33819 33820 33821 33823 33843 33844
 [8739] 33863 33868 33874 33875 33876 33879 33882 33883 33884 33886 33889 33894 33898 33900 33907 33910 33911
 [8756] 33912 33913 33914 33918 33921 33933 33935 33936 33946 33951 33954 33960 33961 33963 33964 33965 33966
 [8773] 33971 33977 33979 33993 33994 33999 34002 34003 34004 34007 34014 34020 34021 34028 34030 34034 34041
 [8790] 34042 34044 34047 34050 34052 34053 34055 34057 34058 34059 34062 34069 34077 34081 34083 34085 34088
 [8807] 34098 34136 34137 34148 34151 34153 34154 34155 34160 34169 34170 34172 34175 34179 34180 34181 34182
 [8824] 34183 34192 34201 34208 34209 34210 34223 34225 34226 34228 34229 34230 34232 34233 34234 34239 34240
 [8841] 34243 34245 34246 34247 34248 34250 34252 34253 34254 34264 34266 34267 34277 34278 34284 34290 34292
 [8858] 34293 34294 34295 34296 34298 34324 34333 34339 34340 34345 34348 34351 34354 34355 34358 34359 34360
 [8875] 34362 34364 34365 34366 34368 34369 34371 34374 34377 34381 34382 34383 34384 34385 34386 34388 34389
 [8892] 34390 34391 34392 34394 34395 34399 34403 34404 34406 34407 34408 34409 34410 34411 34412 34413 34418
 [8909] 34419 34420 34421 34424 34425 34426 34428 34429 34432 34435 34440 34441 34469 34474 34477 34479 34482
 [8926] 34483 34484 34490 34491 34498 34504 34507 34509 34510 34511 34512 34513 34515 34517 34521 34522 34524
 [8943] 34525 34531 34532 34533 34534 34535 34551 34553 34554 34555 34556 34557 34559 34560 34565 34568 34569
 [8960] 34570 34571 34588 34589 34594 34596 34600 34601 34606 34608 34609 34610 34611 34612 34613 34616 34618
 [8977] 34619 34620 34621 34622 34623 34624 34625 34629 34635 34636 34637 34640 34641 34642 34643 34645 34647
 [8994] 34650 34653 34656 34660 34661 34672 34673 34675 34679 34682 34683 34684 34704 34714 34719 34736 34743
 [9011] 34744 34745 34746 34747 34748 34749 34750 34751 34753 34754 34755 34760 34761 34763 34764 34769 34770
 [9028] 34775 34777 34778 34786 34789 34791 34792 34811 34813 34814 34815 34816 34821 34822 34826 34837 34838
 [9045] 34839 34840 34841 34843 34844 34846 34865 34873 34874 34875 34876 34878 34886 34898 34899 34900 34903
 [9062] 34904 34918 34920 34925 34927 34931 34936 34937 34942 34943 34944 34946 34947 34948 34969 34970 34976
 [9079] 34979 34980 34981 34982 34989 34991 34992 34993 34995 34996 35002 35003 35004 35005 35006 35008 35011
 [9096] 35018 35019 35035 35037 35038 35039 35040 35041 35042 35043 35044 35045 35046 35050 35058 35061 35062
 [9113] 35063 35064 35066 35089 35090 35092 35093 35094 35095 35096 35097 35098 35099 35100 35101 35102 35103
 [9130] 35105 35106 35107 35108 35110 35114 35116 35120 35123 35124 35126 35132 35135 35137 35139 35140 35141
 [9147] 35142 35146 35147 35154 35155 35156 35157 35158 35161 35162 35163 35165 35168 35170 35172 35173 35174
 [9164] 35176 35178 35179 35180 35181 35182 35183 35185 35186 35188 35191 35199 35200 35203 35205 35208 35209
 [9181] 35211 35212 35213 35214 35215 35220 35234 35235 35236 35238 35239 35241 35242 35243 35244 35247 35258
 [9198] 35260 35271 35285 35286 35296 35299 35311 35313 35314 35318 35319 35320 35322 35330 35335 35350 35352
 [9215] 35353 35356 35357 35358 35359 35360 35361 35362 35363 35364 35365 35366 35375 35378 35380 35381 35391
 [9232] 35399 35400 35401 35402 35403 35404 35405 35406 35407 35408 35409 35413 35416 35427 35429 35431 35432
 [9249] 35433 35434 35435 35437 35438 35439 35440 35441 35444 35450 35451 35454 35456 35458 35459 35460 35461
 [9266] 35462 35463 35464 35465 35466 35467 35468 35469 35485 35490 35491 35492 35501 35505 35510 35511 35528
 [9283] 35529 35531 35533 35534 35536 35537 35538 35540 35575 35586 35588 35610 35615 35619 35625 35630 35635
 [9300] 35636 35638 35642 35643 35645 35670 35671 35676 35677 35685 35687 35690 35693 35698 35699 35709 35710
 [9317] 35711 35712 35713 35719 35770 35795 35822 35823 35824 35825 35828 35833 35835 35840 35845 35848 35849
 [9334] 35851 35853 35854 35855 35857 35858 35869 35874 35875 35879 35890 35894 35896 35897 35898 35899 35902
 [9351] 35903 35904 35905 35913 35918 35928 35929 35932 35935 35941 35942 35943 35945 35948 35949 35950 35951
 [9368] 35967 35969 35970 35974 35976 35979 35996 35998 36000 36001 36002 36010 36014 36054 36060 36071 36072
 [9385] 36073 36084 36096 36107 36109 36114 36129 36147 36153 36155 36168 36169 36174 36184 36187 36188 36189
 [9402] 36196 36198 36200 36206 36212 36214 36218 36222 36223 36227 36228 36230 36232 36245 36246 36248 36264
 [9419] 36281 36285 36304 36307 36308 36309 36310 36315 36324 36325 36336 36339 36365 36366 36377 36396 36397
 [9436] 36398 36401 36402 36403 36404 36409 36413 36426 36429 36430 36431 36432 36440 36443 36444 36447 36450
 [9453] 36451 36452 36453 36470 36472 36474 36484 36486 36487 36502 36504 36507 36512 36513 36531 36539 36547
 [9470] 36548 36553 36556 36557 36558 36559 36568 36572 36573 36574 36577 36578 36579 36580 36581 36592 36593
 [9487] 36595 36596 36597 36600 36606 36610 36611 36617 36619 36621 36622 36625 36634 36645 36648 36657 36660
 [9504] 36661 36666 36667 36669 36672 36675 36677 36680 36681 36685 36693 36698 36702 36707 36708 36709 36710
 [9521] 36712 36719 36729 36733 36739 36746 36752 36767 36791 36792 36793 36796 36816 36817 36818 36820 36821
 [9538] 36822 36823 36824 36826 36828 36830 36831 36846 36857 36858 36859 36882 36884 36899 36923 36927 36929
 [9555] 36930 36931 36935 36940 36942 36949 36950 36966 36967 36978 36979 36980 36984 37000 37002 37025 37034
 [9572] 37058 37060 37061 37063 37064 37077 37082 37084 37101 37104 37113 37121 37122 37126 37128 37131 37137
 [9589] 37138 37148 37150 37151 37191 37192 37193 37197 37206 37208 37209 37210 37211 37212 37216 37217 37220
 [9606] 37227 37228 37231 37239 37240 37241 37242 37244 37245 37255 37284 37285 37286 37287 37292 37293 37294
 [9623] 37295 37296 37297 37298 37300 37319 37320 37322 37335 37336 37345 37347 37351 37401 37405 37423 37441
 [9640] 37467 37469 37470 37471 37484 37489 37538 37541 37544 37545 37548 37549 37554 37555 37556 37557 37558
 [9657] 37559 37560 37561 37570 37572 37574 37575 37605 37606 37608 37609 37628 37631 37635 37636 37639 37650
 [9674] 37660 37663 37664 37665 37690 37694 37714 37716 37744 37745 37748 37751 37756 37787 37802 37803 37829
 [9691] 37830 37831 37833 37837 37862 37865 37867 37874 37896 37899 37911 37914 37916 37917 37918 37920 37924
 [9708] 37925 37936 37945 37951 37954 37981 38006 38010 38012 38029 38035 38036 38037 38039 38041 38042 38047
 [9725] 38064 38069 38071 38072 38093 38094 38095 38104 38105 38106 38108 38126 38133 38139 38144 38146 38147
 [9742] 38148 38150 38156 38175 38176 38178 38179 38181 38182 38186 38195 38215 38230 38231 38232 38233 38234
 [9759] 38235 38237 38241 38246 38253 38254 38257 38258 38259 38268 38277 38284 38286 38290 38308 38315 38316
 [9776] 38317 38318 38320 38321 38327 38330 38331 38332 38340 38341 38343 38346 38348 38361 38363 38383 38397
 [9793] 38419 38428 38452 38457 38458 38459 38480 38510 38535 38536 38542 38564 38569 38590 38592 38603 38605
 [9810] 38609 38616 38619 38623 38626 38628 38631 38632 38633 38635 38658 38661 38679 38718 38748 38755 38775
 [9827] 38777 38781 38784 38785 38794 38797 38798 38803 38804 38805 38807 38809 38818 38825 38826 38827 38829
 [9844] 38834 38848 38851 38852 38898 38904 38906 38909 38914 38916 38918 38919 38922 38927 38929 38931 38935
 [9861] 38936 38937 38939 38940 38942 38943 38947 38948 38978 38985 38987 38992 38993 39011 39020 39035 39037
 [9878] 39049 39053 39055 39084 39088 39093 39097 39098 39099 39103 39105 39111 39112 39113 39123 39129 39130
 [9895] 39131 39133 39135 39144 39148 39153 39154 39156 39179 39190 39193 39195 39196 39214 39215 39217 39223
 [9912] 39224 39225 39226 39228 39232 39236 39238 39244 39256 39258 39261 39267 39270 39281 39282 39284 39288
 [9929] 39327 39329 39330 39335 39342 39390 39397 39401 39406 39407 39408 39409 39410 39411 39418 39448 39458
 [9946] 39459 39460 39464 39468 39469 39472 39486 39513 39514 39515 39529 39531 39533 39534 39537 39539 39547
 [9963] 39548 39549 39551 39567 39569 39578 39579 39582 39597 39600 39604 39610 39611 39612 39613 39615 39622
 [9980] 39623 39625 39626 39628 39643 39655 39657 39669 39670 39672 39677 39678 39681 39686 39687 39688 39733
 [9997] 39734 39735 39738 39746
 [ reached getOption("max.print") -- omitted 27766 entries ]
