
===========  gbm  ============

An object of class "prediction"
Slot "predictions":
[[1]]
  [1] 1.935284e-07 1.074721e-01 4.092187e-08 1.481980e-08 9.806197e-01 2.644975e-06 3.157790e-03 8.510015e-10
  [9] 7.716769e-06 3.849356e-05 1.950082e-01 2.459469e-04 3.769700e-02 5.387605e-04 4.210216e-04 8.695187e-01
 [17] 9.802775e-01 9.314594e-11 1.072029e-04 3.523848e-13 3.270453e-10 6.599798e-02 2.296940e-02 1.135821e-04
 [25] 4.865818e-04 6.491183e-01 2.511547e-12 9.250212e-01 9.874581e-09 9.750557e-06 9.978490e-01 6.492584e-13
 [33] 1.166491e-08 4.565040e-08 1.466563e-03 8.787671e-01 1.071460e-05 2.998138e-04 9.995898e-01 1.798577e-08
 [41] 1.500825e-07 9.045326e-02 9.999988e-01 2.450669e-10 1.553402e-10 1.008195e-08 5.839369e-08 2.409252e-05
 [49] 1.909683e-05 1.717071e-12 4.026413e-07 9.800642e-01 3.678702e-11 9.186787e-05 5.788525e-11 2.310325e-10
 [57] 9.805550e-01 3.601505e-05 7.372827e-02 7.517646e-01 8.944587e-08 1.939449e-09 2.118306e-13 3.811178e-10
 [65] 6.546420e-09 9.999990e-01 2.138356e-08 3.033252e-02 5.705774e-07 3.162684e-09 3.899301e-01 7.180439e-02
 [73] 9.986317e-01 9.965839e-01 4.916223e-01 1.143530e-13 1.154422e-04 2.441733e-10 3.739490e-01 9.158074e-11
 [81] 3.794421e-07 7.391679e-01 3.284868e-01 7.509771e-12 2.450528e-02 9.999922e-01 9.125427e-10 8.146372e-12
 [89] 6.748349e-04 9.999977e-01 1.632152e-04 5.991389e-07 9.999989e-01 8.888195e-10 3.519052e-09 1.017702e-02
 [97] 1.381360e-02 9.764035e-01 2.716616e-04 1.815724e-05 3.101737e-05 9.986711e-01 1.169509e-12 1.450565e-05
[105] 4.053347e-03 5.702878e-02 1.468405e-10 1.720105e-08 2.383812e-01 1.420532e-09 9.962402e-01 9.891239e-01


Slot "labels":
[[1]]
  [1] False True  False False False False True  False False False False False False False False False False False
 [19] False False False False False False False False False False False False False False False False False False
 [37] False False False False False False False False False False False False False False False False True  False
 [55] False False True  False True  False False False False False False True  False False False False False False
 [73] True  False True  False False False False False False False True  False False True  False False False False
 [91] False False False False False True  False False False False False False False False False True  False False
[109] True  False True  True 
Levels: False < True


Slot "cutoffs":
[[1]]
  [1]          Inf 9.999990e-01 9.999989e-01 9.999988e-01 9.999977e-01 9.999922e-01 9.995898e-01 9.986711e-01
  [9] 9.986317e-01 9.978490e-01 9.965839e-01 9.962402e-01 9.891239e-01 9.806197e-01 9.805550e-01 9.802775e-01
 [17] 9.800642e-01 9.764035e-01 9.250212e-01 8.787671e-01 8.695187e-01 7.517646e-01 7.391679e-01 6.491183e-01
 [25] 4.916223e-01 3.899301e-01 3.739490e-01 3.284868e-01 2.383812e-01 1.950082e-01 1.074721e-01 9.045326e-02
 [33] 7.372827e-02 7.180439e-02 6.599798e-02 5.702878e-02 3.769700e-02 3.033252e-02 2.450528e-02 2.296940e-02
 [41] 1.381360e-02 1.017702e-02 4.053347e-03 3.157790e-03 1.466563e-03 6.748349e-04 5.387605e-04 4.865818e-04
 [49] 4.210216e-04 2.998138e-04 2.716616e-04 2.459469e-04 1.632152e-04 1.154422e-04 1.135821e-04 1.072029e-04
 [57] 9.186787e-05 3.849356e-05 3.601505e-05 3.101737e-05 2.409252e-05 1.909683e-05 1.815724e-05 1.450565e-05
 [65] 1.071460e-05 9.750557e-06 7.716769e-06 2.644975e-06 5.991389e-07 5.705774e-07 4.026413e-07 3.794421e-07
 [73] 1.935284e-07 1.500825e-07 8.944587e-08 5.839369e-08 4.565040e-08 4.092187e-08 2.138356e-08 1.798577e-08
 [81] 1.720105e-08 1.481980e-08 1.166491e-08 1.008195e-08 9.874581e-09 6.546420e-09 3.519052e-09 3.162684e-09
 [89] 1.939449e-09 1.420532e-09 9.125427e-10 8.888195e-10 8.510015e-10 3.811178e-10 3.270453e-10 2.450669e-10
 [97] 2.441733e-10 2.310325e-10 1.553402e-10 1.468405e-10 9.314594e-11 9.158074e-11 5.788525e-11 3.678702e-11
[105] 8.146372e-12 7.509771e-12 2.511547e-12 1.717071e-12 1.169509e-12 6.492584e-13 3.523848e-13 2.118306e-13
[113] 1.143530e-13


Slot "fp":
[[1]]
  [1]  0  0  1  2  3  3  4  5  5  6  7  7  7  8  8  9 10 11 12 13 14 15 16 17 17 18 19 19 19 20 20 21 21 22 23 23 24
 [38] 25 26 27 28 28 29 29 30 31 32 33 34 35 36 37 38 39 40 41 42 43 44 45 46 47 48 49 50 51 52 53 54 55 56 57 58 59
 [75] 60 61 62 63 64 65 66 67 68 69 70 71 72 73 74 75 76 77 78 79 80 81 82 83 84 85 86 87 88 88 89 90 91 92 93 94 95
[112] 96 97


Slot "tp":
[[1]]
  [1]  0  1  1  1  1  2  2  2  3  3  3  4  5  5  6  6  6  6  6  6  6  6  6  6  7  7  7  8  9  9 10 10 11 11 11 12 12
 [38] 12 12 12 12 13 13 14 14 14 14 14 14 14 14 14 14 14 14 14 14 14 14 14 14 14 14 14 14 14 14 14 14 14 14 14 14 14
 [75] 14 14 14 14 14 14 14 14 14 14 14 14 14 14 14 14 14 14 14 14 14 14 14 14 14 14 14 14 14 15 15 15 15 15 15 15 15
[112] 15 15


Slot "tn":
[[1]]
  [1] 97 97 96 95 94 94 93 92 92 91 90 90 90 89 89 88 87 86 85 84 83 82 81 80 80 79 78 78 78 77 77 76 76 75 74 74 73
 [38] 72 71 70 69 69 68 68 67 66 65 64 63 62 61 60 59 58 57 56 55 54 53 52 51 50 49 48 47 46 45 44 43 42 41 40 39 38
 [75] 37 36 35 34 33 32 31 30 29 28 27 26 25 24 23 22 21 20 19 18 17 16 15 14 13 12 11 10  9  9  8  7  6  5  4  3  2
[112]  1  0


Slot "fn":
[[1]]
  [1] 15 14 14 14 14 13 13 13 12 12 12 11 10 10  9  9  9  9  9  9  9  9  9  9  8  8  8  7  6  6  5  5  4  4  4  3  3
 [38]  3  3  3  3  2  2  1  1  1  1  1  1  1  1  1  1  1  1  1  1  1  1  1  1  1  1  1  1  1  1  1  1  1  1  1  1  1
 [75]  1  1  1  1  1  1  1  1  1  1  1  1  1  1  1  1  1  1  1  1  1  1  1  1  1  1  1  1  1  0  0  0  0  0  0  0  0
[112]  0  0


Slot "n.pos":
[[1]]
[1] 15


Slot "n.neg":
[[1]]
[1] 97


Slot "n.pos.pred":
[[1]]
  [1]   0   1   2   3   4   5   6   7   8   9  10  11  12  13  14  15  16  17  18  19  20  21  22  23  24  25  26  27
 [29]  28  29  30  31  32  33  34  35  36  37  38  39  40  41  42  43  44  45  46  47  48  49  50  51  52  53  54  55
 [57]  56  57  58  59  60  61  62  63  64  65  66  67  68  69  70  71  72  73  74  75  76  77  78  79  80  81  82  83
 [85]  84  85  86  87  88  89  90  91  92  93  94  95  96  97  98  99 100 101 102 103 104 105 106 107 108 109 110 111
[113] 112


Slot "n.neg.pred":
[[1]]
  [1] 112 111 110 109 108 107 106 105 104 103 102 101 100  99  98  97  96  95  94  93  92  91  90  89  88  87  86  85
 [29]  84  83  82  81  80  79  78  77  76  75  74  73  72  71  70  69  68  67  66  65  64  63  62  61  60  59  58  57
 [57]  56  55  54  53  52  51  50  49  48  47  46  45  44  43  42  41  40  39  38  37  36  35  34  33  32  31  30  29
 [85]  28  27  26  25  24  23  22  21  20  19  18  17  16  15  14  13  12  11  10   9   8   7   6   5   4   3   2   1
[113]   0



===========  xgbTree  ============

An object of class "prediction"
Slot "predictions":
[[1]]
  [1] 0.0220283866 0.1551951766 0.0714007616 0.0011553764 0.6066425145 0.0181612968 0.2431202531 0.0010185838
  [9] 0.0054138899 0.0054680109 0.0466807485 0.0445453525 0.3010867238 0.0113645792 0.0500906110 0.6161948442
 [17] 0.3205013871 0.0003556013 0.0716958642 0.0007810593 0.0064783692 0.2513988614 0.0590663552 0.2019751072
 [25] 0.0127264261 0.0968778133 0.0003891587 0.9886708641 0.0004135966 0.0240998864 0.7325970232 0.0002329946
 [33] 0.0037333369 0.0038112998 0.0169281363 0.3941922784 0.3010843396 0.1897164583 0.4671336412 0.0006995201
 [41] 0.0019614100 0.3307920694 0.8005931973 0.0030539632 0.0003134012 0.0001438856 0.0207912922 0.2739372849
 [49] 0.0908804536 0.0005384088 0.0245413184 0.4191538692 0.0005828142 0.0101112723 0.0007204413 0.0001865029
 [57] 0.8641200513 0.2380050421 0.0870802402 0.5277472734 0.0007410645 0.0019540787 0.0004509091 0.0016887188
 [65] 0.0006659627 0.9653456956 0.0005176067 0.0880699158 0.0282701254 0.0006576180 0.7688853890 0.4225083590
 [73] 0.8297439218 0.6203086078 0.9598811232 0.0007551908 0.0714688897 0.0039418936 0.1950556040 0.0002060533
 [81] 0.0200675130 0.9187108576 0.5169757903 0.0002462268 0.1875888705 0.9795539156 0.0148851275 0.0010248423
 [89] 0.0578787327 0.9539953619 0.2359296083 0.0043414831 0.9201912507 0.0002402663 0.0026739836 0.0407842994
 [97] 0.2110304832 0.8602245748 0.0400930047 0.0200676322 0.1625130773 0.8411486000 0.0002641082 0.0060079694
[105] 0.7425748706 0.5415855348 0.0001488924 0.0002151132 0.8427547067 0.0002247691 0.9560741410 0.9482377991


Slot "labels":
[[1]]
  [1] False True  False False False False True  False False False False False False False False False False False
 [19] False False False False False False False False False False False False False False False False False False
 [37] False False False False False False False False False False False False False False False False True  False
 [55] False False True  False True  False False False False False False True  False False False False False False
 [73] True  False True  False False False False False False False True  False False True  False False False False
 [91] False False False False False True  False False False False False False False False False True  False False
[109] True  False True  True 
Levels: False < True


Slot "cutoffs":
[[1]]
  [1]          Inf 0.9886708641 0.9795539156 0.9653456956 0.9598811232 0.9560741410 0.9539953619 0.9482377991
  [9] 0.9201912507 0.9187108576 0.8641200513 0.8602245748 0.8427547067 0.8411486000 0.8297439218 0.8005931973
 [17] 0.7688853890 0.7425748706 0.7325970232 0.6203086078 0.6161948442 0.6066425145 0.5415855348 0.5277472734
 [25] 0.5169757903 0.4671336412 0.4225083590 0.4191538692 0.3941922784 0.3307920694 0.3205013871 0.3010867238
 [33] 0.3010843396 0.2739372849 0.2513988614 0.2431202531 0.2380050421 0.2359296083 0.2110304832 0.2019751072
 [41] 0.1950556040 0.1897164583 0.1875888705 0.1625130773 0.1551951766 0.0968778133 0.0908804536 0.0880699158
 [49] 0.0870802402 0.0716958642 0.0714688897 0.0714007616 0.0590663552 0.0578787327 0.0500906110 0.0466807485
 [57] 0.0445453525 0.0407842994 0.0400930047 0.0282701254 0.0245413184 0.0240998864 0.0220283866 0.0207912922
 [65] 0.0200676322 0.0200675130 0.0181612968 0.0169281363 0.0148851275 0.0127264261 0.0113645792 0.0101112723
 [73] 0.0064783692 0.0060079694 0.0054680109 0.0054138899 0.0043414831 0.0039418936 0.0038112998 0.0037333369
 [81] 0.0030539632 0.0026739836 0.0019614100 0.0019540787 0.0016887188 0.0011553764 0.0010248423 0.0010185838
 [89] 0.0007810593 0.0007551908 0.0007410645 0.0007204413 0.0006995201 0.0006659627 0.0006576180 0.0005828142
 [97] 0.0005384088 0.0005176067 0.0004509091 0.0004135966 0.0003891587 0.0003556013 0.0003134012 0.0002641082
[105] 0.0002462268 0.0002402663 0.0002329946 0.0002247691 0.0002151132 0.0002060533 0.0001865029 0.0001488924
[113] 0.0001438856


Slot "fp":
[[1]]
  [1]  0  1  1  1  1  1  2  2  3  4  4  5  5  6  6  7  8  9 10 11 12 13 13 14 14 15 16 17 18 19 20 21 22 23 24 24 25
 [38] 26 27 28 29 30 31 32 32 33 34 35 35 36 37 38 39 40 41 42 43 43 44 45 46 47 48 49 50 51 52 53 54 55 56 57 58 59
 [75] 60 61 62 63 64 65 66 67 68 69 70 71 72 73 74 75 76 77 78 79 80 80 81 82 83 84 85 86 87 88 89 90 91 92 93 94 95
[112] 96 97


Slot "tp":
[[1]]
  [1]  0  0  1  2  3  4  4  5  5  5  6  6  7  7  8  8  8  8  8  8  8  8  9  9 10 10 10 10 10 10 10 10 10 10 10 11 11
 [38] 11 11 11 11 11 11 11 12 12 12 12 13 13 13 13 13 13 13 13 13 14 14 14 14 14 14 14 14 14 14 14 14 14 14 14 14 14
 [75] 14 14 14 14 14 14 14 14 14 14 14 14 14 14 14 14 14 14 14 14 14 15 15 15 15 15 15 15 15 15 15 15 15 15 15 15 15
[112] 15 15


Slot "tn":
[[1]]
  [1] 97 96 96 96 96 96 95 95 94 93 93 92 92 91 91 90 89 88 87 86 85 84 84 83 83 82 81 80 79 78 77 76 75 74 73 73 72
 [38] 71 70 69 68 67 66 65 65 64 63 62 62 61 60 59 58 57 56 55 54 54 53 52 51 50 49 48 47 46 45 44 43 42 41 40 39 38
 [75] 37 36 35 34 33 32 31 30 29 28 27 26 25 24 23 22 21 20 19 18 17 17 16 15 14 13 12 11 10  9  8  7  6  5  4  3  2
[112]  1  0


Slot "fn":
[[1]]
  [1] 15 15 14 13 12 11 11 10 10 10  9  9  8  8  7  7  7  7  7  7  7  7  6  6  5  5  5  5  5  5  5  5  5  5  5  4  4
 [38]  4  4  4  4  4  4  4  3  3  3  3  2  2  2  2  2  2  2  2  2  1  1  1  1  1  1  1  1  1  1  1  1  1  1  1  1  1
 [75]  1  1  1  1  1  1  1  1  1  1  1  1  1  1  1  1  1  1  1  1  1  0  0  0  0  0  0  0  0  0  0  0  0  0  0  0  0
[112]  0  0


Slot "n.pos":
[[1]]
[1] 15


Slot "n.neg":
[[1]]
[1] 97


Slot "n.pos.pred":
[[1]]
  [1]   0   1   2   3   4   5   6   7   8   9  10  11  12  13  14  15  16  17  18  19  20  21  22  23  24  25  26  27
 [29]  28  29  30  31  32  33  34  35  36  37  38  39  40  41  42  43  44  45  46  47  48  49  50  51  52  53  54  55
 [57]  56  57  58  59  60  61  62  63  64  65  66  67  68  69  70  71  72  73  74  75  76  77  78  79  80  81  82  83
 [85]  84  85  86  87  88  89  90  91  92  93  94  95  96  97  98  99 100 101 102 103 104 105 106 107 108 109 110 111
[113] 112


Slot "n.neg.pred":
[[1]]
  [1] 112 111 110 109 108 107 106 105 104 103 102 101 100  99  98  97  96  95  94  93  92  91  90  89  88  87  86  85
 [29]  84  83  82  81  80  79  78  77  76  75  74  73  72  71  70  69  68  67  66  65  64  63  62  61  60  59  58  57
 [57]  56  55  54  53  52  51  50  49  48  47  46  45  44  43  42  41  40  39  38  37  36  35  34  33  32  31  30  29
 [85]  28  27  26  25  24  23  22  21  20  19  18  17  16  15  14  13  12  11  10   9   8   7   6   5   4   3   2   1
[113]   0


