
===========  earth  ============

    [1]    61    78    80    81   119   131   134   148   154   175   179   195   202   211   212   266   311   324
   [19]   336   347   408   418   432   434   451   473   475   532   629   653   659   666   678   680   682   718
   [37]   729   748   857   874   899   913   939   954   970   983  1033  1039  1042  1088  1124  1142  1152  1159
   [55]  1188  1209  1228  1239  1269  1277  1279  1287  1293  1299  1308  1351  1358  1362  1370  1379  1404  1408
   [73]  1434  1440  1441  1510  1524  1525  1528  1536  1537  1568  1572  1591  1596  1609  1639  1645  1655  1678
   [91]  1707  1776  1788  1793  1815  1849  1856  1861  1864  1871  1892  1902  1905  1906  1935  1956  1980  2021
  [109]  2023  2039  2053  2073  2079  2138  2142  2143  2164  2166  2177  2178  2190  2194  2212  2213  2223  2226
  [127]  2232  2344  2368  2372  2374  2386  2397  2403  2420  2423  2440  2472  2488  2491  2495  2513  2515  2517
  [145]  2531  2534  2547  2554  2556  2557  2579  2597  2598  2611  2638  2672  2674  2712  2717  2731  2732  2739
  [163]  2756  2760  2767  2774  2789  2799  2815  2817  2843  2847  2883  2891  2892  2904  2922  2938  2970  2974
  [181]  2976  2986  2989  2996  2999  3026  3031  3035  3070  3080  3097  3104  3106  3131  3164  3177  3180  3182
  [199]  3189  3190  3191  3192  3193  3196  3208  3211  3230  3234  3242  3257  3260  3263  3265  3341  3390  3417
  [217]  3436  3454  3487  3502  3506  3527  3529  3539  3545  3567  3570  3576  3588  3610  3616  3625  3644  3647
  [235]  3719  3725  3741  3757  3815  3831  3865  3866  3870  3875  3877  3882  3916  3920  3930  3938  3958  3965
  [253]  3974  3977  3987  4000  4023  4036  4048  4058  4062  4063  4070  4072  4082  4091  4092  4104  4107  4114
  [271]  4165  4173  4187  4202  4223  4230  4231  4233  4235  4241  4243  4251  4264  4278  4279  4313  4330  4340
  [289]  4343  4351  4360  4382  4426  4440  4444  4455  4456  4458  4465  4478  4505  4528  4562  4564  4596  4604
  [307]  4623  4626  4630  4661  4662  4671  4677  4679  4694  4705  4759  4776  4787  4803  4817  4824  4869  4916
  [325]  4940  4960  4962  4993  4996  5012  5019  5041  5051  5057  5113  5118  5122  5126  5135  5152  5156  5168
  [343]  5169  5177  5179  5192  5195  5205  5220  5222  5224  5248  5254  5312  5334  5353  5359  5361  5367  5368
  [361]  5372  5397  5435  5481  5484  5486  5514  5522  5562  5579  5591  5593  5594  5618  5633  5642  5646  5654
  [379]  5696  5714  5770  5796  5837  5878  5884  5890  5893  5901  5903  5904  5927  5929  5938  5948  5956  5970
  [397]  5974  5977  5980  5996  5998  6039  6040  6048  6049  6060  6061  6078  6116  6119  6140  6148  6149  6152
  [415]  6176  6229  6245  6249  6254  6293  6300  6310  6339  6368  6424  6426  6429  6433  6450  6457  6469  6472
  [433]  6478  6513  6523  6530  6538  6540  6557  6567  6570  6571  6573  6589  6590  6608  6609  6612  6614  6649
  [451]  6651  6652  6658  6664  6687  6689  6695  6707  6719  6726  6733  6755  6772  6784  6794  6795  6811  6862
  [469]  6872  6897  6909  6914  6915  6928  6955  6961  6978  6993  7001  7004  7034  7035  7039  7040  7049  7055
  [487]  7065  7076  7077  7088  7099  7112  7118  7119  7121  7137  7148  7165  7169  7172  7179  7190  7202  7210
  [505]  7245  7250  7253  7269  7275  7285  7288  7312  7326  7351  7395  7414  7430  7454  7456  7484  7486  7495
  [523]  7521  7550  7574  7582  7603  7632  7649  7654  7655  7692  7723  7733  7744  7748  7761  7798  7815  7819
  [541]  7830  7854  7863  7871  7872  7882  7946  7956  7984  7996  8002  8005  8007  8024  8028  8031  8032  8045
  [559]  8063  8064  8068  8107  8117  8127  8137  8144  8150  8152  8153  8155  8175  8180  8182  8184  8187  8189
  [577]  8195  8199  8202  8228  8265  8280  8282  8286  8292  8299  8311  8315  8321  8326  8332  8340  8342  8343
  [595]  8345  8365  8368  8392  8432  8439  8464  8476  8477  8478  8479  8483  8486  8514  8530  8548  8549  8580
  [613]  8615  8620  8625  8629  8632  8643  8645  8651  8659  8667  8672  8674  8675  8687  8696  8709  8718  8720
  [631]  8731  8756  8787  8799  8803  8827  8838  8840  8842  8857  8860  8958  8974  8991  8992  9000  9012  9025
  [649]  9029  9035  9047  9049  9053  9062  9067  9074  9084  9122  9123  9140  9143  9145  9167  9197  9209  9210
  [667]  9211  9231  9234  9241  9242  9257  9258  9276  9281  9301  9303  9314  9347  9350  9360  9361  9368  9379
  [685]  9387  9393  9400  9422  9445  9451  9456  9465  9475  9505  9515  9535  9542  9550  9553  9562  9583  9601
  [703]  9607  9634  9696  9702  9710  9712  9729  9771  9779  9797  9816  9818  9842  9843  9844  9851  9865  9868
  [721]  9904  9907  9908  9911  9912  9917  9924  9938  9939  9942  9946  9978  9987 10009 10044 10047 10053 10071
  [739] 10088 10090 10120 10152 10153 10165 10177 10201 10215 10234 10243 10248 10249 10264 10272 10279 10292 10309
  [757] 10339 10342 10363 10395 10396 10398 10400 10420 10423 10429 10436 10443 10454 10473 10479 10498 10512 10568
  [775] 10569 10586 10588 10617 10625 10627 10630 10632 10638 10645 10657 10687 10689 10691 10701 10716 10750 10764
  [793] 10770 10771 10806 10808 10810 10815 10819 10841 10845 10854 10860 10868 10901 10910 10924 10925 10930 10946
  [811] 10954 10955 10983 10993 10996 10999 11000 11034 11037 11038 11040 11044 11057 11060 11071 11084 11115 11140
  [829] 11152 11160 11164 11214 11295 11300 11309 11350 11365 11385 11386 11397 11402 11438 11464 11473 11503 11510
  [847] 11514 11516 11528 11539 11549 11551 11552 11564 11574 11591 11592 11595 11603 11606 11634 11637 11654 11659
  [865] 11671 11678 11703 11718 11729 11738 11763 11773 11812 11817 11820 11830 11853 11882 11890 11896 11944 11949
  [883] 11980 11982 11985 11990 12013 12018 12035 12042 12090 12106 12116 12119 12123 12128 12142 12166 12169 12213
  [901] 12214 12221 12230 12232 12235 12289 12312 12333 12337 12339 12359 12370 12379 12395 12404 12427 12445 12458
  [919] 12459 12462 12483 12503 12505 12512 12513 12531 12534 12538 12540 12561 12570 12623 12624 12627 12635 12638
  [937] 12664 12668 12698 12705 12718 12720 12721 12729 12736 12768 12785 12787 12792 12798 12817 12828 12849 12932
  [955] 12935 12946 12953 12959 12967 13025 13045 13046 13053 13056 13068 13102 13103 13124 13150 13151 13155 13157
  [973] 13159 13163 13179 13182 13206 13239 13246 13266 13271 13278 13300 13305 13311 13337 13341 13350 13372 13378
  [991] 13389 13419 13428 13431 13444 13454 13455 13463 13479 13482 13484 13486 13489 13513 13518 13520 13537 13540
 [1009] 13542 13548 13557 13559 13563 13567 13584 13628 13642 13643 13645 13660 13675 13678 13697 13702 13724 13766
 [1027] 13779 13780 13790 13791 13794 13795 13798 13801 13804 13807 13842 13872 13874 13912 13917 13920 14008 14010
 [1045] 14020 14028 14046 14064 14068 14069 14080 14139 14152 14170 14175 14182 14183 14186 14196 14198 14210 14214
 [1063] 14217 14221 14231 14238 14239 14243 14256 14262 14263 14287 14292 14308 14323 14335 14360 14365 14383 14418
 [1081] 14423 14426 14467 14472 14477 14487 14514 14534 14548 14576 14581 14588 14608 14617 14633 14641 14649 14650
 [1099] 14651 14663 14666 14679 14705 14713 14715 14717 14723 14745 14750 14799 14814 14818 14842 14850 14856 14865
 [1117] 14866 14880 14889 14913 14914 14918 14940 14949 14955 14961 14980 14993 15016 15028 15029 15036 15040 15049
 [1135] 15061 15064 15094 15103 15124 15126 15151 15157 15172 15187 15241 15244 15261 15278 15281 15284 15293 15298
 [1153] 15301 15304 15309 15322 15328 15335 15338 15339 15349 15355 15360 15393 15396 15416 15446 15471 15488 15520
 [1171] 15550 15552 15561 15581 15583 15584 15586 15590 15594 15620 15642 15659 15660 15728 15770 15772 15782 15799
 [1189] 15806 15828 15846 15847 15851 15862 15885 15886 15892 15899 15901 15902 15943 15950 16023 16040 16044 16062
 [1207] 16063 16070 16081 16100 16109 16110 16153 16161 16165 16186 16211 16213 16296 16300 16303 16313 16315 16323
 [1225] 16325 16343 16397 16403 16406 16412 16450 16470 16487 16492 16503 16524 16530 16538 16566 16571 16578 16608
 [1243] 16609 16644 16649 16657 16691 16729 16763 16779 16780 16786 16794 16806 16808 16810 16811 16839 16847 16854
 [1261] 16865 16894 16910 16920 16940 16947 16967 16969 16993 16997 17027 17035 17036 17040 17068 17072 17081 17085
 [1279] 17095 17108 17116 17117 17124 17133 17146 17150 17155 17176 17188 17200 17213 17231 17236 17255 17260 17276
 [1297] 17278 17287 17292 17300 17302 17323 17331 17337 17351 17367 17415 17417 17431 17448 17476 17485 17493 17496
 [1315] 17511 17512 17515 17517 17538 17547 17589 17597 17617 17625 17640 17641 17645 17651 17703 17704 17742 17744
 [1333] 17750 17784 17791 17797 17826 17828 17829 17843 17844 17845 17847 17886 17889 17900 17901 17912 17916 17918
 [1351] 17923 17936 17942 17959 17965 17966 17983 18011 18040 18045 18080 18089 18126 18132 18152 18159 18208 18213
 [1369] 18214 18222 18227 18234 18236 18247 18256 18280 18287 18294 18295 18311 18337 18353 18356 18364 18367 18400
 [1387] 18401 18404 18424 18429 18435 18439 18440 18455 18470 18477 18488 18498 18500 18515 18530 18532 18561 18566
 [1405] 18594 18601 18609 18610 18630 18645 18666 18677 18683 18687 18706 18716 18724 18738 18757 18758 18761 18766
 [1423] 18779 18785 18824 18829 18854 18861 18867 18881 18886 18889 18898 18906 18909 18918 18923 18925 18951 18969
 [1441] 18970 18983 18984 18990 18994 19006 19010 19017 19021 19028 19040 19050 19064 19069 19079 19087 19088 19091
 [1459] 19100 19114 19115 19122 19123 19125 19131 19142 19169 19217 19219 19221 19222 19223 19231 19232 19242 19245
 [1477] 19252 19256 19258 19262 19266 19315 19317 19330 19341 19369 19376 19403 19413 19416 19461 19466 19523 19534
 [1495] 19537 19541 19549 19559 19582 19583 19601 19638 19651 19662 19717 19718 19728 19784 19788 19795 19807 19846
 [1513] 19851 19855 19888 19889 19898 19907 19930 19936 19966 20024 20030 20033 20040 20045 20062 20066 20078 20091
 [1531] 20097 20106 20107 20116 20124 20128 20132 20157 20170 20178 20179 20197 20219 20231 20252 20260 20262 20281
 [1549] 20282 20283 20287 20301 20303 20304 20310 20320 20329 20354 20355 20393 20403 20408 20411 20428 20432 20434
 [1567] 20453 20503 20511 20602 20622 20627 20628 20650 20658 20680 20697 20698 20707 20745 20746 20747 20762 20765
 [1585] 20766 20800 20802 20820 20825 20847 20857 20865 20868 20869 20894 20895 20900 20914 20930 20935 20951 20977
 [1603] 20980 20984 20985 20997 21008 21014 21033 21055 21077 21080 21082 21084 21086 21097 21159 21161 21164 21172
 [1621] 21174 21194 21219 21223 21232 21236 21251 21261 21301 21303 21331 21341 21348 21350 21355 21366 21392 21403
 [1639] 21408 21409 21410 21413 21431 21448 21468 21471 21491 21497 21506 21529 21534 21550 21551 21554 21567 21576
 [1657] 21590 21591 21608 21625 21642 21644 21650 21670 21682 21689 21697 21703 21711 21712 21714 21726 21736 21750
 [1675] 21762 21768 21776 21779 21802 21828 21832 21842 21860 21873 21874 21877 21878 21891 21896 21901 21903 21922
 [1693] 21999 22004 22013 22042 22048 22088 22097 22122 22123 22127 22131 22140 22146 22167 22187 22190 22208 22230
 [1711] 22244 22270 22275 22276 22281 22286 22291 22298 22302 22325 22326 22329 22330 22341 22346 22356 22373 22380
 [1729] 22384 22393 22395 22403 22405 22422 22433 22440 22446 22448 22450 22465 22466 22471 22482 22492 22509 22523
 [1747] 22571 22579 22581 22604 22606 22617 22624 22627 22648 22649 22658 22659 22683 22690 22705 22717 22729 22745
 [1765] 22781 22786 22791 22854 22857 22897 22900 22903 22920 22948 22949 22950 22952 22959 22977 23018 23031 23044
 [1783] 23060 23062 23067 23103 23119 23120 23123 23129 23136 23146 23147 23148 23161 23166 23167 23179 23195 23199
 [1801] 23200 23201 23205 23249 23252 23262 23270 23271 23274 23309 23311 23312 23314 23321 23330 23333 23339 23357
 [1819] 23358 23373 23391 23424 23430 23506 23533 23557 23583 23584 23607 23611 23614 23620 23628 23629 23654 23660
 [1837] 23666 23718 23722 23723 23731 23741 23747 23755 23763 23788 23811 23817 23833 23834 23838 23840 23848 23850
 [1855] 23874 23888 23913 23939 23945 23953 23962 23965 23988 24001 24018 24028 24031 24047 24066 24075 24077 24083
 [1873] 24090 24095 24107 24114 24152 24170 24186 24208 24212 24218 24245 24264 24269 24274 24283 24291 24317 24318
 [1891] 24326 24350 24367 24388 24393 24415 24458 24462 24476 24480 24499 24508 24512 24515 24533 24535 24544 24555
 [1909] 24564 24567 24578 24597 24608 24645 24657 24659 24668 24683 24709 24720 24725 24746 24764 24783 24796 24807
 [1927] 24846 24847 24881 24896 24897 24904 24908 24913 24914 24926 24933 24934 24941 24953 25014 25021 25028 25044
 [1945] 25060 25084 25089 25092 25105 25112 25133 25159 25172 25173 25175 25202 25220 25226 25244 25246 25257 25267
 [1963] 25270 25290 25291 25292 25293 25294 25295 25308 25311 25323 25332 25338 25370 25384 25395 25396 25403 25414
 [1981] 25416 25437 25442 25443 25459 25473 25486 25491 25496 25497 25509 25512 25601 25651 25664 25665 25677 25699
 [1999] 25704 25716 25717 25721 25731 25757 25795 25810 25816 25838 25848 25850 25860 25861 25869 25872 25874 25883
 [2017] 25887 25919 25925 25933 25936 25954 25960 25999 26035 26039 26040 26042 26049 26065 26074 26088 26089 26107
 [2035] 26115 26123 26146 26149 26153 26165 26166 26170 26172 26175 26191 26193 26196 26207 26213 26216 26225 26236
 [2053] 26239 26243 26253 26274 26282 26283 26286 26295 26300 26301 26338 26352 26359 26390 26399 26417 26450 26456
 [2071] 26461 26465 26466 26474 26493 26497 26499 26502 26555 26559 26576 26591 26600 26624 26627 26631 26638 26643
 [2089] 26644 26665 26670 26671 26687 26697 26704 26740 26747 26760 26762 26785 26786 26789 26820 26840 26855 26861
 [2107] 26879 26882 26913 26932 26936 26938 26942 26947 26950 26952 26989 26991 26998 27007 27021 27059 27085 27090
 [2125] 27097 27103 27104 27107 27114 27115 27116 27123 27130 27142 27150 27166 27172 27175 27183 27192 27205 27211
 [2143] 27217 27227 27249 27283 27290 27321 27361 27367 27368 27395 27424 27425 27440 27453 27474 27520 27523 27533
 [2161] 27555 27563 27565 27574 27576 27595 27630 27631 27645 27655 27661 27675 27677 27696 27702 27705 27712 27729
 [2179] 27740 27759 27765 27777 27783 27784 27791 27804 27808 27811 27812 27821 27823 27833 27856 27859 27864 27874
 [2197] 27882 27890 27897 27937 27952 27955 27956 27959 27969 27972 28003 28019 28026 28031 28046 28068 28072 28074
 [2215] 28092 28094 28101 28109 28117 28166 28182 28183 28187 28188 28193 28200 28206 28256 28270 28272 28310 28312
 [2233] 28314 28325 28327 28331 28341 28368 28375 28377 28382 28391 28392 28403 28408 28416 28417 28430 28435 28451
 [2251] 28466 28476 28481 28504 28505 28541 28543 28544 28555 28566 28581 28583 28597 28600 28614 28630 28633 28639
 [2269] 28662 28664 28702 28719 28731 28732 28752 28767 28773 28778 28785 28804 28822 28849 28850 28859 28861 28875
 [2287] 28879 28881 28883 28887 28893 28899 28902 28912 28922 28929 28943 28959 28964 28969 28970 28987 28993 29013
 [2305] 29018 29030 29048 29051 29066 29070 29086 29117 29124 29139 29150 29157 29207 29209 29226 29245 29248 29249
 [2323] 29265 29269 29293 29307 29308 29328 29345 29356 29359 29379 29384 29396 29399 29404 29421 29423 29424 29439
 [2341] 29440 29450 29451 29453 29472 29474 29488 29509 29515 29519 29521 29534 29545 29556 29559 29564 29603 29646
 [2359] 29648 29652 29664 29668 29671 29681 29705 29713 29721 29736 29751 29770 29775 29780 29791 29799 29816 29822
 [2377] 29826 29829 29830 29843 29848 29851 29855 29871 29872 29882 29885 29888 29898 29904 29906 29912 29914 29922
 [2395] 29933 29960 29968 29969 29971 29984 30003 30019 30037 30040 30056 30067 30072 30074 30078 30090 30093 30123
 [2413] 30132 30142 30172 30182 30193 30207 30210 30211 30215 30236 30238 30245 30249 30257 30258 30271 30272 30273
 [2431] 30275 30280 30284 30288 30294 30349 30351 30384 30399 30403 30409 30417 30418 30425 30436 30444 30451 30490
 [2449] 30504 30541 30577 30582 30596 30611 30615 30621 30631 30633 30657 30659 30669 30674 30681 30692 30697 30712
 [2467] 30713 30716 30739 30754 30766 30785 30786 30787 30799 30802 30809 30837 30838 30843 30844 30850 30871 30878
 [2485] 30906 30914 30927 30931 30943 30955 30964 30972 31008 31028 31035 31044 31068 31069 31072 31081 31083 31095
 [2503] 31096 31163 31165 31171 31182 31193 31214 31221 31240 31242 31282 31288 31316 31317 31324 31330 31343 31371
 [2521] 31377 31394 31395 31396 31414 31415 31420 31425 31444 31451 31452 31464 31467 31471 31486 31493 31503 31513
 [2539] 31524 31525 31530 31539 31561 31563 31573 31610 31613 31631 31632 31637 31640 31644 31662 31664 31686 31687
 [2557] 31730 31740 31745 31754 31761 31771 31773 31774 31776 31781 31782 31786 31797 31804 31830 31839 31845 31871
 [2575] 31881 31883 31886 31904 31906 31908 31915 31917 31923 31930 31940 31949 31955 31978 31980 31993 31994 32005
 [2593] 32013 32031 32074 32083 32086 32090 32091 32094 32103 32104 32114 32119 32121 32123 32132 32136 32157 32179
 [2611] 32189 32196 32202 32253 32293 32300 32308 32317 32322 32328 32358 32360 32363 32373 32400 32401 32407 32416
 [2629] 32419 32448 32482 32511 32515 32551 32573 32612 32624 32657 32675 32676 32678 32688 32691 32694 32695 32705
 [2647] 32712 32714 32718 32741 32754 32761 32768 32770 32779 32798 32822 32824 32854 32860 32870 32872 32874 32879
 [2665] 32885 32918 32928 32932 32946 32960 32981 33007 33016 33059 33070 33071 33074 33076 33088 33089 33106 33114
 [2683] 33127 33131 33144 33150 33158 33169 33197 33203 33231 33242 33262 33264 33266 33273 33287 33291 33324 33336
 [2701] 33349 33354 33359 33371 33380 33413 33418 33423 33427 33434 33435 33444 33458 33462 33470 33472 33484 33500
 [2719] 33513 33548 33553 33568 33584 33589 33590 33623 33624 33688 33698 33700 33708 33713 33722 33731 33759 33764
 [2737] 33776 33800 33806 33809 33811 33812 33824 33826 33832 33834 33844 33888 33889 33931 33935 33965 33973 33978
 [2755] 34000 34006 34011 34015 34020 34022 34024 34025 34036 34038 34048 34051 34057 34064 34075 34081 34082 34100
 [2773] 34105 34121 34130 34131 34141 34170 34181 34197 34215 34221 34231 34232 34279 34317 34323 34339 34369 34371
 [2791] 34382 34390 34407 34411 34413 34425 34438 34442 34455 34461 34471 34474 34482 34485 34486 34492 34504 34512
 [2809] 34519 34532 34540 34564 34580 34582 34583 34598 34601 34603 34606 34619 34628 34670 34678 34686 34687 34694
 [2827] 34706 34708 34752 34768 34770 34774 34797 34799 34805 34808 34809 34843 34848 34852 34859 34863 34875 34884
 [2845] 34901 34908 34919 34922 34926 34956 34962 34975 34980 34986 34991 35002 35009 35011 35020 35031 35032 35039
 [2863] 35047 35055 35068 35085 35114 35115 35117 35135 35189 35220 35222 35226 35228 35234 35237 35241 35249 35251
 [2881] 35268 35299 35311 35326 35334 35339 35346 35350 35371 35385 35398 35400 35406 35431 35443 35454 35459 35476
 [2899] 35486 35487 35508 35516 35543 35556 35566 35570 35573 35580 35607 35609 35622 35666 35682 35683 35685 35686
 [2917] 35692 35695 35699 35700 35702 35708 35717 35720 35729 35762 35763 35781 35785 35806 35846 35851 35896 35910
 [2935] 35915 35917 35954 35963 35974 35981 35983 35984 35987 35991 36020 36026 36045 36081 36083 36133 36134 36166
 [2953] 36175 36177 36198 36208 36217 36222 36225 36231 36232 36243 36252 36266 36271 36273 36279 36299 36321 36325
 [2971] 36343 36344 36374 36386 36389 36392 36398 36405 36406 36410 36412 36414 36436 36454 36466 36467 36487 36492
 [2989] 36505 36507 36516 36521 36528 36555 36568 36573 36579 36587 36606 36631 36637 36647 36671 36689 36699 36704
 [3007] 36706 36724 36732 36744 36763 36764 36767 36769 36790 36795 36797 36804 36813 36818 36819 36836 36862 36887
 [3025] 36905 36912 36919 36938 36940 36948 36955 36967 36980 36982 36987 36990 37002 37005 37025 37060 37091 37092
 [3043] 37118 37134 37142 37156 37220 37229 37244 37245 37250 37253 37258 37271 37274 37294 37306 37309 37311 37323
 [3061] 37333 37348 37349 37375 37384 37399 37427 37434 37436 37444 37471 37481 37508 37522 37523 37527 37531 37536
 [3079] 37538 37544 37554 37563 37574 37576 37585 37598 37605 37606 37607 37625 37630 37641 37660 37663 37702 37712
 [3097] 37721 37728 37739 37787 37799 37806 37815 37817 37863 37874 37885 37886 37888 37891 37911 37927 37928 37930
 [3115] 37945 37947 37957 37980 37995 38000 38011 38015 38025 38027 38028 38036 38037 38064 38131 38133 38154 38155
 [3133] 38169 38193 38194 38202 38203 38212 38268 38271 38293 38300 38308 38337 38340 38344 38363 38375 38382 38411
 [3151] 38421 38425 38434 38435 38439 38443 38454 38498 38502 38530 38541 38542 38546 38548 38553 38570 38575 38588
 [3169] 38591 38599 38600 38605 38616 38627 38635 38650 38657 38670 38672 38689 38694 38696 38704 38709 38726 38733
 [3187] 38740 38744 38764 38767 38803 38809 38817 38821 38836 38849 38851 38862 38868 38871 38873 38913 38943 38975
 [3205] 39012 39032 39036 39042 39049 39052 39053 39074 39096 39111 39112 39121 39123 39134 39146 39150 39162 39216
 [3223] 39221 39222 39226 39240 39253 39258 39265 39286 39293 39306 39315 39324 39336 39344 39349 39360 39399 39401
 [3241] 39402 39405 39421 39437 39444 39464 39483 39512 39528 39535 39542 39543 39550 39551 39576 39577 39587 39615
 [3259] 39621 39627 39628 39630 39631 39675 39686 39713 39720 39740 39755 39761 39762 39768 39772 39789 39801 39805
 [3277] 39807 39823 39826 39852 39853 39870 39871 39872 39882 39885 39893 39914 39919 39920 39923 39931 39937 39947
 [3295] 39955 40007 40012 40016 40020 40039 40042 40051 40059 40063 40065 40086 40094 40098 40138 40141 40150 40160
 [3313] 40193 40199 40210 40211 40214 40222 40226 40230 40245 40246 40249 40257 40261 40269 40273 40277 40282 40283
 [3331] 40285 40295 40299 40312 40340 40344 40405 40411 40416 40450 40476 40506 40539 40558 40560 40593 40596 40609
 [3349] 40619 40630 40644 40650 40666 40671 40683 40688 40692 40696 40730 40736 40742 40749 40773 40780 40790 40815
 [3367] 40830 40838 40851 40871 40883 40893 40912 40919 40923 40952 40954 40963 40965 40968 40969 40985 40999 41014
 [3385] 41020 41023 41024 41029 41030 41040 41041 41075 41080 41083 41093 41097 41108 41144 41150 41160 41162 41174
 [3403] 41178 41204 41214 41221 41223 41230 41236 41244 41245 41261 41273 41296 41298 41301 41323 41335 41336 41361
 [3421] 41370 41374 41379 41388 41390 41406 41412 41419 41428 41434 41461 41469 41483 41493 41505 41507 41508 41514
 [3439] 41516 41531 41533 41535 41560 41596 41601 41612 41619 41639 41691 41694 41703 41721 41728 41734 41776 41795
 [3457] 41801 41806 41822 41832 41841 41843 41885 41898 41916 41917 41934 41936 41937 41955 41957 41959 41976 41978
 [3475] 41981 41983 41984 41994 42024 42025 42033 42058 42060 42063 42064 42080 42082 42088 42111 42124 42128 42135
 [3493] 42165 42168 42170 42173 42177 42189 42191 42194 42199 42241 42263 42265 42270 42274 42294 42295 42299 42300
 [3511] 42308 42314 42319 42340 42368 42370 42371 42407 42416 42420 42423 42434 42466 42475 42478 42488 42495 42503
 [3529] 42505 42513 42521 42536 42553 42558 42580 42596 42598 42599 42601 42608 42613 42614 42628 42652 42657 42671
 [3547] 42680 42681 42854 42897 42913 42917 42921 42931 42939 42944 42946 42948 42953 42955 42959 42961 42969 42971
 [3565] 42972 42978 42983 42988 43001 43017 43019 43034 43042 43044 43052 43053 43060 43064 43072 43073 43085 43095
 [3583] 43100 43101 43104 43118 43127 43132 43147 43148 43150 43158 43219 43265 43273 43276 43287 43312 43313 43326
 [3601] 43341 43352 43353 43354 43360 43372 43401 43417 43434 43442 43445 43447 43448 43468 43469 43473 43474 43484
 [3619] 43508 43511 43524 43530 43540 43549 43569 43579 43597 43608 43612 43628 43631 43648 43674 43689 43696 43700
 [3637] 43703 43723 43733 43734 43736 43738 43741 43747 43748 43778 43781 43783 43791 43818 43829 43834 43841 43847
 [3655] 43852 43854 43855 43857 43867 43875 43900 43901 43906 43907 43918 43932 43941 43945 43950 43959 43976 43982
 [3673] 43984 43998 44003 44010 44021 44028 44043 44048 44060 44064 44072 44074 44076 44077 44093 44099 44100 44102
 [3691] 44106 44112 44123 44142 44143 44145 44159 44169 44170 44171 44179 44184 44195 44220 44221 44222 44223 44232
 [3709] 44263 44278 44280 44285 44300 44306 44311 44316 44325 44326 44329 44351 44356 44368 44372 44411 44424 44446
 [3727] 44453 44456 44465 44470 44480 44506 44508 44530 44551 44553 44557 44562 44577 44580 44632 44641 44647 44655
 [3745] 44657 44660 44666 44677 44686 44744 44745 44749 44751 44754 44774 44777 44801 44804 44812 44841 44844 44859
 [3763] 44864 44871 44877 44883 44887 44894 44912 44921 44940 44944 44945 44954 44960 44971 44973 44975 45013 45017
 [3781] 45021 45037 45071 45077 45080 45084 45089 45098 45100 45108 45109 45112 45134 45156 45162 45165 45181 45183
 [3799] 45192 45204 45214 45271 45299 45312 45315 45347 45351 45365 45384 45387 45417 45418 45419 45431 45437 45450
 [3817] 45460 45476 45495 45509 45519 45529 45545 45546 45559 45561 45568 45570 45586 45592 45599 45601 45631 45636
 [3835] 45646 45656 45657 45668 45675 45683 45689 45694 45703 45727 45732 45736 45742 45751 45766 45772 45774 45780
 [3853] 45782 45792 45807 45839 45854 45861 45866 45869 45872 45880 45885 45886 45887 45895 45900 45901 45921 45925
 [3871] 45926 45928 45941 45954 45963 45979 45982 45986 46003 46019 46032 46049 46050 46060 46070 46073 46080 46086
 [3889] 46095 46102 46113 46126 46128 46132 46134 46138 46155 46170 46189 46197 46206 46223 46227 46244 46252 46257
 [3907] 46275 46279 46287 46290 46296 46297 46301 46307 46318 46329 46343 46362 46370 46372 46376 46378 46382 46385
 [3925] 46388 46389 46410 46425 46441 46452 46466 46473 46493 46505 46516 46524 46525 46532 46533 46548 46558 46563
 [3943] 46570 46571 46575 46580 46590 46612 46618 46624 46634 46651 46656 46658 46659 46666 46671 46675 46703 46716
 [3961] 46719 46724 46728 46749 46750 46787 46788 46808 46818 46822 46831 46841 46846 46857 46861 46867 46872 46873
 [3979] 46878 46891 46937 46943 46951 46954 46961 47019 47026 47028 47032 47036 47055 47057 47065 47066 47067 47076
 [3997] 47082 47100 47108 47152 47157 47163 47166 47167 47174 47189 47191 47201 47217 47249 47281 47284 47313 47316
 [4015] 47366 47372 47375 47393 47407 47410 47422 47434 47447 47461 47479 47485 47511 47512 47518 47523 47525 47527
 [4033] 47536 47537 47557 47562 47573 47576 47588 47591 47596 47604 47609 47623 47658 47663 47673 47674 47690 47699
 [4051] 47723 47735 47740 47746 47748 47751 47755 47762 47771 47773 47776 47791 47804 47805 47810 47811 47829 47834
 [4069] 47855 47875 47880 47881 47883 47884 47900 47902 47907 47908 47909 47915 47918 47931 47956 47962 47977 47980
 [4087] 47981 48003 48017 48019 48024 48030 48039 48060 48062 48092 48097 48106 48112 48115 48119 48140 48148 48155
 [4105] 48169 48175 48177 48180 48184 48204 48211 48214 48217 48219 48234 48239 48251 48256 48257 48267 48269 48270
 [4123] 48278 48279 48284 48287 48288 48289 48320 48347 48349 48383 48391 48410 48416 48419 48421 48431 48433 48458
 [4141] 48470 48473 48474 48476 48491 48501 48504 48514 48515 48521 48523 48524 48528 48529 48533 48559 48565 48570
 [4159] 48573 48610 48646 48654 48661 48676 48677 48686 48687 48690 48696 48723 48747 48777 48812 48813 48835 48839
 [4177] 48846 48863 48871 48903 48921 48923 48930 48940 48945 48946 48947 48959 48975 48979 48982 48983 48989 49021
 [4195] 49025 49036 49047 49058 49063 49064 49072 49077 49080 49081 49082 49093 49104 49107 49139 49140 49154 49178
 [4213] 49179 49180 49193 49215 49225 49238 49242 49243 49266 49275 49307 49310 49330 49333 49343 49359 49367 49372
 [4231] 49375 49379 49380 49388 49392 49400 49412 49417 49420 49426 49431 49434 49481 49491 49495 49526 49527 49530
 [4249] 49539 49547 49573 49594 49603 49604 49628 49642 49644 49651 49654 49667 49669 49677 49682 49688 49706 49718
 [4267] 49725 49737 49739 49754 49759 49764 49767 49773 49774 49785 49801 49812 49817 49819 49821 49838 49853 49860
 [4285] 49869 49904 49930 49948 49952 49954 49964 50010 50011 50044 50066 50080 50089 50090 50093 50108 50109 50110
 [4303] 50116 50122 50126 50132 50147 50163 50169 50193 50200 50206 50214 50215 50232 50243 50251 50266 50273 50297
 [4321] 50298 50299 50308 50327 50328 50331 50338 50343 50351 50353 50356 50357 50370 50394 50398 50404 50406 50426
 [4339] 50442 50447 50449 50452 50462 50468 50484 50486 50492 50548 50555 50597 50600 50603 50617 50620 50629 50651
 [4357] 50673 50709 50716 50721 50747 50753 50758 50760 50761 50772 50781 50796 50806 50807 50814 50824 50827 50848
 [4375] 50853 50857 50858 50861 50863 50928 50937 50942 50944 50962 50963 50965 50966 50967 50968 50981 50983 51006
 [4393] 51007 51019 51026 51028 51036 51063 51064 51069 51081 51089 51095 51102 51106 51127 51131 51143 51159 51170
 [4411] 51177 51179 51199 51207 51229 51233 51240 51261 51279 51282 51289 51294 51344 51353 51358 51367 51391 51401
 [4429] 51413 51418 51443 51445 51450 51464 51471 51472 51478 51509 51520 51525 51539 51544 51566 51572 51574 51575
 [4447] 51583 51584 51589 51594 51609 51617 51623 51625 51647 51669 51680 51686 51687 51690 51705 51708 51718 51719
 [4465] 51722 51723 51738 51763 51767 51770 51798 51810 51811 51812 51815 51824 51849 51874 51887 51894 51896 51900
 [4483] 51903 51907 51912 51915 51917 51932 51934 51945 51950 51957 51963 51977 51978 51998 52008 52027 52031 52034
 [4501] 52035 52040 52045 52055 52059 52067 52077 52095 52097 52110 52114 52118 52127 52128 52130 52138 52146 52164
 [4519] 52176 52181 52184 52189 52199 52202 52203 52206 52215 52222 52228 52229 52250 52257 52272 52277 52286 52291
 [4537] 52296 52317 52337 52353 52356 52380 52381 52395 52401 52402 52404 52413 52415 52424 52429 52432 52433 52436
 [4555] 52449 52469 52477 52483 52486 52492 52496 52508 52548 52552 52559 52584 52592 52593 52596 52601 52607 52609
 [4573] 52615 52627 52631 52636 52643 52650 52657 52673 52708 52709 52712 52729 52764 52772 52788 52793 52796 52809
 [4591] 52810 52818 52823 52825 52849 52863 52867 52895 52897 52902 52922 52923 52925 52926 52931 52934 52957 52959
 [4609] 52962 52965 52967 52968 52998 53003 53005 53025 53044 53054 53058 53061 53068 53079 53086 53088 53106 53109
 [4627] 53113 53134 53169 53171 53190 53192 53200 53201 53214 53221 53225 53238 53239 53260 53280 53283 53303 53319
 [4645] 53338 53344 53378 53391 53405 53426 53435 53449 53463 53467 53486 53494 53499 53509 53519 53527 53529 53532
 [4663] 53535 53546 53547 53554 53555 53556 53567 53580 53583 53593 53594 53603 53608 53610 53636 53651 53681 53682
 [4681] 53684 53688 53691 53694 53695 53713 53716 53717 53721 53726 53728 53729 53731 53745 53772 53774 53779 53786
 [4699] 53806 53809 53811 53827 53832 53841 53855 53858 53878 53882 53885 53908 53917 53929 53942 53944 53950 53951
 [4717] 53956 53983 53987 53993 53999 54020 54025 54034 54056 54077 54119 54121 54126 54169 54172 54177 54203 54208
 [4735] 54209 54232 54246 54257 54258 54260 54274 54297 54315 54338 54340 54359 54363 54377 54379 54386 54393 54406
 [4753] 54407 54409 54421 54428 54441 54445 54464 54466 54499 54503 54510 54522 54529 54534 54692 54693 54733 54754
 [4771] 54761 54771 54780 54793 54794 54799 54818 54823 54826 54848 54852 54863 54868 54869 54890 54895 54899 54906
 [4789] 54907 54910 54917 54926 54928 54929 54938 54940 54942 54944 54962 54973 54988 54993 54996 54998 55006 55011
 [4807] 55020 55040 55049 55052 55057 55059 55087 55089 55092 55115 55117 55131 55149 55159 55179 55188 55193 55194
 [4825] 55208 55213 55234 55246 55261 55264 55272 55276 55297 55313 55328 55330 55351 55358 55373 55411 55415 55434
 [4843] 55435 55448 55453 55460 55467 55469 55481 55540 55562 55572 55583 55586 55591 55610 55615 55630 55638 55655
 [4861] 55668 55670 55695 55732 55734 55746 55763 55773 55775 55789 55791 55815 55818 55821 55830 55842 55848 55854
 [4879] 55865 55867 55876 55892 55902 55906 55909 55915 55920 55923 55926 55930 55935 55954 55969 55971 55972 55973
 [4897] 55981 55989 55991 55995 56001 56002 56006 56008 56009 56014 56020 56032 56035 56036 56038 56051 56052 56062
 [4915] 56077 56078 56081 56082 56103 56113 56116 56131 56133 56150 56206 56219 56226 56233 56248 56252 56259 56276
 [4933] 56280 56281 56285 56300 56303 56315 56317 56318 56319 56328 56330 56333 56335 56336 56346 56355 56374 56377
 [4951] 56392 56395 56410 56424 56435 56438 56465 56467 56488 56490 56496 56502 56509 56519 56580 56581 56592 56596
 [4969] 56602 56606 56609 56611 56615 56626 56632 56636 56648 56653 56665 56675 56676 56685 56693 56705 56709 56717
 [4987] 56719 56724 56730 56737 56746 56759 56762 56770 56788 56798 56801 56818 56832 56839 56842 56856 56857 56865
 [5005] 56868 56870 56871 56886 56920 56927 56930 56931 56934 56963 56964 56992 56995 56996 56997 57004 57005 57007
 [5023] 57028 57051 57052 57054 57061 57069 57070 57083 57087 57089 57101 57103 57104 57132 57139 57141 57143 57144
 [5041] 57145 57179 57188 57190 57197 57209 57210 57215 57240 57261 57264 57273 57277 57283 57286 57294 57296 57301
 [5059] 57309 57327 57334 57339 57382 57392 57395 57404 57405 57421 57430 57435 57453 57463 57466 57475 57476 57499
 [5077] 57501 57502 57503 57512 57524 57528 57530 57536 57539 57543 57548 57567 57578 57587 57615 57623 57635 57639
 [5095] 57646 57653 57672 57686 57695 57704 57705 57708 57713 57725 57732 57756 57758 57759 57767 57772 57776 57780
 [5113] 57792 57793 57794 57799 57815 57828 57837 57843 57851 57861 57886 57891 57901 57902 57927 57934 57940 57947
 [5131] 57962 57990 58003 58005 58013 58015 58020 58024 58025 58043 58080 58089 58092 58101 58106 58111 58116 58127
 [5149] 58129 58142 58144 58163 58165 58171 58179 58189 58194 58199 58218 58220 58232 58234 58248 58257 58261 58267
 [5167] 58279 58290 58296 58298 58323 58340 58374 58375 58389 58390 58394 58405 58407 58413 58435 58439 58454 58476
 [5185] 58483 58493 58499 58501 58529 58535 58541 58555 58564 58566 58568 58570 58573 58579 58596 58600 58612 58613
 [5203] 58626 58636 58650 58663 58668 58683 58690 58693 58699 58704 58709 58729 58732 58736 58768 58772 58783 58788
 [5221] 58789 58804 58805 58827 58828 58870 58874 58877 58883 58888 58889 58907 58910 58923 58926 58939 58941 58959
 [5239] 58961 58967 58983 58990 58997 59000 59005 59009 59031 59037 59067 59069 59087 59097 59107 59108 59112 59120
 [5257] 59128 59132 59135 59139 59147 59160 59190 59195 59203 59218 59222 59223 59232 59235 59252 59255 59259 59263
 [5275] 59277 59278 59279 59283 59292 59316 59323 59339 59340 59348 59365 59366 59371 59381 59392 59396 59407 59431
 [5293] 59454 59463 59464 59478 59487 59492 59493 59496 59500 59501 59503 59553 59568 59570 59574 59576 59577 59582
 [5311] 59585 59586 59606 59608 59612 59619 59620 59621 59623 59644 59662 59682 59694 59695 59701 59720 59724 59726
 [5329] 59756 59762 59766 59767 59774 59794 59798 59806 59814 59816 59830 59831 59866 59881 59882 59898 59900 59907
 [5347] 59911 59934 59952 59975 59982 59985 59996 60008 60018 60024 60053 60074 60085 60118 60124 60126 60127 60130
 [5365] 60131 60159 60166 60168 60193 60201 60216 60229 60231 60241 60247 60257 60258 60266 60273 60299 60306 60316
 [5383] 60327 60341 60362 60370 60397 60398 60411 60416 60445 60449 60461 60465 60471 60506 60507 60511 60518 60519
 [5401] 60522 60537 60541 60544 60550 60555 60556 60568 60595 60600 60612 60615 60619 60621 60634 60655 60662 60666
 [5419] 60681 60694 60701 60715 60716 60718 60734 60738 60740 60747 60749 60765 60785 60800 60808 60809 60813 60844
 [5437] 60845 60846 60852 60854 60856 60874 60895 60912 60916 60930 60938 60940 60951 60960 60962 60966 60968 60983
 [5455] 60992 60998 61003 61005 61008 61011 61014 61023 61027 61029 61030 61036 61050 61056 61077 61080 61086 61089
 [5473] 61092 61095 61104 61113 61145 61147 61148 61157 61162 61170 61173 61197 61213 61218 61249 61256 61263 61279
 [5491] 61280 61285 61289 61309 61311 61312 61316 61356 61359 61373 61380 61400 61405 61408 61409 61422 61430 61439
 [5509] 61440 61459 61463 61467 61472 61475 61479 61480 61512 61514 61523 61526 61527 61528 61537 61546 61551 61557
 [5527] 61561 61580 61581 61585 61597 61609 61613 61619 61630 61637 61644 61653 61656 61658 61659 61661 61662 61682
 [5545] 61684 61700 61704 61705 61710 61711 61712 61714 61715 61717 61724 61726 61730 61733 61768 61771 61774 61783
 [5563] 61794 61805 61809 61815 61830 61833 61853 61886 61892 61916 61919 61925 61933 61943 61949 61953 61954 61960
 [5581] 61964 61969 61989 61993 61999 62011 62012 62017 62030 62037 62045 62048 62049 62064 62073 62074 62097 62102
 [5599] 62109 62113 62122 62125 62129 62140 62167 62174 62189 62209 62230 62235 62238 62242 62245 62269 62280 62287
 [5617] 62292 62303 62318 62319 62331 62335 62353 62354 62359 62361 62365 62376 62424 62434 62438 62439 62456 62472
 [5635] 62502 62514 62517 62522 62562 62563 62567 62573 62584 62585 62591 62593 62602 62607 62623 62631 62633 62652
 [5653] 62654 62661 62664 62674 62686 62687 62696 62741 62743 62756 62760 62763 62765 62774 62779 62783 62803 62809
 [5671] 62811 62815 62823 62831 62832 62833 62834 62844 62845 62846 62851 62854 62858 62859 62861 62873 62896 62899
 [5689] 62901 62915 62928 62941 62960 62981 62997 63009 63012 63021 63041 63061 63071 63081 63092 63102 63109 63113
 [5707] 63117 63124 63130 63183 63190 63233 63245 63246 63247 63268 63276 63282 63295 63334 63335 63341 63344 63347
 [5725] 63370 63385 63389 63394 63406 63408 63414 63417 63428 63429 63448 63460 63474 63476 63482 63493 63500 63504
 [5743] 63508 63511 63514 63522 63526 63532 63555 63562 63564 63574 63587 63589 63601 63612 63640 63643 63670 63682
 [5761] 63683 63749 63764 63768 63769 63784 63787 63793 63799 63823 63829 63838 63845 63846 63850 63854 63859 63862
 [5779] 63881 63883 63885 63886 63890 63904 63910 63915 63926 63927 63929 63933 63936 63943 63947 63948 63959 63960
 [5797] 63971 63974 63987 63994 64006 64007 64031 64054 64065 64087 64090 64097 64104 64116 64128 64138 64142 64150
 [5815] 64154 64164 64173 64174 64179 64182 64184 64187 64204 64209 64210 64220 64221 64233 64244 64266 64271 64273
 [5833] 64277 64286 64288 64303 64306 64309 64317 64326 64342 64348 64351 64364 64373 64380 64383 64402 64416 64417
 [5851] 64420 64427 64434 64444 64446 64448 64452 64456 64457 64459 64461 64488 64510 64520 64525 64526 64530 64555
 [5869] 64564 64589 64590 64610 64617 64622 64627 64631 64641 64658 64665 64692 64696 64724 64735 64736 64742 64744
 [5887] 64764 64768 64781 64784 64796 64797 64806 64829 64835 64836 64846 64872 64891 64912 64923 64939 64944 64947
 [5905] 64968 64978 64981 64997 65002 65009 65018 65033 65047 65050 65074 65084 65101 65115 65119 65122 65123 65124
 [5923] 65126 65142 65159 65163 65164 65171 65195 65201 65207 65223 65225 65228 65235 65237 65249 65250 65252 65261
 [5941] 65262 65269 65284 65291 65307 65315 65319 65334 65336 65338 65342 65345 65349 65366 65370 65373 65379 65384
 [5959] 65398 65399 65433 65445 65461 65464 65472 65473 65478 65498 65502 65508 65513 65520 65522 65532 65555 65560
 [5977] 65572 65578 65581 65597 65610 65614 65623 65633 65639 65645 65649 65669 65678 65681 65685 65692 65708 65713
 [5995] 65719 65724 65725 65728 65729 65736 65737 65739 65752 65769 65779 65781 65807 65810 65862 65864 65868 65869
 [6013] 65879 65884 65892 65894 65897 65899 65904 65910 65913 65918 65925 65943 65952 65982 66010 66011 66020 66024
 [6031] 66047 66049 66053 66057 66063 66064 66074 66078 66080 66081 66086 66089 66099 66118 66119 66120 66125 66153
 [6049] 66154 66163 66177 66205 66211 66234 66242 66246 66247 66262 66289 66296 66305 66315 66324 66332 66344 66345
 [6067] 66354 66357 66360 66381 66386 66398 66399 66404 66407 66410 66419 66427 66429 66435 66444 66445 66448 66458
 [6085] 66462 66463 66469 66473 66474 66478 66486 66494 66524 66525 66531 66543 66559 66560 66561 66565 66569 66580
 [6103] 66598 66601 66616 66621 66627 66638 66639 66647 66660 66668 66669 66691 66695 66711 66727 66733 66738 66741
 [6121] 66744 66746 66759 66765 66772 66781 66787 66790 66794 66800 66812 66822 66823 66826 66835 66836 66844 66847
 [6139] 66851 66859 66866 66868 66870 66875 66877 66878 66886 66923 66924 66926 66935 66950 66952 66957 66958 66961
 [6157] 66966 66970 66979 66983 66985 66994 66997 67003 67016 67020 67060 67069 67076 67081 67083 67092 67100 67105
 [6175] 67111 67115 67143 67147 67154 67168 67170 67174 67182 67184 67193 67199 67202 67207 67212 67213 67223 67266
 [6193] 67275 67283 67291 67293 67294 67299 67314 67343 67350 67354 67357 67376 67393 67409 67412 67414 67423 67433
 [6211] 67453 67477 67478 67481 67487 67494 67495 67520 67523 67531 67532 67535 67540 67553 67564 67577 67593 67615
 [6229] 67620 67625 67626 67636 67641 67642 67644 67647 67650 67666 67671 67688 67691 67693 67695 67697 67746 67759
 [6247] 67772 67783 67785 67811 67817 67823 67828 67835 67838 67842 67846 67866 67887 67895 67900 67907 67912 67959
 [6265] 67961 68006 68008 68011 68013 68015 68018 68022 68034 68040 68046 68050 68063 68067 68089 68099 68109 68110
 [6283] 68119 68120 68122 68124 68133 68138 68148 68163 68166 68180 68183 68208 68211 68219 68227 68228 68249 68250
 [6301] 68261 68269 68272 68275 68291 68296 68297 68318 68324 68331 68334 68337 68338 68348 68349 68362 68369 68371
 [6319] 68372 68383 68405 68411 68413 68434 68457 68458 68461 68462 68465 68466 68468 68479 68493 68508 68511 68514
 [6337] 68524 68528 68531 68552 68554 68566 68572 68573 68588 68607 68610 68619 68628 68639 68640 68669 68673 68686
 [6355] 68691 68722 68727 68728 68743 68752 68753 68754 68759 68769 68780 68787 68805 68811 68813 68818 68822 68836
 [6373] 68851 68852 68855 68859 68866 68870 68872 68884 68889 68904 68905 68908 68909 68916 68917 68918 68945 68953
 [6391] 68955 68986 68990 68999 69000 69006 69012 69021 69040 69044 69068 69079 69086 69108 69120 69140 69146 69153
 [6409] 69159 69163 69168 69171 69178 69240 69247 69248 69257 69262 69263 69297 69299 69300 69333 69340 69350 69356
 [6427] 69359 69361 69366 69372 69395 69396 69397 69403 69417 69418 69419 69420 69424 69437 69456 69458 69463 69492
 [6445] 69495 69501 69505 69510 69511 69540 69558 69560 69564 69565 69566 69577 69578 69579 69593 69595 69597 69599
 [6463] 69613 69626 69635 69642 69644 69647 69655 69696 69720 69760 69767 69774 69775 69799 69801 69803 69804 69817
 [6481] 69819 69823 69837 69842 69845 69890 69893 69894 69899 69900 69904 69914 69926 69935 69936 69938 69940 69942
 [6499] 69954 69971 69974 69984 69989 69993 70001 70005 70013 70028 70035 70037 70043 70046 70048 70054 70060 70061
 [6517] 70068 70075 70087 70088 70090 70112 70132 70133 70152 70155 70177 70229 70233 70234 70235 70255 70256 70264
 [6535] 70282 70284 70295 70298 70309 70318 70330 70336 70337 70338 70340 70342 70347 70348 70351 70366 70369 70379
 [6553] 70387 70391 70392 70403 70407 70430 70431 70441 70445 70447 70450 70452 70466 70483 70493 70497 70501 70502
 [6571] 70505 70507 70516 70518 70540 70549 70553 70580 70584 70608 70621 70625 70626 70630 70640 70642 70646 70648
 [6589] 70649 70655 70672 70677 70685 70687 70692 70701 70704 70706 70709 70712 70718 70721 70724 70746 70752 70762
 [6607] 70764 70768 70769 70771 70775 70781 70783 70784 70811 70840 70850 70861 70873 70874 70875 70877 70905 70912
 [6625] 70919 70929 70938 70939 70955 70966 70990 71000 71006 71012 71016 71021 71025 71044 71051 71057 71061 71063
 [6643] 71073 71078 71090 71103 71109 71116 71119 71127 71134 71138 71139 71168 71176 71178 71182 71186 71200 71203
 [6661] 71206 71211 71213 71218 71219 71221 71232 71239 71241 71242 71263 71265 71281 71285 71286 71294 71296 71305
 [6679] 71312 71315 71318 71320 71321 71322 71333 71336 71350 71352 71358 71359 71381 71415 71419 71420 71427 71431
 [6697] 71458 71469 71472 71478 71493 71516 71527 71530 71538 71540 71545 71546 71550 71559 71563 71564 71567 71576
 [6715] 71577 71584 71588 71606 71616 71630 71633 71634 71649 71671 71674 71678 71700 71701 71711 71712 71716 71725
 [6733] 71726 71733 71742 71743 71750 71751 71769 71770 71777 71787 71798 71803 71811 71859 71865 71884 71900 71916
 [6751] 71932 71951 71965 71975 71977 71981 71985 71986 71991 71995 71998 72007 72027 72034 72050 72072 72077 72078
 [6769] 72104 72105 72129 72130 72139 72157 72159 72186 72187 72191 72193 72196 72198 72202 72211 72218 72222 72229
 [6787] 72236 72240 72272 72288 72289 72295 72297 72302 72316 72319 72320 72323 72326 72336 72346 72347 72359 72374
 [6805] 72380 72393 72402 72409 72424 72435 72439 72442 72443 72453 72462 72463 72475 72476 72486 72488 72497 72508
 [6823] 72510 72526 72528 72548 72553 72554 72556 72557 72566 72569 72572 72580 72588 72591 72593 72610 72615 72617
 [6841] 72626 72629 72631 72640 72644 72675 72678 72704 72717 72738 72744 72767 72771 72772 72793 72796 72803 72806
 [6859] 72824 72827 72834 72857 72870 72873 72880 72881 72914 72932 72948 72952 72956 72958 72964 72968 72976 73008
 [6877] 73019 73025 73031 73046 73067 73070 73071 73073 73074 73078 73091 73113 73115 73117 73118 73131 73135 73158
 [6895] 73159 73162 73166 73183 73191 73195 73226 73232 73244 73249 73267 73271 73281 73303 73304 73319 73320 73322
 [6913] 73340 73341 73343 73345 73365 73388 73403 73413 73418 73420 73421 73422 73436 73448 73457 73460 73465 73467
 [6931] 73477 73490 73517 73532 73543 73544 73554 73556 73589 73601 73602 73607 73614 73617 73623 73624 73626 73627
 [6949] 73633 73638 73656 73671 73687 73694 73697 73713 73735 73736 73739 73742 73752 73757 73780 73800 73804 73806
 [6967] 73807 73812 73824 73832 73840 73846 73853 73874 73876 73889 73899 73901 73910 73919 73932 73936 73940 73953
 [6985] 73957 73971 73973 73979 73983 73984 73987 73991 73996 74007 74011 74019 74029 74032 74038 74084 74085 74095
 [7003] 74099 74111 74114 74122 74123 74127 74134 74147 74161 74165 74168 74169 74173 74176 74189 74196 74201 74207
 [7021] 74228 74230 74257 74266 74288 74303 74316 74327 74348 74356 74410 74411 74421 74433 74438 74490 74491 74497
 [7039] 74500 74505 74541 74543 74545 74546 74589 74592 74598 74600 74616 74620 74624 74637 74639 74642 74647 74661
 [7057] 74669 74674 74678 74680 74687 74690 74708 74715 74722 74726 74727 74736 74740 74747 74749 74753 74761 74762
 [7075] 74777 74782 74807 74817 74821 74826 74846 74847 74849 74851 74854 74856 74880 74925 74939 74958 74984 74987
 [7093] 74994 75000 75007 75012 75019 75022 75026 75032 75033 75039 75044 75050 75052 75055 75069 75076 75084 75103
 [7111] 75110 75114 75123 75129 75139 75144 75149 75162 75163 75169 75172 75182 75192 75193 75208 75222 75231 75233
 [7129] 75237 75261 75268 75280 75288 75291 75294 75296 75314 75317 75318 75320 75326 75337 75351 75357 75358 75361
 [7147] 75394 75398 75417 75423 75428 75430 75444 75447 75449 75453 75474 75482 75485 75489 75492 75494 75504 75509
 [7165] 75514 75536 75541 75543 75551 75580 75583 75584 75585 75606 75616 75617 75623 75627 75630 75631 75632 75653
 [7183] 75654 75658 75661 75676 75709 75720 75728 75734 75735 75736 75768 75771 75795 75809 75816 75819 75820 75827
 [7201] 75859 75864 75874 75875 75883 75893 75894 75896 75907 75908 75911 75914 75925 75928 75933 75942 75973 75975
 [7219] 75977 75978 75981 75982 75987 75990 76024 76039 76043 76049 76055 76056 76060 76066 76073 76074 76080 76082
 [7237] 76086 76094 76095 76096 76101 76115 76116 76120 76124 76128 76129 76132 76152 76160 76161 76164 76174 76175
 [7255] 76178 76185 76203 76216 76223 76230 76247 76268 76279 76300 76313 76317 76330 76339 76348 76356 76378 76385
 [7273] 76388 76396 76400 76404 76407 76420 76442 76451 76453 76454 76456 76460 76471 76495 76502 76505 76508 76518
 [7291] 76520 76525 76529 76531 76533 76540 76542 76555 76575 76581 76585 76587 76589 76591 76605 76626 76629 76632
 [7309] 76633 76634 76635 76639 76642 76643 76644 76649 76676 76677 76680 76698 76722 76724 76730 76759 76763 76765
 [7327] 76777 76781 76808 76812 76813 76816 76828 76836 76843 76849 76850 76860 76865 76874 76878 76885 76886 76887
 [7345] 76892 76894 76909 76924 76936 76942 76948 76968 76972 76977 76979 76980 76981 76995 77004 77009 77010 77033
 [7363] 77038 77051 77058 77066 77079 77091 77104 77107 77111 77124 77133 77137 77146 77162 77184 77188 77192 77195
 [7381] 77196 77203 77205 77209 77210 77212 77225 77228 77245 77246 77258 77259 77260 77261 77278 77280 77297 77304
 [7399] 77305 77318 77321 77327 77350 77351 77356 77378 77393 77402 77405 77419 77432 77444 77455 77458 77465 77470
 [7417] 77472 77503 77508 77513 77538 77542 77548 77550 77560 77562 77573 77579 77587 77589 77601 77627 77652 77659
 [7435] 77665 77674 77683 77688 77691 77692 77709 77712 77715 77722 77725 77730 77733 77742 77748 77751 77755 77763
 [7453] 77772 77778 77781 77788 77790 77802 77830 77833 77839 77880 77882 77889 77891 77894 77902 77913 77920 77926
 [7471] 77928 77930 77939 77940 77949 77950 77955 77986 78036 78040 78041 78051 78055 78056 78062 78068 78071 78074
 [7489] 78079 78087 78096 78109 78124 78125 78134 78142 78157 78174 78186 78187 78188 78189 78227 78238 78248 78254
 [7507] 78255 78262 78267 78268 78272 78274 78301 78303 78313 78332 78342 78345 78350 78358 78369 78380 78381 78384
 [7525] 78386 78392 78394 78398 78403 78404 78406 78430 78432 78452 78453 78469 78475 78476 78479 78483 78488 78492
 [7543] 78500 78502 78503 78505 78506 78526 78535 78536 78538 78544 78546 78547 78551 78552 78609 78610 78645 78668
 [7561] 78669 78681 78686 78688 78695 78703 78728 78741 78754 78755 78759 78761 78764 78767 78772 78778 78785 78786
 [7579] 78787 78789 78792 78798 78806 78811 78816 78819 78829 78842 78844 78845 78856 78859 78862 78872 78894 78898
 [7597] 78919 78920 78922 78930 78934 78942 78960 78964 78968 78974 78976 78979 78999 79010 79012 79025 79031 79036
 [7615] 79047 79066 79084 79087 79091 79126 79130 79132 79134 79135 79144 79158 79160 79167 79179 79187 79196 79208
 [7633] 79214 79229 79230 79233 79250 79257 79269 79270 79271 79321 79324 79339 79346 79352 79355 79363 79364 79372
 [7651] 79378 79389 79390 79401 79407 79422 79442 79446 79454 79462 79464 79499 79509 79524 79525 79527 79539 79554
 [7669] 79580 79582 79583 79589 79606 79608 79613 79614 79617 79620 79622 79636 79640 79652 79663 79664 79681 79688
 [7687] 79691 79697 79703 79710 79718 79719 79744 79756 79757 79759 79774 79783 79799 79807 79809 79810 79816 79823
 [7705] 79837 79838 79845 79846 79850 79857 79871 79874 79878 79894 79899 79914 79929 79931 79936 79940 79950 79963
 [7723] 79971 79982 79988 79990 79991 79993 79996 80002 80006 80032 80051 80056 80065 80068 80077 80093 80104 80107
 [7741] 80119 80126 80133 80136 80139 80147 80163 80171 80177 80215 80219 80222 80234 80242 80246 80250 80251 80252
 [7759] 80254 80264 80267 80279 80285 80289 80294 80299 80306 80310 80312 80317 80324 80344 80346 80349 80350 80365
 [7777] 80369 80404 80419 80424 80431 80435 80436 80446 80449 80451 80455 80458 80473 80476 80497 80499 80500 80503
 [7795] 80529 80531 80532 80537 80560 80561 80574 80577 80578 80579 80598 80602 80621 80623 80631 80642 80649 80657
 [7813] 80662 80667 80683 80687 80688 80691 80693 80708 80724 80742 80751 80754 80768 80770 80776 80784 80786 80793
 [7831] 80794 80812 80823 80830 80834 80837 80842 80861 80882 80891 80903 80904 80905 80906 80983 81001 81015 81019
 [7849] 81025 81034 81035 81042 81045 81047 81051 81056 81057 81066 81072 81079 81090 81126 81127 81130 81132 81140
 [7867] 81146 81153 81161 81166 81178 81183 81188 81211 81219 81223 81226 81239 81240 81241 81242 81246 81278 81288
 [7885] 81290 81299 81306 81320 81324 81337 81346 81354 81359 81364 81375 81380 81385 81392 81393 81401 81412 81415
 [7903] 81422 81424 81428 81445 81448 81455 81465 81469 81487 81490 81499 81500 81516 81523 81524 81528 81539 81548
 [7921] 81552 81556 81557 81570 81576 81577 81582 81588 81605 81609 81616 81621 81622 81632 81652 81661 81663 81666
 [7939] 81715 81719 81734 81745 81771 81785 81787 81790 81791 81814 81853 81855 81857 81861 81872 81876 81897 81907
 [7957] 81918 81940 81944 81946 81953 81977 81979 81981 81987 81993 82012 82027 82029 82031 82033 82034 82045 82046
 [7975] 82072 82089 82095 82099 82118 82126 82151 82153 82155 82158 82160 82167 82170 82172 82193 82214 82222 82226
 [7993] 82233 82243 82254 82262 82265 82268 82291 82294 82324 82331 82343 82351 82368 82374 82389 82390 82395 82396
 [8011] 82398 82407 82431 82433 82448 82456 82462 82477 82492 82493 82522 82537 82539 82548 82550 82553 82573 82575
 [8029] 82578 82616 82617 82620 82638 82656 82666 82673 82679 82694 82695 82697 82710 82728 82731 82735 82739 82750
 [8047] 82767 82768 82772 82779 82781 82787 82790 82792 82798 82829 82830 82835 82844 82845 82849 82852 82853 82855
 [8065] 82856 82857 82858 82865 82867 82886 82892 82893 82912 82920 82934 82937 82938 82944 82951 82955 82970 82980
 [8083] 82985 83009 83028 83029 83030 83047 83048 83060 83070 83076 83081 83100 83105 83110 83112 83116 83122 83127
 [8101] 83130 83132 83138 83148 83154 83161 83170 83182 83189 83195 83197 83201 83211 83227 83239 83254 83260 83265
 [8119] 83269 83277 83279 83282 83309 83316 83325 83336 83337 83343 83349 83355 83357 83375 83382 83389 83393 83399
 [8137] 83409 83455 83458 83472 83487 83501 83513 83532 83533 83536 83539 83540 83545 83564 83572 83577 83578 83583
 [8155] 83594 83609 83626 83628 83639 83645 83649 83657 83668 83676 83680 83688 83693 83696 83727 83730 83738 83743
 [8173] 83748 83749 83750 83755 83767 83814 83818 83826 83839 83841 83846 83856 83857 83861 83874 83876 83889 83907
 [8191] 83908 83910 83918 83922 83944 83947 83949 83950 83971 83989 83992 83994 84002 84018 84040 84042 84044 84045
 [8209] 84051 84060 84064 84093 84097 84098 84102 84107 84114 84117 84120 84123 84133 84139 84150 84162 84167 84173
 [8227] 84177 84179 84182 84194 84195 84202 84204 84206 84207 84218 84219 84220 84229 84236 84249 84265 84274 84276
 [8245] 84306 84333 84343 84347 84348 84351 84366 84368 84380 84390 84405 84409 84412 84418 84434 84456 84458 84469
 [8263] 84477 84480 84535 84537 84541 84546 84550 84563 84572 84593 84596 84597 84605 84612 84618 84620 84626 84629
 [8281] 84632 84633 84642 84651 84654 84656 84662 84667 84690 84699 84703 84707 84712 84718 84727 84728 84729 84732
 [8299] 84734 84742 84746 84758 84785 84786 84789 84792 84794 84795 84804 84807 84813 84817 84821 84826 84834 84835
 [8317] 84841 84843 84850 84864 84870 84875 84888 84898 84905 84907 84915 84921 84927 84929 84933 84938 84942 84952
 [8335] 84956 84964 85004 85006 85038 85042 85051 85055 85058 85066 85073 85077 85083 85087 85092 85096 85099 85106
 [8353] 85109 85112 85117 85123 85125 85131 85147 85150 85154 85157 85173 85191 85194 85209 85210 85229 85256 85281
 [8371] 85288 85302 85303 85307 85319 85327 85336 85357 85385 85401 85406 85415 85416 85418 85420 85426 85427 85431
 [8389] 85444 85449 85463 85471 85480 85482 85487 85491 85496 85505 85510 85515 85516 85518 85519 85523 85524 85525
 [8407] 85537 85543 85548 85550 85561 85586 85612 85629 85633 85635 85646 85653 85654 85663 85666 85688 85700 85701
 [8425] 85712 85716 85719 85721 85725 85730 85753 85759 85763 85771 85783 85797 85811 85816 85818 85819 85828 85831
 [8443] 85843 85846 85860 85881 85893 85909 85925 85934 85960 85961 85965 85969 85970 85975 85981 85998 86011 86029
 [8461] 86035 86038 86040 86044 86045 86058 86061 86063 86065 86067 86068 86073 86077 86084 86100 86110 86111 86112
 [8479] 86116 86129 86131 86134 86136 86156 86165 86174 86197 86202 86204 86214 86220 86228 86230 86235 86236 86242
 [8497] 86247 86261 86264 86296 86307 86315 86321 86326 86327 86328 86346 86348 86355 86360 86363 86377 86404 86412
 [8515] 86413 86417 86422 86426 86441 86458 86471 86472 86474 86482 86486 86487 86495 86496 86506 86508 86539 86544
 [8533] 86563 86571 86592 86595 86601 86604 86605 86610 86618 86620 86622 86627 86642 86644 86664 86677 86680 86700
 [8551] 86707 86717 86720 86724 86725 86730 86734 86740 86763 86784 86791 86793 86807 86809 86823 86832 86833 86847
 [8569] 86851 86861 86875 86878 86887 86888 86889 86902 86910 86922 86928 86932 86934 86940 86943 86952 86966 86971
 [8587] 86975 86984 86986 87004 87008 87016 87021 87022 87024 87028 87041 87055 87056 87077 87078 87079 87084 87098
 [8605] 87101 87110 87112 87115 87117 87122 87128 87148 87160 87167 87169 87171 87172 87187 87201 87204 87205 87209
 [8623] 87225 87253 87260 87272 87277 87278 87279 87281 87330 87335 87349 87355 87359 87365 87383 87388 87406 87434
 [8641] 87435 87466 87467 87471 87478 87479 87492 87496 87497 87499 87506 87520 87523 87537 87539 87542 87547 87549
 [8659] 87551 87572 87573 87589 87597 87611 87617 87624 87630 87635 87688 87695 87697 87699 87712 87714 87719 87735
 [8677] 87736 87738 87749 87759 87765 87781 87786 87788 87793 87802 87826 87827 87838 87842 87866 87878 87888 87894
 [8695] 87896 87898 87899 87900 87901 87913 87915 87921 87931 87936 87959 87972 87974 87994 88003 88004 88010 88013
 [8713] 88015 88016 88033 88041 88043 88049 88056 88058 88062 88079 88089 88104 88105 88121 88141 88155 88164 88170
 [8731] 88214 88216 88217 88231 88239 88240 88257 88286 88288 88290 88291 88294 88296 88316 88327 88329 88348 88356
 [8749] 88361 88377 88382 88403 88407 88414 88419 88447 88450 88468 88469 88478 88483 88489 88496 88514 88519 88521
 [8767] 88524 88527 88528 88529 88537 88548 88562 88564 88579 88593 88597 88598 88600 88602 88603 88606 88620 88622
 [8785] 88623 88626 88647 88660 88666 88679 88680 88684 88685 88710 88729 88736 88739 88748 88751 88756 88759 88767
 [8803] 88781 88782 88789 88806 88808 88809 88810 88813 88820 88822 88825 88830 88832 88837 88849 88879 88884 88888
 [8821] 88892 88897 88909 88910 88915 88916 88919 88920 88922 88923 88942 88943 88945 88948 88949 88953 88974 88975
 [8839] 89007 89013 89015 89023 89027 89035 89047 89050 89057 89060 89089 89129 89130 89133 89137 89141 89144 89167
 [8857] 89168 89174 89179 89180 89194 89213 89246 89248 89255 89256 89259 89261 89264 89273 89291 89292 89293 89302
 [8875] 89323 89326 89332 89334 89343 89360 89364 89370 89383 89387 89390 89393 89439 89440 89441 89458 89474 89482
 [8893] 89484 89510 89513 89530 89542 89543 89547 89559 89597 89599 89606 89613 89615 89625 89630 89636 89642 89654
 [8911] 89657 89658 89660 89664 89673 89674 89679 89689 89697 89702 89705 89708 89715 89716 89730 89741 89744 89769
 [8929] 89771 89780 89791 89796 89844 89852 89865 89891 89895 89898 89902 89906 89926 89936 89958 89973 89984 90008
 [8947] 90009 90015 90020 90031 90032 90047 90052 90055 90058 90060 90062 90087 90093 90097 90110 90118 90129 90131
 [8965] 90137 90145 90146 90148 90151 90167 90178 90185 90188 90192 90200 90206 90208 90210 90221 90222 90225 90229
 [8983] 90232 90246 90252 90255 90256 90275 90286 90291 90301 90302 90304 90305 90310 90311 90320 90336 90342 90346
 [9001] 90364 90381 90384 90385 90387 90399 90412 90422 90460 90476 90477 90479 90492 90499 90501 90510 90512 90513
 [9019] 90519 90529 90534 90539 90546 90575 90578 90580 90582 90606 90613 90619 90620 90627 90632 90638 90643 90648
 [9037] 90649 90651 90675 90678 90695 90699 90724 90740 90748 90759 90762 90765 90783 90795 90805 90811 90812 90825
 [9055] 90826 90827 90830 90855 90877 90880 90884 90895 90901 90914 90921 90939 90953 90954 90959 90975 90983 90986
 [9073] 90997 91034 91042 91045 91051 91052 91053 91055 91056 91060 91061 91077 91081 91082 91089 91114 91120 91126
 [9091] 91133 91142 91146 91159 91166 91174 91176 91181 91194 91195 91215 91236 91243 91256 91260 91273 91278 91284
 [9109] 91287 91292 91295 91300 91304 91311 91330 91333 91334 91341 91353 91355 91367 91377 91383 91388 91394 91404
 [9127] 91409 91414 91416 91423 91427 91436 91451 91452 91468 91470 91475 91487 91505 91506 91511 91518 91524 91533
 [9145] 91539 91553 91555 91560 91567 91568 91570 91572 91573 91574 91576 91578 91580 91593 91594 91599 91602 91651
 [9163] 91653 91672 91674 91681 91687 91688 91692 91696 91698 91712 91715 91747 91748 91751 91770 91771 91791 91804
 [9181] 91821 91829 91832 91844 91850 91851 91852 91856 91868 91880 91881 91885 91887 91889 91891 91896 91918 91922
 [9199] 91927 91932 91940 91942 91949 91963 91981 91985 91989 91991 91998 92001 92006 92012 92014 92015 92022 92023
 [9217] 92026 92027 92029 92034 92036 92038 92046 92061 92062 92065 92067 92068 92069 92081 92085 92086 92088 92090
 [9235] 92096 92097 92099 92102 92130 92136 92138 92161 92162 92175 92186 92189 92198 92209 92227 92236 92248 92255
 [9253] 92256 92263 92265 92275 92287 92288 92290 92300 92306 92315 92335 92345 92362 92372 92374 92386 92400 92402
 [9271] 92455 92479 92484 92485 92518 92523 92524 92525 92535 92539 92540 92542 92563 92572 92574 92575 92576 92588
 [9289] 92592 92593 92595 92596 92606 92609 92628 92631 92648 92649 92651 92655 92666 92668 92669 92671 92697 92698
 [9307] 92699 92710 92732 92737 92740 92746 92759 92767 92770 92777 92792 92798 92810 92812 92813 92815 92817 92820
 [9325] 92825 92830 92831 92887 92889 92890 92895 92902 92907 92910 92931 92933 92941 92943 92944 92959 92963 92974
 [9343] 93093 93099 93103 93104 93110 93115 93123 93127 93129 93140 93142 93156 93157 93158 93160 93175 93181 93201
 [9361] 93214 93234 93239 93256 93260 93261 93262 93266 93270 93278 93281 93310 93311 93319 93336 93356 93361 93374
 [9379] 93384 93389 93393 93415 93417 93433 93443 93487 93492 93495 93499 93501 93518 93550 93564 93577 93598 93607
 [9397] 93609 93612 93667 93690 93724 93725 93728 93734 93755 93767 93775 93776 93777 93811 93812 93828 93832 93847
 [9415] 93860 93861 93862 93867 93873 93887 93902 93912 93924 93926 93930 93935 93941 93950 93952 93968 93969 93975
 [9433] 93976 93977 93979 93997 94002 94018 94019 94026 94029 94038 94039 94045 94048 94054 94062 94064 94067 94076
 [9451] 94124 94127 94149 94162 94177 94187 94201 94203 94214 94233 94241 94253 94257 94262 94293 94299 94307 94314
 [9469] 94320 94332 94341 94343 94362 94369 94394 94399 94402 94408 94412 94425 94426 94441 94448 94451 94461 94462
 [9487] 94475 94476 94481 94499 94513 94514 94524 94529 94531 94547 94591 94612 94618 94632 94634 94639 94647 94648
 [9505] 94652 94658 94660 94661 94664 94672 94681 94687 94697 94699 94702 94705 94713 94714 94723 94727 94728 94730
 [9523] 94758 94767 94768 94784 94791 94811 94824 94836 94847 94860 94862 94894 94896 94907 94908 94912 94946 94954
 [9541] 94960 94961 94962 94968 94975 94987 94992 95000 95006 95008 95010 95019 95032 95051 95056 95060 95069 95072
 [9559] 95073 95089 95090 95108 95137 95151 95167 95169 95196 95198 95211 95229 95240 95253 95258 95270 95273 95277
 [9577] 95278 95285 95288 95293 95337 95342 95343 95356 95375 95384 95406 95407 95408 95409 95410 95416 95425 95436
 [9595] 95479 95488 95498 95507 95510 95527 95529 95545 95554 95568 95570 95577 95580 95590 95602 95611 95630 95631
 [9613] 95634 95636 95637 95642 95647 95648 95653 95656 95677 95679 95706 95716 95731 95748 95768 95780 95793 95797
 [9631] 95798 95799 95805 95808 95814 95835 95841 95855 95857 95871 95873 95902 95903 95912 95916 95919 95925 95929
 [9649] 95938 95959 95962 95979 95982 95995 96001 96002 96006 96018 96026 96033 96035 96038 96042 96056 96058 96064
 [9667] 96066 96079 96117 96129 96144 96169 96175 96182 96188 96194 96226 96229 96230 96239 96242 96244 96249 96277
 [9685] 96296 96298 96337 96349 96350 96352 96354 96362 96388 96398 96399 96403 96421 96423 96452 96459 96465 96470
 [9703] 96475 96485 96515 96518 96537 96543 96544 96561 96567 96569 96577 96585 96588 96597 96602 96603 96607 96611
 [9721] 96614 96621 96643 96645 96653 96654 96656 96665 96678 96681 96682 96683 96687 96697 96699 96731 96739 96749
 [9739] 96752 96758 96770 96777 96792 96804 96811 96812 96814 96820 96823 96825 96833 96840 96854 96875 96885 96895
 [9757] 96920 96924 96925 96928 96941 96942 96947 96948 96952 96953 96963 96973 96976 96993 96995 97026 97029 97032
 [9775] 97033 97048 97049 97061 97094 97111 97114 97115 97119 97138 97152 97154 97166 97173 97176 97183 97198 97205
 [9793] 97206 97207 97208 97224 97237 97261 97297 97298 97299 97309 97320 97334 97341 97342 97345 97376 97389 97390
 [9811] 97399 97414 97416 97418 97426 97437 97440 97443 97455 97456 97462 97473 97475 97490 97498 97500 97504 97515
 [9829] 97534 97545 97551 97559 97577 97588 97592 97594 97596 97598 97618 97635 97652 97653 97674 97676 97685 97693
 [9847] 97697 97700 97705 97709 97718 97729 97732 97747 97753 97754 97755 97777 97782 97784 97790 97813 97838 97842
 [9865] 97843 97851 97856 97860 97872 97896 97908 97910 97937 97944 97951 97959 97967 97991 97997 98000 98012 98013
 [9883] 98016 98018 98037 98045 98047 98049 98059 98081 98128 98137 98143 98149 98165 98173 98179 98190 98199 98209
 [9901] 98214 98223 98224 98228 98229 98231 98237 98243 98247 98252 98253 98254 98263 98275 98279 98300 98305 98307
 [9919] 98310 98330 98332 98358 98365 98385 98394 98397 98403 98415 98419 98420 98422 98425 98438 98439 98462 98482
 [9937] 98509 98512 98515 98522 98525 98539 98548 98551 98564 98569 98572 98576 98577 98604 98609 98678 98680 98682
 [9955] 98700 98703 98715 98716 98734 98744 98751 98759 98762 98768 98771 98785 98786 98787 98788 98814 98832 98843
 [9973] 98844 98860 98872 98874 98876 98884 98885 98914 98917 98918 98931 98954 98977 98981 99000 99010 99013 99014
 [9991] 99033 99035 99040 99042 99061 99067 99068 99069 99095 99119
 [ reached getOption("max.print") -- omitted 424 entries ]
