
===========  gbm  ============

    [1]     61     78     80     81    120    133    136    150    156    178
   [11]    197    200    203    212    213    259    267    276    285    323
   [21]    335    345    366    372    379    413    431    449    473    475
   [31]    533    631    655    661    669    683    685    687    715    720
   [41]    753    785    798    808    902    942    955    963    971    990
   [51]   1038   1045   1048   1051   1090   1145   1154   1160   1202   1204
   [61]   1205   1208   1226   1237   1281   1289   1297   1304   1313   1355
   [71]   1369   1374   1409   1435   1439   1440   1463   1514   1529   1530
   [81]   1533   1539   1540   1565   1571   1575   1599   1644   1659   1695
   [91]   1703   1711   1719   1777   1794   1818   1856   1861   1862   1864
  [101]   1872   1873   1906   1907   1934   1937   1943   1945   1955   1988
  [111]   2032   2035   2054   2069   2091   2102   2103   2160   2164   2185
  [121]   2187   2192   2198   2199   2215   2233   2243   2246   2251   2272
  [131]   2273   2360   2384   2387   2398   2409   2415   2432   2435   2451
  [141]   2456   2459   2484   2498   2502   2513   2525   2540   2548   2551
  [151]   2571   2576   2597   2599   2616   2618   2626   2695   2739   2741
  [161]   2755   2765   2775   2796   2802   2817   2825   2829   2843   2844
  [171]   2851   2857   2871   2875   2919   2921   2930   2937   2946   2985
  [181]   2997   2999   3001   3002   3009   3010   3011   3017   3042   3047
  [191]   3048   3085   3095   3096   3119   3126   3175   3176   3193   3196
  [201]   3197   3201   3203   3205   3206   3222   3225   3250   3251   3260
  [211]   3265   3273   3276   3280   3348   3362   3372   3404   3464   3487
  [221]   3507   3522   3527   3530   3536   3548   3564   3580   3589   3590
  [231]   3593   3635   3645   3653   3765   3783   3801   3846   3864   3883
  [241]   3932   3933   3968   3970   3978   3985   4006   4025   4040   4091
  [251]   4097   4102   4112   4125   4133   4135   4151   4154   4160   4180
  [261]   4184   4196   4216   4220   4222   4249   4268   4277   4280   4286
  [271]   4295   4310   4324   4325   4358   4362   4371   4378   4389   4392
  [281]   4409   4414   4425   4475   4490   4494   4502   4533   4571   4583
  [291]   4617   4619   4647   4669   4672   4673   4676   4691   4696   4697
  [301]   4707   4708   4715   4732   4741   4790   4792   4794   4811   4839
  [311]   4898   4942   4972   4991   4993   5022   5026   5041   5047   5053
  [321]   5070   5081   5091   5129   5144   5149   5154   5179   5181   5194
  [331]   5195   5197   5201   5203   5206   5220   5224   5247   5281   5297
  [341]   5298   5316   5363   5376   5380   5385   5393   5401   5407   5411
  [351]   5416   5430   5457   5502   5505   5506   5518   5524   5532   5533
  [361]   5540   5543   5578   5589   5602   5639   5641   5649   5654   5656
  [371]   5664   5685   5699   5712   5785   5806   5845   5879   5882   5886
  [381]   5887   5891   5895   5897   5905   5906   5907   5908   5931   5933
  [391]   5938   5942   5964   5976   5978   5983   5991   5997   5999   6040
  [401]   6068   6069   6074   6091   6102   6107   6131   6162   6165   6190
  [411]   6225   6238   6257   6264   6291   6310   6319   6372   6373   6397
  [421]   6420   6438   6442   6445   6453   6454   6470   6482   6493   6529
  [431]   6542   6545   6552   6566   6573   6579   6581   6596   6599   6606
  [441]   6622   6625   6631   6654   6663   6664   6667   6674   6681   6682
  [451]   6685   6694   6700   6720   6740   6747   6777   6791   6805   6810
  [461]   6819   6868   6870   6904   6911   6915   6917   6924   6930   6931
  [471]   6943   6961   7008   7014   7043   7044   7048   7049   7064   7082
  [481]   7083   7098   7106   7107   7111   7128   7149   7161   7166   7180
  [491]   7184   7195   7228   7229   7246   7262   7268   7289   7290   7298
  [501]   7309   7312   7313   7337   7338   7356   7379   7382   7383   7421
  [511]   7451   7474   7477   7490   7498   7503   7566   7567   7593   7628
  [521]   7637   7643   7653   7678   7716   7746   7750   7772   7773   7774
  [531]   7789   7795   7811   7825   7844   7845   7850   7864   7865   7874
  [541]   7912   7955   7978   7983   8014   8029   8035   8039   8055   8056
  [551]   8062   8076   8079   8080   8096   8100   8136   8139   8149   8154
  [561]   8160   8172   8176   8183   8188   8190   8196   8214   8216   8218
  [571]   8220   8221   8233   8236   8293   8301   8307   8308   8311   8312
  [581]   8318   8324   8326   8340   8351   8355   8361   8369   8371   8375
  [591]   8382   8397   8422   8445   8464   8485   8496   8497   8500   8503
  [601]   8533   8536   8548   8552   8575   8580   8588   8605   8612   8626
  [611]   8644   8645   8659   8661   8673   8675   8687   8697   8702   8717
  [621]   8724   8739   8748   8750   8770   8787   8825   8828   8852   8853
  [631]   8873   8879   8883   8978   8997   9015   9024   9027   9054   9061
  [641]   9065   9068   9070   9079   9084   9085   9089   9091   9099   9110
  [651]   9148   9155   9160   9177   9178   9181   9183   9211   9237   9238
  [661]   9240   9248   9250   9262   9266   9273   9284   9322   9327   9343
  [671]   9345   9351   9353   9362   9373   9386   9397   9398   9414   9422
  [681]   9424   9432   9453   9461   9479   9493   9553   9572   9580   9582
  [691]   9583   9611   9627   9641   9649   9653   9701   9702   9757   9822
  [701]   9858   9861   9883   9884   9885   9913   9921   9934   9948   9949
  [711]   9953   9954   9955   9956   9959   9966   9986  10017  10026  10046
  [721]  10051  10061  10081  10089  10104  10124  10126  10161  10180  10181
  [731]  10187  10191  10194  10215  10223  10241  10252  10285  10294  10304
  [741]  10315  10321  10337  10365  10391  10393  10421  10442  10445  10480
  [751]  10501  10509  10513  10545  10549  10559  10606  10612  10613  10655
  [761]  10667  10670  10673  10675  10680  10693  10702  10704  10720  10727
  [771]  10740  10757  10772  10792  10806  10812  10813  10815  10857  10862
  [781]  10883  10892  10896  10954  10959  10966  10967  10979  11021  11024
  [791]  11035  11044  11057  11069  11074  11095  11100  11107  11116  11127
  [801]  11143  11149  11178  11189  11196  11201  11202  11215  11222  11296
  [811]  11340  11370  11379  11433  11434  11437  11451  11484  11487  11510
  [821]  11517  11520  11528  11550  11551  11565  11588  11589  11605  11608
  [831]  11643  11645  11648  11655  11689  11726  11727  11728  11731  11741
  [841]  11781  11798  11809  11811  11823  11824  11851  11865  11881  11899
  [851]  11906  11913  11914  11924  11939  11957  11973  11994  12010  12016
  [861]  12017  12019  12027  12035  12036  12061  12070  12073  12090  12102
  [871]  12105  12109  12146  12162  12164  12165  12186  12201  12211  12212
  [881]  12218  12233  12257  12261  12263  12265  12272  12277  12288  12289
  [891]  12329  12332  12352  12353  12378  12413  12414  12422  12424  12463
  [901]  12485  12488  12500  12506  12523  12544  12547  12555  12557  12559
  [911]  12561  12585  12586  12601  12608  12613  12640  12647  12664  12674
  [921]  12684  12699  12701  12713  12716  12741  12758  12763  12774  12777
  [931]  12781  12789  12827  12831  12836  12837  12840  12847  12865  12868
  [941]  12873  12891  12936  12959  12969  12970  12974  13004  13043  13077
  [951]  13091  13104  13177  13186  13191  13203  13213  13235  13240  13273
  [961]  13284  13285  13297  13302  13311  13334  13354  13373  13379  13381
  [971]  13389  13412  13439  13446  13462  13469  13483  13489  13491  13492
  [981]  13501  13508  13509  13511  13521  13523  13524  13531  13535  13537
  [991]  13554  13564  13573  13574  13575  13579  13590  13595  13611  13621
 [1001]  13622  13669  13671  13701  13702  13733  13775  13780  13817  13828
 [1011]  13829  13842  13843  13846  13847  13882  13897  13900  13940  13941
 [1021]  13954  13968  13980  13990  14007  14013  14025  14041  14066  14071
 [1031]  14092  14113  14115  14141  14172  14177  14202  14205  14214  14226
 [1041]  14234  14245  14250  14252  14254  14268  14270  14283  14284  14286
 [1051]  14287  14319  14321  14336  14348  14362  14387  14389  14393  14394
 [1061]  14395  14419  14423  14428  14432  14433  14444  14454  14456  14498
 [1071]  14515  14532  14543  14568  14575  14607  14616  14621  14622  14624
 [1081]  14662  14664  14671  14674  14680  14681  14684  14687  14688  14739
 [1091]  14752  14781  14784  14854  14858  14859  14861  14882  14888  14900
 [1101]  14905  14923  14950  14954  14986  14992  14995  14997  15001  15013
 [1111]  15017  15065  15081  15110  15126  15150  15151  15152  15168  15177
 [1121]  15187  15189  15205  15210  15228  15257  15271  15286  15291  15302
 [1131]  15304  15316  15324  15327  15330  15360  15367  15391  15417  15424
 [1141]  15478  15479  15507  15552  15559  15618  15620  15625  15636  15641
 [1151]  15670  15676  15696  15730  15731  15755  15758  15768  15779  15795
 [1161]  15805  15814  15839  15850  15867  15868  15883  15919  15921  15922
 [1171]  15924  15929  15933  15935  15936  15937  15964  15975  15976  15983
 [1181]  16002  16005  16034  16067  16079  16092  16107  16137  16145  16146
 [1191]  16202  16205  16206  16228  16249  16254  16256  16307  16313  16338
 [1201]  16349  16359  16361  16362  16369  16390  16416  16445  16449  16467
 [1211]  16475  16491  16504  16524  16539  16584  16588  16597  16599  16608
 [1221]  16624  16641  16643  16658  16662  16673  16701  16726  16733  16742
 [1231]  16815  16834  16838  16839  16850  16860  16865  16873  16890  16902
 [1241]  16904  16905  16929  16940  16960  16981  16997  17001  17006  17010
 [1251]  17013  17034  17036  17092  17106  17113  17144  17157  17175  17190
 [1261]  17204  17222  17228  17238  17257  17283  17313  17338  17339  17345
 [1271]  17365  17383  17406  17436  17442  17446  17480  17481  17483  17543
 [1281]  17568  17590  17597  17602  17622  17667  17703  17723  17728  17755
 [1291]  17764  17778  17782  17801  17806  17809  17851  17860  17868  17875
 [1301]  17905  17907  17909  17923  17924  17925  17926  17948  17952  17955
 [1311]  17971  17979  17986  17989  17994  18013  18019  18020  18025  18035
 [1321]  18045  18058  18059  18078  18079  18105  18107  18141  18143  18149
 [1331]  18150  18192  18194  18214  18275  18276  18288  18300  18306  18313
 [1341]  18317  18322  18345  18347  18358  18360  18370  18378  18406  18414
 [1351]  18423  18430  18472  18474  18487  18500  18503  18508  18512  18513
 [1361]  18516  18518  18540  18546  18553  18556  18580  18582  18583  18599
 [1371]  18654  18656  18669  18670  18676  18698  18718  18725  18726  18761
 [1381]  18788  18794  18801  18809  18822  18838  18839  18840  18841  18861
 [1391]  18865  18906  18921  18930  18932  18938  18950  18955  18958  18967
 [1401]  18974  18996  19036  19050  19057  19065  19077  19089  19111  19114
 [1411]  19126  19132  19133  19140  19145  19149  19150  19155  19163  19176
 [1421]  19177  19179  19183  19187  19210  19226  19269  19274  19275  19283
 [1431]  19292  19293  19295  19296  19309  19314  19319  19331  19391  19399
 [1441]  19437  19458  19473  19516  19521  19535  19585  19588  19589  19608
 [1451]  19612  19628  19632  19639  19644  19658  19663  19668  19678  19682
 [1461]  19701  19721  19727  19735  19736  19752  19808  19809  19811  19856
 [1471]  19867  19877  19901  19929  19935  19937  19951  19965  20081  20085
 [1481]  20105  20115  20121  20136  20158  20167  20171  20172  20177  20182
 [1491]  20189  20193  20205  20220  20226  20235  20250  20251  20259  20260
 [1501]  20277  20279  20284  20300  20304  20333  20341  20360  20367  20372
 [1511]  20386  20438  20451  20452  20461  20471  20480  20491  20498  20514
 [1521]  20517  20523  20566  20585  20605  20608  20621  20624  20694  20717
 [1531]  20720  20724  20725  20731  20734  20769  20793  20818  20835  20836
 [1541]  20837  20838  20841  20845  20851  20861  20866  20871  20881  20891
 [1551]  20924  20950  20951  20957  20978  20981  20992  21007  21018  21034
 [1561]  21036  21042  21043  21046  21070  21072  21073  21075  21076  21117
 [1571]  21124  21134  21145  21152  21153  21155  21158  21165  21166  21194
 [1581]  21197  21215  21248  21251  21257  21260  21261  21274  21310  21314
 [1591]  21347  21354  21361  21369  21384  21413  21435  21436  21441  21442
 [1601]  21454  21471  21484  21488  21493  21525  21541  21570  21613  21617
 [1611]  21629  21650  21671  21684  21685  21686  21711  21748  21754  21756
 [1621]  21761  21766  21767  21768  21769  21774  21781  21794  21813  21818
 [1631]  21827  21833  21837  21846  21864  21902  21905  21917  21927  21941
 [1641]  21949  21954  21964  21980  21993  21995  22012  22018  22040  22043
 [1651]  22076  22087  22132  22153  22155  22156  22168  22193  22194  22202
 [1661]  22213  22217  22238  22241  22304  22316  22318  22319  22339  22341
 [1671]  22347  22349  22352  22353  22362  22366  22373  22386  22398  22412
 [1681]  22416  22427  22454  22460  22470  22476  22493  22515  22525  22531
 [1691]  22536  22537  22574  22581  22654  22660  22673  22675  22723  22724
 [1701]  22731  22733  22750  22762  22764  22777  22819  22851  22860  22915
 [1711]  22927  22929  22950  22954  22968  22976  22978  22981  22990  22992
 [1721]  22999  23028  23035  23046  23057  23081  23090  23116  23120  23132
 [1731]  23133  23134  23136  23140  23193  23212  23217  23236  23271  23322
 [1741]  23325  23330  23332  23340  23346  23352  23377  23381  23387  23433
 [1751]  23453  23463  23466  23480  23563  23572  23577  23595  23602  23616
 [1761]  23636  23655  23686  23690  23693  23700  23704  23729  23743  23800
 [1771]  23810  23812  23820  23821  23826  23835  23840  23841  23844  23859
 [1781]  23867  23894  23907  23917  23938  23939  23952  23972  23981  23993
 [1791]  23994  23997  24010  24024  24029  24051  24074  24085  24088  24096
 [1801]  24098  24101  24114  24117  24169  24205  24227  24232  24238  24264
 [1811]  24273  24304  24309  24353  24357  24358  24366  24376  24383  24403
 [1821]  24444  24458  24478  24507  24509  24510  24519  24552  24557  24558
 [1831]  24564  24565  24574  24575  24609  24618  24638  24646  24651  24658
 [1841]  24679  24705  24716  24729  24745  24759  24775  24776  24794  24796
 [1851]  24821  24830  24833  24838  24839  24869  24891  24956  24958  24962
 [1861]  24969  24992  25007  25008  25021  25032  25044  25051  25055  25063
 [1871]  25064  25069  25077  25100  25128  25142  25143  25146  25165  25167
 [1881]  25185  25186  25213  25218  25229  25234  25236  25277  25287  25304
 [1891]  25306  25308  25324  25331  25332  25335  25362  25364  25377  25386
 [1901]  25397  25404  25408  25409  25411  25426  25431  25434  25446  25451
 [1911]  25485  25499  25518  25519  25522  25523  25528  25540  25544  25565
 [1921]  25585  25589  25591  25595  25600  25610  25611  25643  25651  25652
 [1931]  25706  25708  25717  25737  25745  25748  25778  25779  25806  25808
 [1941]  25823  25842  25899  25938  25953  25958  25960  25968  25971  25999
 [1951]  26002  26004  26007  26026  26027  26047  26057  26058  26066  26085
 [1961]  26116  26123  26132  26133  26136  26151  26178  26207  26222  26233
 [1971]  26238  26241  26242  26261  26272  26276  26286  26288  26300  26311
 [1981]  26315  26339  26342  26353  26370  26394  26414  26432  26434  26468
 [1991]  26492  26534  26538  26550  26569  26571  26575  26593  26595  26602
 [2001]  26604  26612  26623  26634  26708  26709  26716  26721  26722  26749
 [2011]  26753  26760  26766  26783  26804  26813  26832  26841  26851  26856
 [2021]  26866  26896  26961  26972  26975  26995  27004  27005  27007  27035
 [2031]  27039  27041  27047  27077  27078  27109  27124  27141  27144  27145
 [2041]  27148  27166  27180  27183  27194  27209  27213  27214  27239  27247
 [2051]  27249  27258  27259  27275  27276  27279  27303  27315  27325  27339
 [2061]  27341  27369  27385  27420  27477  27506  27510  27517  27524  27568
 [2071]  27605  27612  27617  27638  27641  27646  27654  27657  27663  27670
 [2081]  27675  27692  27702  27711  27729  27738  27744  27757  27770  27778
 [2091]  27786  27791  27793  27796  27797  27810  27818  27822  27856  27865
 [2101]  27873  27887  27920  27922  27950  27976  28000  28052  28055  28056
 [2111]  28068  28074  28084  28095  28105  28118  28119  28129  28140  28142
 [2121]  28145  28159  28160  28171  28182  28184  28189  28195  28213  28222
 [2131]  28223  28225  28231  28238  28242  28282  28286  28294  28301  28303
 [2141]  28309  28311  28331  28334  28360  28364  28371  28391  28401  28405
 [2151]  28409  28438  28446  28448  28450  28453  28454  28486  28501  28504
 [2161]  28523  28525  28532  28544  28550  28565  28583  28610  28632  28634
 [2171]  28635  28643  28674  28678  28696  28699  28708  28710  28720  28739
 [2181]  28741  28747  28749  28750  28754  28786  28789  28793  28819  28834
 [2191]  28855  28868  28882  28897  28908  28924  28935  28958  28962  28970
 [2201]  28987  28989  28991  29009  29012  29025  29037  29050  29063  29081
 [2211]  29084  29086  29088  29090  29096  29105  29113  29132  29143  29147
 [2221]  29171  29175  29198  29205  29226  29227  29234  29239  29240  29242
 [2231]  29251  29268  29293  29329  29332  29333  29339  29343  29421  29432
 [2241]  29465  29468  29485  29499  29518  29530  29576  29577  29579  29581
 [2251]  29625  29649  29655  29663  29664  29672  29692  29736  29745  29753
 [2261]  29786  29792  29807  29809  29810  29829  29834  29843  29845  29857
 [2271]  29889  29906  29909  29914  29919  29944  29957  29959  29966  29976
 [2281]  29979  29988  29992  30009  30022  30027  30031  30039  30040  30045
 [2291]  30072  30081  30091  30096  30098  30102  30107  30108  30115  30129
 [2301]  30130  30138  30174  30177  30178  30194  30199  30202  30208  30213
 [2311]  30237  30240  30251  30259  30270  30273  30275  30287  30295  30328
 [2321]  30337  30351  30375  30382  30383  30384  30386  30398  30401  30408
 [2331]  30419  30443  30444  30461  30462  30472  30476  30497  30498  30502
 [2341]  30518  30521  30527  30529  30557  30569  30573  30580  30593  30629
 [2351]  30650  30656  30680  30709  30743  30768  30784  30798  30807  30813
 [2361]  30824  30825  30827  30829  30836  30842  30847  30864  30871  30879
 [2371]  30888  30901  30910  30919  30922  30924  30930  30931  30938  30966
 [2381]  30970  31004  31030  31031  31037  31070  31095  31096  31098  31112
 [2391]  31114  31120  31135  31138  31139  31166  31173  31181  31196  31204
 [2401]  31210  31211  31223  31224  31258  31273  31283  31285  31287  31295
 [2411]  31303  31308  31310  31321  31329  31334  31344  31354  31356  31359
 [2421]  31381  31382  31390  31399  31403  31447  31451  31456  31459  31476
 [2431]  31483  31492  31502  31522  31538  31542  31553  31555  31581  31602
 [2441]  31613  31618  31631  31640  31642  31656  31658  31659  31662  31694
 [2451]  31698  31707  31730  31739  31748  31750  31764  31765  31777  31785
 [2461]  31800  31802  31812  31817  31864  31869  31872  31875  31891  31911
 [2471]  31916  31918  31926  31927  31938  31939  31956  31957  31969  31996
 [2481]  31998  31999  32000  32017  32025  32036  32048  32055  32058  32066
 [2491]  32071  32085  32086  32090  32102  32109  32123  32124  32126  32130
 [2501]  32138  32147  32158  32167  32237  32243  32246  32250  32287  32294
 [2511]  32303  32310  32311  32327  32343  32345  32364  32407  32429  32437
 [2521]  32439  32446  32462  32475  32481  32484  32497  32506  32530  32544
 [2531]  32547  32554  32564  32565  32619  32663  32670  32681  32694  32720
 [2541]  32723  32725  32757  32776  32792  32795  32796  32806  32821  32823
 [2551]  32838  32843  32860  32869  32880  32882  32906  32936  32937  32947
 [2561]  32966  32968  32976  32977  32985  32988  32989  32991  33011  33019
 [2571]  33042  33044  33046  33049  33063  33070  33071  33092  33097  33104
 [2581]  33132  33135  33141  33191  33199  33201  33213  33215  33227  33238
 [2591]  33253  33271  33289  33307  33328  33331  33344  33362  33381  33388
 [2601]  33389  33390  33391  33399  33415  33432  33458  33461  33479  33488
 [2611]  33525  33573  33574  33583  33600  33604  33609  33622  33623  33638
 [2621]  33655  33656  33666  33669  33672  33677  33678  33687  33693  33702
 [2631]  33708  33716  33734  33741  33745  33777  33782  33817  33824  33832
 [2641]  33834  33847  33848  33853  33866  33873  33875  33883  33905  33930
 [2651]  33936  33943  33947  33956  33957  33959  33964  33973  33974  33985
 [2661]  33986  33993  34003  34004  34020  34026  34027  34030  34064  34070
 [2671]  34075  34089  34106  34108  34113  34122  34124  34143  34149  34150
 [2681]  34162  34165  34171  34172  34181  34183  34185  34196  34197  34202
 [2691]  34209  34220  34222  34229  34232  34248  34250  34264  34266  34275
 [2701]  34297  34316  34331  34350  34352  34364  34371  34397  34421  34442
 [2711]  34443  34455  34464  34481  34488  34504  34511  34515  34519  34532
 [2721]  34548  34552  34558  34580  34587  34600  34601  34613  34635  34641
 [2731]  34644  34649  34677  34687  34735  34742  34764  34767  34780  34790
 [2741]  34830  34831  34843  34846  34853  34864  34872  34903  34904  34908
 [2751]  34921  34930  34940  34943  34946  34956  34969  34982  34997  35028
 [2761]  35033  35046  35098  35127  35144  35145  35167  35180  35182  35183
 [2771]  35186  35212  35226  35250  35261  35265  35278  35300  35302  35303
 [2781]  35358  35370  35385  35411  35441  35466  35485  35499  35504  35516
 [2791]  35523  35532  35533  35556  35562  35566  35575  35598  35607  35609
 [2801]  35613  35624  35630  35633  35680  35720  35721  35734  35742  35772
 [2811]  35781  35785  35798  35806  35818  35829  35838  35863  35869  35875
 [2821]  35877  35885  35887  35906  35916  35928  35935  35936  35951  35952
 [2831]  35972  35977  35982  36017  36018  36020  36030  36044  36062  36068
 [2841]  36080  36089  36126  36139  36140  36141  36158  36177  36179  36183
 [2851]  36192  36203  36205  36208  36209  36238  36252  36253  36255  36285
 [2861]  36286  36288  36303  36310  36318  36330  36331  36340  36341  36346
 [2871]  36351  36352  36364  36372  36382  36391  36392  36398  36403  36406
 [2881]  36428  36430  36433  36449  36461  36469  36478  36488  36515  36526
 [2891]  36551  36556  36558  36562  36563  36571  36591  36608  36623  36624
 [2901]  36626  36627  36635  36665  36673  36682  36694  36699  36703  36715
 [2911]  36738  36739  36752  36786  36819  36835  36849  36855  36868  36873
 [2921]  36880  36881  36907  36918  36942  36969  36977  36981  36984  36998
 [2931]  37029  37049  37067  37084  37093  37101  37152  37154  37155  37156
 [2941]  37158  37171  37182  37197  37202  37217  37236  37244  37257  37285
 [2951]  37306  37315  37330  37332  37386  37411  37413  37415  37416  37417
 [2961]  37434  37453  37471  37487  37497  37517  37518  37521  37540  37542
 [2971]  37543  37549  37553  37560  37595  37602  37603  37612  37613  37643
 [2981]  37695  37705  37723  37733  37745  37769  37770  37789  37794  37804
 [2991]  37811  37814  37817  37825  37826  37827  37835  37844  37864  37870
 [3001]  37877  37899  37902  37919  37936  37940  37946  37958  37966  37974
 [3011]  37976  37981  37984  38003  38011  38030  38040  38042  38046  38047
 [3021]  38051  38068  38081  38082  38086  38100  38117  38143  38150  38162
 [3031]  38164  38172  38180  38183  38184  38195  38202  38224  38239  38243
 [3041]  38248  38260  38268  38292  38315  38319  38359  38365  38372  38377
 [3051]  38384  38387  38399  38403  38407  38410  38436  38439  38442  38444
 [3061]  38449  38461  38474  38485  38502  38505  38515  38526  38528  38549
 [3071]  38579  38590  38602  38604  38608  38640  38645  38668  38671  38673
 [3081]  38679  38680  38688  38695  38721  38727  38756  38758  38771  38781
 [3091]  38785  38791  38799  38815  38820  38842  38853  38858  38882  38897
 [3101]  38905  38909  38913  38916  38919  38932  38937  38943  38950  38977
 [3111]  38992  38997  39000  39014  39019  39025  39041  39045  39059  39118
 [3121]  39140  39141  39154  39212  39213  39216  39217  39218  39232  39243
 [3131]  39249  39265  39274  39297  39304  39310  39331  39350  39382  39388
 [3141]  39403  39434  39444  39445  39447  39452  39453  39479  39481  39493
 [3151]  39494  39497  39498  39506  39508  39515  39519  39521  39528  39530
 [3161]  39538  39540  39559  39572  39575  39577  39578  39595  39608  39645
 [3171]  39650  39663  39705  39717  39720  39724  39742  39743  39754  39765
 [3181]  39774  39776  39799  39803  39809  39816  39818  39820  39822  39862
 [3191]  39890  39902  39920  39926  39931  39934  39935  39937  39940  39943
 [3201]  39956  39975  39983  39987  39998  40003  40036  40037  40048  40059
 [3211]  40071  40073  40086  40089  40090  40091  40109  40113  40123  40146
 [3221]  40154  40173  40175  40176  40181  40193  40200  40203  40208  40210
 [3231]  40221  40228  40232  40254  40266  40280  40281  40294  40312  40320
 [3241]  40340  40357  40360  40361  40365  40372  40378  40381  40387  40391
 [3251]  40399  40406  40428  40451  40452  40466  40474  40478  40480  40524
 [3261]  40590  40593  40595  40601  40606  40628  40634  40638  40760  40763
 [3271]  40769  40772  40795  40807  40833  40855  40875  40879  40884  40888
 [3281]  40890  40925  40926  40932  40946  40953  40955  40956  40978  40981
 [3291]  40987  41016  41027  41046  41050  41066  41073  41079  41101  41115
 [3301]  41131  41155  41182  41184  41198  41217  41224  41233  41240  41247
 [3311]  41254  41278  41279  41289  41306  41307  41313  41357  41364  41370
 [3321]  41380  41391  41397  41412  41421  41430  41444  41459  41471  41478
 [3331]  41480  41482  41495  41504  41512  41513  41514  41523  41541  41555
 [3341]  41569  41574  41589  41596  41609  41633  41639  41645  41651  41653
 [3351]  41654  41657  41671  41676  41685  41690  41692  41723  41730  41735
 [3361]  41770  41785  41816  41841  41843  41847  41850  41870  41885  41889
 [3371]  41899  41941  41977  41984  41987  41993  42003  42007  42022  42028
 [3381]  42032  42034  42045  42090  42094  42106  42108  42120  42121  42134
 [3391]  42167  42168  42172  42176  42191  42200  42204  42215  42234  42238
 [3401]  42252  42271  42273  42275  42278  42280  42291  42292  42296  42317
 [3411]  42325  42339  42341  42374  42380  42385  42407  42411  42415  42455
 [3421]  42466  42481  42482  42488  42502  42511  42513  42514  42526  42536
 [3431]  42538  42582  42624  42633  42642  42645  42648  42654  42656  42661
 [3441]  42664  42669  42706  42707  42710  42721  42728  42760  42769  42792
 [3451]  42801  42804  42805  42808  42819  42834  42847  42852  42864  42872
 [3461]  42878  42879  42880  42881  43061  43086  43089  43103  43116  43117
 [3471]  43138  43146  43156  43163  43166  43168  43179  43186  43207  43211
 [3481]  43219  43230  43231  43246  43247  43248  43250  43252  43266  43284
 [3491]  43301  43304  43310  43316  43317  43346  43361  43408  43414  43421
 [3501]  43437  43438  43456  43463  43468  43492  43503  43505  43532  43535
 [3511]  43544  43546  43556  43570  43573  43576  43577  43591  43593  43608
 [3521]  43611  43612  43624  43627  43631  43653  43657  43676  43677  43687
 [3531]  43694  43697  43729  43752  43777  43778  43779  43787  43797  43812
 [3541]  43826  43836  43847  43858  43864  43867  43875  43886  43899  43902
 [3551]  43903  43929  43957  43986  43988  43992  43994  43996  44003  44015
 [3561]  44030  44044  44057  44067  44075  44079  44087  44088  44089  44092
 [3571]  44093  44099  44103  44114  44121  44123  44126  44129  44133  44135
 [3581]  44152  44165  44168  44173  44190  44205  44212  44213  44222  44242
 [3591]  44243  44248  44251  44265  44273  44275  44281  44282  44285  44312
 [3601]  44334  44335  44340  44347  44348  44381  44382  44383  44386  44397
 [3611]  44435  44436  44462  44473  44482  44487  44491  44495  44503  44510
 [3621]  44517  44538  44548  44574  44585  44591  44594  44614  44632  44641
 [3631]  44643  44649  44675  44679  44680  44684  44711  44712  44720  44732
 [3641]  44733  44735  44747  44755  44760  44762  44765  44782  44787  44803
 [3651]  44823  44825  44826  44835  44865  44879  44880  44928  44929  44939
 [3661]  44943  44950  44951  44964  44978  44999  45014  45015  45047  45050
 [3671]  45051  45053  45058  45060  45079  45123  45146  45148  45169  45181
 [3681]  45194  45217  45245  45247  45256  45258  45270  45281  45283  45284
 [3691]  45290  45291  45333  45337  45339  45367  45368  45379  45380  45389
 [3701]  45396  45498  45506  45509  45531  45549  45553  45555  45574  45581
 [3711]  45587  45595  45604  45607  45621  45626  45628  45640  45655  45656
 [3721]  45685  45693  45703  45704  45718  45720  45725  45742  45763  45788
 [3731]  45801  45814  45825  45830  45835  45839  45844  45852  45863  45870
 [3741]  45888  45894  45915  45918  45931  45946  45947  45948  45949  45958
 [3751]  45961  45969  45987  46004  46016  46025  46032  46044  46050  46051
 [3761]  46061  46072  46079  46080  46082  46110  46138  46151  46155  46163
 [3771]  46187  46189  46202  46207  46208  46215  46226  46248  46261  46298
 [3781]  46330  46345  46353  46360  46368  46376  46386  46426  46448  46451
 [3791]  46457  46458  46466  46467  46469  46482  46492  46504  46506  46518
 [3801]  46534  46543  46544  46557  46559  46610  46631  46656  46668  46680
 [3811]  46682  46705  46726  46743  46744  46756  46757  46782  46799  46805
 [3821]  46823  46829  46834  46836  46854  46856  46884  46901  46904  46914
 [3831]  46915  46932  46937  46986  46992  47000  47011  47012  47021  47026
 [3841]  47027  47039  47051  47054  47055  47070  47071  47072  47081  47096
 [3851]  47135  47147  47156  47158  47161  47163  47174  47192  47198  47238
 [3861]  47266  47273  47281  47286  47287  47289  47307  47312  47332  47333
 [3871]  47360  47363  47372  47373  47380  47390  47420  47457  47481  47482
 [3881]  47516  47545  47550  47552  47563  47564  47573  47576  47579  47596
 [3891]  47643  47654  47657  47671  47696  47725  47730  47731  47743  47748
 [3901]  47749  47775  47781  47790  47796  47801  47803  47809  47820  47823
 [3911]  47824  47829  47839  47840  47842  47849  47881  47885  47894  47905
 [3921]  47926  47935  47938  47939  47941  47945  47971  47975  47976  47986
 [3931]  47987  47991  47999  48004  48005  48007  48019  48023  48039  48051
 [3941]  48062  48063  48064  48067  48078  48087  48096  48097  48112  48119
 [3951]  48121  48128  48135  48142  48143  48182  48195  48205  48234  48248
 [3961]  48252  48253  48260  48272  48273  48297  48306  48307  48308  48342
 [3971]  48358  48389  48392  48403  48407  48410  48412  48424  48433  48454
 [3981]  48455  48460  48471  48477  48479  48491  48496  48499  48509  48510
 [3991]  48519  48522  48533  48550  48551  48554  48558  48559  48569  48580
 [4001]  48602  48607  48616  48620  48624  48630  48632  48637  48648  48649
 [4011]  48653  48656  48677  48681  48691  48694  48696  48718  48724  48732
 [4021]  48743  48750  48753  48766  48772  48787  48789  48790  48792  48793
 [4031]  48795  48797  48799  48814  48829  48830  48835  48839  48896  48906
 [4041]  48915  48928  48929  48957  48961  49013  49025  49038  49040  49054
 [4051]  49065  49070  49089  49115  49129  49130  49144  49148  49151  49161
 [4061]  49169  49174  49189  49193  49207  49208  49209  49212  49223  49240
 [4071]  49247  49249  49251  49264  49276  49285  49286  49287  49290  49297
 [4081]  49300  49305  49308  49312  49315  49324  49337  49339  49345  49360
 [4091]  49390  49407  49416  49427  49446  49455  49470  49479  49498  49504
 [4101]  49512  49545  49546  49550  49555  49565  49577  49596  49609  49615
 [4111]  49633  49642  49646  49647  49655  49658  49660  49661  49669  49685
 [4121]  49690  49702  49726  49764  49777  49780  49783  49792  49793  49798
 [4131]  49805  49808  49812  49826  49841  49843  49853  49864  49888  49902
 [4141]  49904  49905  49920  49936  49962  49966  50020  50034  50037  50039
 [4151]  50041  50055  50057  50058  50060  50074  50094  50140  50147  50152
 [4161]  50157  50158  50162  50184  50200  50212  50227  50240  50254  50274
 [4171]  50281  50283  50290  50303  50309  50322  50323  50324  50328  50345
 [4181]  50360  50380  50397  50402  50416  50431  50438  50440  50448  50472
 [4191]  50485  50486  50490  50494  50522  50523  50526  50529  50543  50550
 [4201]  50551  50555  50562  50571  50574  50575  50583  50602  50608  50616
 [4211]  50618  50645  50649  50664  50666  50668  50679  50705  50708  50719
 [4221]  50733  50744  50759  50779  50786  50829  50838  50840  50842  50843
 [4231]  50863  50870  50881  50882  50888  50889  50893  50918  50927  50941
 [4241]  50946  50962  50985  50988  50989  51002  51003  51014  51018  51033
 [4251]  51040  51042  51053  51055  51057  51086  51087  51089  51090  51127
 [4261]  51134  51138  51139  51154  51177  51181  51182  51185  51194  51204
 [4271]  51206  51212  51213  51215  51226  51229  51256  51265  51283  51287
 [4281]  51289  51303  51309  51316  51323  51324  51344  51354  51380  51384
 [4291]  51388  51399  51430  51431  51441  51450  51453  51470  51493  51500
 [4301]  51508  51509  51554  51558  51573  51585  51598  51608  51610  51633
 [4311]  51634  51640  51649  51657  51659  51677  51681  51693  51702  51703
 [4321]  51725  51736  51744  51747  51749  51760  51762  51781  51782  51783
 [4331]  51785  51788  51797  51810  51817  51831  51851  51868  51888  51902
 [4341]  51915  51944  51945  51946  51950  51953  51955  51978  51979  51996
 [4351]  52003  52005  52010  52012  52032  52040  52060  52069  52080  52124
 [4361]  52129  52132  52142  52147  52157  52169  52170  52171  52173  52189
 [4371]  52192  52195  52206  52217  52218  52226  52230  52234  52238  52244
 [4381]  52252  52255  52264  52267  52269  52271  52285  52294  52310  52318
 [4391]  52319  52335  52341  52345  52361  52379  52385  52388  52407  52408
 [4401]  52410  52411  52424  52426  52433  52450  52454  52456  52458  52468
 [4411]  52472  52479  52485  52492  52494  52501  52521  52531  52544  52551
 [4421]  52552  52580  52581  52582  52584  52601  52629  52677  52678  52687
 [4431]  52699  52705  52731  52743  52746  52751  52757  52764  52765  52767
 [4441]  52777  52778  52779  52805  52822  52832  52852  52856  52859  52860
 [4451]  52863  52871  52878  52890  52892  52901  52906  52907  52915  52922
 [4461]  52927  52961  52977  53000  53008  53021  53040  53049  53050  53055
 [4471]  53058  53062  53064  53074  53084  53089  53095  53099  53101  53106
 [4481]  53135  53136  53138  53140  53142  53143  53155  53157  53174  53178
 [4491]  53205  53210  53219  53231  53242  53261  53266  53272  53291  53304
 [4501]  53310  53315  53331  53359  53360  53361  53367  53376  53380  53405
 [4511]  53408  53420  53421  53422  53447  53466  53471  53485  53498  53503
 [4521]  53504  53515  53523  53527  53553  53601  53603  53608  53613  53615
 [4531]  53624  53627  53628  53635  53637  53642  53643  53670  53686  53699
 [4541]  53714  53724  53728  53741  53742  53744  53747  53755  53767  53770
 [4551]  53781  53782  53796  53799  53861  53883  53884  53889  53898  53899
 [4561]  53900  53917  53923  53928  53932  53933  53941  53944  53971  53987
 [4571]  54009  54010  54013  54025  54034  54043  54045  54054  54058  54059
 [4581]  54068  54069  54077  54086  54100  54113  54115  54121  54130  54158
 [4591]  54167  54170  54175  54189  54198  54199  54203  54204  54211  54213
 [4601]  54224  54233  54239  54257  54302  54307  54310  54323  54325  54334
 [4611]  54344  54350  54351  54355  54356  54386  54394  54412  54415  54427
 [4621]  54434  54460  54462  54467  54482  54490  54494  54495  54502  54515
 [4631]  54534  54535  54537  54545  54557  54577  54579  54598  54605  54631
 [4641]  54633  54646  54648  54651  54656  54668  54696  54698  54722  54736
 [4651]  54900  54903  54922  54927  54935  54940  54949  54961  54970  55002
 [4661]  55024  55029  55049  55055  55074  55075  55088  55092  55098  55117
 [4671]  55118  55119  55121  55126  55132  55138  55155  55156  55176  55179
 [4681]  55198  55200  55208  55211  55214  55271  55286  55293  55319  55330
 [4691]  55342  55343  55351  55371  55385  55389  55390  55391  55405  55408
 [4701]  55434  55454  55466  55474  55477  55483  55540  55553  55569  55581
 [4711]  55618  55630  55642  55644  55653  55655  55658  55662  55663  55670
 [4721]  55699  55700  55716  55723  55736  55758  55759  55769  55792  55797
 [4731]  55804  55807  55813  55829  55838  55843  55849  55893  55913  55917
 [4741]  55928  55933  55952  55953  55957  55970  55973  55986  55992  56014
 [4751]  56015  56017  56022  56025  56030  56047  56051  56065  56073  56084
 [4761]  56087  56101  56105  56109  56110  56136  56139  56156  56160  56162
 [4771]  56179  56183  56186  56189  56196  56215  56228  56229  56240  56258
 [4781]  56275  56297  56310  56326  56338  56341  56343  56350  56388  56394
 [4791]  56401  56430  56431  56442  56444  56446  56447  56449  56453  56473
 [4801]  56475  56477  56490  56493  56512  56517  56526  56563  56586  56593
 [4811]  56594  56599  56609  56614  56616  56618  56641  56646  56650  56652
 [4821]  56653  56661  56663  56676  56677  56678  56730  56764  56769  56784
 [4831]  56788  56791  56795  56797  56813  56818  56821  56823  56838  56840
 [4841]  56852  56856  56867  56872  56887  56895  56897  56900  56909  56928
 [4851]  56944  56950  56953  56965  56969  56983  56997  57010  57026  57037
 [4861]  57050  57061  57074  57089  57095  57097  57103  57105  57117  57119
 [4871]  57142  57146  57169  57170  57178  57181  57185  57188  57203  57204
 [4881]  57235  57257  57258  57264  57270  57285  57296  57322  57325  57328
 [4891]  57331  57335  57336  57365  57372  57375  57381  57405  57423  57439
 [4901]  57446  57452  57459  57475  57481  57487  57496  57508  57523  57534
 [4911]  57541  57542  57569  57570  57574  57578  57591  57595  57599  57604
 [4921]  57620  57639  57642  57655  57661  57663  57680  57682  57690  57693
 [4931]  57697  57699  57709  57721  57724  57727  57761  57766  57769  57783
 [4941]  57784  57791  57810  57812  57831  57833  57838  57850  57854  57864
 [4951]  57870  57892  57895  57908  57929  57943  57944  57946  57959  57966
 [4961]  57985  57995  58020  58044  58054  58058  58082  58115  58124  58128
 [4971]  58130  58132  58135  58150  58151  58152  58161  58168  58173  58185
 [4981]  58186  58200  58213  58239  58256  58260  58271  58283  58298  58302
 [4991]  58306  58329  58338  58350  58363  58365  58370  58375  58378  58384
 [5001]  58396  58417  58428  58429  58437  58463  58474  58484  58494  58502
 [5011]  58503  58516  58530  58532  58550  58561  58566  58569  58593  58594
 [5021]  58617  58621  58627  58636  58640  58666  58675  58678  58686  58689
 [5031]  58697  58700  58702  58704  58710  58725  58731  58732  58750  58766
 [5041]  58779  58787  58789  58796  58801  58802  58823  58843  58850  58853
 [5051]  58854  58868  58874  58884  58895  58908  58911  58916  58920  58922
 [5061]  58924  58942  58943  58947  58975  59008  59022  59023  59025  59050
 [5071]  59069  59072  59083  59095  59118  59121  59136  59147  59153  59172
 [5081]  59200  59207  59209  59210  59219  59222  59225  59232  59242  59249
 [5091]  59252  59260  59267  59272  59275  59282  59335  59345  59354  59359
 [5101]  59367  59384  59437  59464  59478  59494  59500  59504  59513  59532
 [5111]  59533  59543  59563  59600  59602  59618  59619  59623  59640  59660
 [5121]  59681  59692  59693  59697  59698  59720  59728  59729  59744  59766
 [5131]  59799  59801  59804  59819  59825  59827  59855  59862  59870  59874
 [5141]  59889  59894  59899  59912  59914  59916  59932  59948  59953  59981
 [5151]  59982  59998  60002  60004  60009  60019  60030  60037  60038  60049
 [5161]  60051  60052  60055  60076  60077  60084  60088  60094  60119  60129
 [5171]  60148  60154  60165  60183  60195  60199  60217  60219  60221  60223
 [5181]  60224  60251  60267  60270  60273  60274  60278  60293  60296  60305
 [5191]  60311  60322  60339  60351  60364  60378  60399  60459  60465  60468
 [5201]  60476  60478  60485  60507  60518  60533  60546  60561  60567  60568
 [5211]  60571  60573  60574  60577  60579  60580  60583  60585  60596  60600
 [5221]  60604  60612  60614  60634  60642  60654  60660  60669  60674  60675
 [5231]  60682  60683  60696  60701  60703  60708  60714  60724  60739  60742
 [5241]  60752  60753  60760  60761  60780  60781  60793  60798  60816  60822
 [5251]  60867  60878  60879  60881  60898  60900  60904  60905  60914  60919
 [5261]  60926  60940  60967  60971  60975  60997  61007  61022  61027  61028
 [5271]  61039  61042  61051  61052  61060  61063  61068  61070  61071  61072
 [5281]  61085  61088  61095  61096  61100  61105  61106  61108  61118  61125
 [5291]  61128  61130  61155  61162  61171  61190  61196  61198  61209  61215
 [5301]  61217  61244  61245  61249  61256  61262  61266  61269  61270  61272
 [5311]  61282  61286  61290  61291  61304  61306  61307  61329  61334  61342
 [5321]  61361  61363  61378  61384  61386  61415  61439  61445  61448  61455
 [5331]  61474  61483  61495  61513  61515  61534  61545  61553  61582  61599
 [5341]  61600  61602  61614  61625  61629  61633  61635  61640  61653  61655
 [5351]  61669  61675  61682  61693  61705  61721  61722  61729  61731  61733
 [5361]  61737  61739  61747  61749  61750  61768  61782  61785  61794  61796
 [5371]  61797  61800  61811  61817  61820  61828  61836  61840  61867  61875
 [5381]  61893  61903  61913  61950  61955  61981  61984  61992  61998  62011
 [5391]  62027  62028  62029  62044  62054  62070  62079  62082  62096  62099
 [5401]  62108  62112  62121  62133  62138  62186  62187  62196  62204  62211
 [5411]  62214  62221  62249  62261  62273  62276  62279  62289  62299  62301
 [5421]  62308  62311  62312  62317  62319  62321  62322  62329  62331  62332
 [5431]  62345  62358  62372  62393  62394  62395  62427  62453  62456  62457
 [5441]  62458  62465  62502  62535  62540  62542  62544  62545  62586  62603
 [5451]  62615  62621  62650  62660  62661  62663  62665  62666  62681  62689
 [5461]  62693  62700  62724  62726  62727  62740  62751  62760  62768  62773
 [5471]  62785  62786  62796  62806  62807  62817  62822  62837  62844  62852
 [5481]  62864  62873  62896  62904  62912  62916  62917  62919  62930  62934
 [5491]  62936  62938  62940  62941  62951  62962  62963  62973  62974  62977
 [5501]  62980  62982  62993  63013  63023  63046  63058  63077  63092  63099
 [5511]  63100  63117  63134  63138  63157  63158  63164  63176  63181  63186
 [5521]  63191  63210  63215  63219  63220  63228  63233  63293  63298  63335
 [5531]  63354  63380  63385  63387  63394  63398  63403  63404  63406  63408
 [5541]  63414  63428  63436  63437  63444  63464  63466  63470  63471  63497
 [5551]  63509  63511  63530  63537  63544  63546  63567  63570  63581  63582
 [5561]  63583  63585  63604  63624  63627  63633  63640  63659  63664  63672
 [5571]  63673  63733  63742  63760  63763  63764  63771  63779  63802  63818
 [5581]  63821  63825  63828  63830  63837  63858  63870  63880  63884  63892
 [5591]  63899  63900  63907  63914  63920  63950  63956  63958  63970  63977
 [5601]  63978  63981  63996  63997  63998  63999  64003  64006  64018  64020
 [5611]  64022  64026  64035  64047  64078  64079  64084  64092  64098  64099
 [5621]  64111  64112  64116  64155  64158  64163  64170  64190  64202  64220
 [5631]  64222  64231  64235  64245  64249  64251  64260  64281  64283  64289
 [5641]  64300  64320  64324  64338  64345  64355  64375  64385  64395  64414
 [5651]  64424  64426  64428  64443  64459  64469  64472  64508  64516  64525
 [5661]  64526  64533  64538  64539  64541  64549  64573  64603  64607  64608
 [5671]  64614  64632  64633  64639  64640  64645  64646  64651  64677  64682
 [5681]  64686  64688  64689  64694  64710  64714  64739  64746  64750  64759
 [5691]  64800  64840  64842  64846  64850  64851  64856  64879  64897  64903
 [5701]  64913  64925  64937  64945  64969  64983  64990  65004  65020  65042
 [5711]  65052  65054  65057  65058  65063  65075  65085  65097  65100  65109
 [5721]  65119  65127  65167  65180  65192  65195  65196  65197  65198  65201
 [5731]  65205  65220  65245  65250  65251  65260  65262  65294  65297  65298
 [5741]  65300  65307  65308  65322  65334  65336  65355  65358  65361  65375
 [5751]  65385  65404  65407  65408  65413  65433  65438  65443  65446  65450
 [5761]  65457  65464  65466  65498  65524  65529  65544  65554  65564  65566
 [5771]  65575  65578  65600  65614  65622  65624  65626  65638  65651  65656
 [5781]  65663  65677  65693  65701  65704  65707  65730  65736  65751  65758
 [5791]  65772  65787  65797  65799  65800  65808  65823  65824  65837  65849
 [5801]  65852  65875  65914  65922  65925  65927  65941  65943  65952  65979
 [5811]  65981  66008  66011  66016  66021  66031  66036  66057  66059  66066
 [5821]  66083  66086  66087  66089  66092  66107  66112  66116  66127  66132
 [5831]  66135  66136  66144  66148  66171  66186  66190  66194  66202  66230
 [5841]  66237  66267  66269  66277  66279  66284  66292  66293  66295  66305
 [5851]  66308  66313  66332  66338  66342  66349  66360  66371  66374  66377
 [5861]  66378  66385  66391  66393  66399  66404  66405  66407  66409  66412
 [5871]  66428  66435  66448  66452  66457  66458  66465  66468  66472  66473
 [5881]  66477  66480  66504  66506  66516  66540  66551  66570  66587  66599
 [5891]  66608  66637  66639  66641  66643  66645  66653  66656  66657  66670
 [5901]  66676  66709  66745  66753  66760  66770  66775  66778  66790  66791
 [5911]  66793  66809  66820  66827  66829  66830  66834  66839  66841  66851
 [5921]  66854  66860  66865  66873  66874  66875  66882  66898  66916  66917
 [5931]  66918  66928  66934  66944  66948  66953  66962  66983  66990  67004
 [5941]  67006  67045  67050  67066  67068  67085  67090  67095  67109  67115
 [5951]  67130  67136  67143  67150  67161  67186  67199  67207  67232  67251
 [5961]  67253  67254  67269  67271  67275  67277  67278  67279  67313  67330
 [5971]  67348  67358  67364  67366  67377  67383  67390  67391  67407  67425
 [5981]  67457  67463  67469  67471  67473  67474  67480  67494  67495  67500
 [5991]  67504  67507  67513  67514  67515  67520  67527  67541  67550  67556
 [6001]  67557  67561  67586  67596  67616  67637  67640  67641  67643  67649
 [6011]  67653  67654  67657  67662  67667  67669  67678  67679  67686  67687
 [6021]  67698  67727  67730  67734  67735  67738  67741  67754  67770  67777
 [6031]  67782  67783  67805  67811  67815  67821  67841  67849  67852  67881
 [6041]  67886  67897  67899  67900  67907  67952  67953  67956  67964  67973
 [6051]  67974  67985  68003  68021  68035  68040  68052  68061  68068  68080
 [6061]  68092  68093  68099  68105  68114  68115  68123  68138  68141  68143
 [6071]  68158  68164  68174  68178  68193  68195  68205  68211  68221  68226
 [6081]  68227  68230  68243  68269  68273  68278  68288  68293  68320  68338
 [6091]  68339  68341  68352  68357  68359  68372  68374  68378  68389  68390
 [6101]  68392  68394  68406  68410  68414  68428  68430  68432  68434  68444
 [6111]  68458  68465  68466  68470  68476  68488  68492  68497  68500  68502
 [6121]  68507  68517  68539  68569  68571  68630  68631  68639  68648  68658
 [6131]  68665  68666  68672  68676  68683  68696  68708  68716  68718  68727
 [6141]  68729  68730  68739  68740  68743  68754  68768  68773  68782  68789
 [6151]  68795  68807  68808  68817  68824  68832  68851  68863  68898  68906
 [6161]  68910  68915  68917  68928  68937  68940  68956  68957  68960  68978
 [6171]  69000  69025  69032  69040  69049  69062  69078  69082  69095  69110
 [6181]  69128  69132  69155  69158  69159  69166  69177  69213  69217  69226
 [6191]  69243  69249  69256  69263  69264  69265  69268  69269  69274  69297
 [6201]  69306  69311  69331  69333  69334  69341  69342  69343  69357  69358
 [6211]  69361  69364  69372  69378  69385  69401  69409  69413  69414  69422
 [6221]  69441  69450  69468  69472  69473  69474  69480  69488  69490  69494
 [6231]  69495  69497  69501  69515  69517  69542  69554  69559  69572  69573
 [6241]  69578  69579  69630  69652  69659  69661  69662  69675  69681  69682
 [6251]  69699  69708  69726  69729  69733  69745  69758  69759  69761  69767
 [6261]  69775  69776  69784  69809  69821  69828  69836  69837  69852  69874
 [6271]  69882  69890  69895  69909  69921  69927  69929  69938  69944  69955
 [6281]  69957  69960  69966  69976  69977  69984  69999  70008  70013  70022
 [6291]  70029  70031  70032  70045  70046  70057  70075  70076  70078  70080
 [6301]  70092  70099  70107  70126  70187  70190  70192  70215  70217  70235
 [6311]  70247  70248  70263  70281  70287  70288  70302  70304  70305  70308
 [6321]  70331  70334  70337  70345  70349  70352  70374  70375  70383  70387
 [6331]  70393  70421  70431  70435  70442  70448  70457  70463  70486  70510
 [6341]  70515  70519  70547  70554  70557  70560  70561  70569  70571  70579
 [6351]  70589  70592  70593  70600  70604  70606  70611  70615  70621  70624
 [6361]  70631  70642  70650  70670  70678  70680  70683  70685  70695  70706
 [6371]  70707  70716  70735  70765  70775  70784  70788  70789  70811  70812
 [6381]  70814  70815  70821  70823  70849  70860  70866  70867  70868  70869
 [6391]  70899  70900  70905  70907  70924  70926  70932  70933  70948  70955
 [6401]  70960  70963  70965  70969  70976  70983  70984  70986  70997  71000
 [6411]  71013  71018  71022  71023  71033  71038  71043  71055  71056  71058
 [6421]  71095  71100  71101  71103  71117  71127  71137  71141  71145  71148
 [6431]  71158  71165  71180  71182  71187  71188  71189  71203  71214  71218
 [6441]  71229  71238  71241  71244  71247  71248  71251  71255  71272  71275
 [6451]  71281  71282  71285  71288  71309  71311  71335  71336  71340  71344
 [6461]  71355  71358  71363  71364  71369  71406  71412  71413  71426  71427
 [6471]  71429  71439  71448  71453  71454  71458  71462  71474  71484  71488
 [6481]  71492  71500  71501  71504  71508  71516  71550  71568  71587  71592
 [6491]  71596  71611  71612  71614  71639  71649  71650  71654  71656  71661
 [6501]  71675  71682  71697  71703  71707  71714  71728  71738  71778  71782
 [6511]  71813  71820  71850  71864  71869  71881  71900  71902  71910  71919
 [6521]  71924  71925  71935  71952  72012  72013  72022  72063  72077  72081
 [6531]  72088  72089  72091  72102  72105  72108  72120  72122  72125  72128
 [6541]  72129  72152  72154  72169  72182  72194  72202  72203  72207  72219
 [6551]  72220  72223  72227  72236  72239  72266  72272  72279  72290  72300
 [6561]  72317  72331  72337  72349  72354  72355  72358  72361  72362  72381
 [6571]  72383  72385  72391  72393  72394  72395  72403  72416  72432  72433
 [6581]  72434  72442  72448  72457  72461  72485  72502  72512  72520  72527
 [6591]  72545  72546  72565  72596  72605  72618  72636  72651  72671  72672
 [6601]  72674  72675  72703  72707  72710  72712  72727  72733  72736  72737
 [6611]  72766  72768  72782  72784  72789  72791  72793  72801  72816  72831
 [6621]  72834  72836  72837  72852  72859  72872  72876  72884  72892  72900
 [6631]  72901  72904  72914  72923  72931  72932  72940  72950  72979  72985
 [6641]  72991  72996  72997  73001  73012  73017  73032  73033  73046  73047
 [6651]  73048  73051  73072  73075  73084  73095  73098  73121  73122  73132
 [6661]  73147  73152  73175  73186  73208  73216  73217  73223  73254  73260
 [6671]  73261  73263  73274  73279  73291  73299  73319  73334  73343  73344
 [6681]  73361  73371  73378  73385  73406  73415  73443  73459  73460  73467
 [6691]  73479  73495  73507  73511  73512  73514  73519  73524  73526  73531
 [6701]  73532  73533  73534  73542  73547  73550  73568  73598  73610  73611
 [6711]  73617  73625  73651  73656  73660  73715  73723  73728  73729  73734
 [6721]  73739  73748  73761  73770  73776  73777  73779  73801  73814  73823
 [6731]  73827  73836  73840  73849  73853  73854  73869  73876  73882  73894
 [6741]  73903  73904  73907  73911  73919  73927  73934  73951  73962  73963
 [6751]  73969  73980  73997  74013  74015  74016  74018  74020  74027  74028
 [6761]  74029  74039  74059  74065  74069  74071  74099  74109  74117  74123
 [6771]  74131  74134  74148  74158  74167  74177  74197  74203  74210  74219
 [6781]  74244  74252  74259  74275  74284  74296  74300  74314  74317  74320
 [6791]  74365  74371  74378  74391  74392  74393  74410  74418  74448  74450
 [6801]  74458  74461  74465  74485  74506  74507  74515  74557  74567  74573
 [6811]  74574  74576  74619  74621  74637  74645  74651  74653  74655  74658
 [6821]  74669  74675  74697  74698  74714  74723  74726  74729  74741  74743
 [6831]  74749  74750  74757  74758  74776  74781  74789  74793  74795  74813
 [6841]  74815  74816  74818  74847  74853  74857  74859  74861  74882  74906
 [6851]  74917  74938  74939  74954  74975  74976  74977  74989  74995  75005
 [6861]  75013  75022  75024  75027  75030  75036  75042  75061  75075  75083
 [6871]  75089  75095  75097  75102  75113  75114  75115  75127  75137  75142
 [6881]  75162  75178  75209  75217  75228  75229  75243  75253  75272  75276
 [6891]  75299  75304  75311  75329  75332  75345  75361  75366  75369  75371
 [6901]  75375  75378  75392  75394  75415  75422  75429  75434  75454  75462
 [6911]  75476  75482  75496  75507  75508  75515  75517  75538  75542  75558
 [6921]  75560  75561  75562  75563  75596  75632  75634  75635  75642  75643
 [6931]  75646  75652  75666  75677  75694  75695  75720  75721  75722  75726
 [6941]  75745  75748  75753  75787  75817  75824  75826  75827  75845  75849
 [6951]  75858  75861  75862  75866  75873  75876  75882  75886  75887  75900
 [6961]  75913  75921  75942  75972  75974  75977  75983  75988  75990  76000
 [6971]  76016  76018  76020  76035  76048  76058  76067  76071  76074  76084
 [6981]  76085  76086  76091  76105  76107  76111  76117  76121  76129  76154
 [6991]  76155  76163  76169  76174  76178  76186  76191  76192  76201  76206
 [7001]  76217  76244  76270  76276  76284  76294  76295  76300  76306  76307
 [7011]  76309  76312  76327  76330  76331  76346  76353  76355  76357  76358
 [7021]  76372  76373  76378  76389  76422  76432  76435  76436  76438  76450
 [7031]  76461  76473  76494  76495  76496  76497  76502  76510  76512  76519
 [7041]  76520  76523  76528  76531  76538  76539  76541  76545  76554  76562
 [7051]  76563  76570  76573  76574  76580  76582  76585  76601  76612  76613
 [7061]  76617  76629  76631  76640  76642  76645  76647  76652  76667  76668
 [7071]  76673  76686  76687  76691  76692  76696  76707  76711  76712  76730
 [7081]  76731  76734  76748  76753  76757  76764  76768  76784  76791  76792
 [7091]  76805  76808  76811  76818  76822  76833  76837  76842  76843  76849
 [7101]  76850  76855  76857  76861  76864  76866  76891  76908  76945  76946
 [7111]  76948  76982  77068  77071  77080  77082  77092  77108  77122  77131
 [7121]  77136  77138  77144  77153  77156  77163  77165  77172  77173  77175
 [7131]  77186  77192  77208  77210  77214  77219  77221  77240  77243  77244
 [7141]  77255  77262  77267  77282  77285  77286  77299  77303  77308  77327
 [7151]  77329  77332  77333  77343  77352  77353  77355  77356  77360  77364
 [7161]  77398  77411  77416  77439  77443  77456  77462  77464  77472  77489
 [7171]  77490  77496  77498  77508  77517  77523  77537  77550  77584  77595
 [7181]  77596  77609  77610  77612  77628  77641  77645  77646  77652  77660
 [7191]  77663  77666  77676  77685  77690  77696  77699  77702  77710  77722
 [7201]  77741  77752  77757  77761  77776  77782  77794  77795  77816  77820
 [7211]  77826  77830  77831  77840  77854  77859  77863  77875  77880  77917
 [7221]  77941  77944  77963  77974  77976  77980  77982  77993  78002  78032
 [7231]  78037  78039  78042  78044  78057  78058  78060  78081  78107  78136
 [7241]  78146  78158  78160  78166  78169  78170  78178  78207  78220  78237
 [7251]  78240  78242  78243  78256  78257  78258  78278  78280  78285  78286
 [7261]  78300  78304  78305  78321  78323  78333  78337  78346  78361  78362
 [7271]  78373  78381  78389  78404  78405  78407  78430  78438  78440  78448
 [7281]  78452  78458  78459  78463  78476  78519  78524  78526  78531  78534
 [7291]  78542  78571  78575  78580  78589  78598  78606  78655  78659  78664
 [7301]  78665  78666  78673  78686  78688  78692  78693  78699  78700  78705
 [7311]  78706  78707  78709  78712  78715  78725  78738  78745  78757  78758
 [7321]  78759  78765  78769  78777  78801  78808  78815  78826  78849  78858
 [7331]  78860  78866  78877  78883  78886  78896  78897  78905  78909  78916
 [7341]  78921  78925  78929  78934  78948  78958  78963  78973  78975  78978
 [7351]  78982  78989  79001  79011  79012  79015  79024  79028  79042  79044
 [7361]  79061  79063  79065  79074  79075  79090  79091  79105  79111  79121
 [7371]  79126  79128  79147  79160  79172  79180  79181  79201  79207  79209
 [7381]  79210  79219  79231  79238  79241  79244  79258  79261  79262  79272
 [7391]  79293  79304  79319  79320  79345  79371  79384  79393  79394  79406
 [7401]  79414  79416  79430  79454  79478  79481  79485  79496  79499  79502
 [7411]  79507  79513  79518  79527  79540  79545  79557  79560  79564  79571
 [7421]  79576  79577  79588  79594  79602  79610  79611  79630  79646  79650
 [7431]  79651  79656  79662  79675  79677  79678  79693  79704  79705  79710
 [7441]  79711  79716  79721  79739  79766  79767  79770  79782  79795  79797
 [7451]  79799  79808  79815  79825  79826  79834  79860  79861  79865  79870
 [7461]  79875  79880  79881  79882  79900  79910  79920  79925  79926  79927
 [7471]  79936  79945  79949  79963  79967  79968  79973  79991  80005  80017
 [7481]  80032  80038  80042  80044  80046  80050  80062  80064  80088  80092
 [7491]  80106  80120  80138  80144  80149  80154  80157  80159  80165  80174
 [7501]  80181  80188  80207  80208  80213  80220  80222  80229  80235  80241
 [7511]  80251  80255  80275  80278  80283  80285  80288  80302  80304  80311
 [7521]  80347  80348  80356  80366  80373  80374  80377  80387  80394  80403
 [7531]  80406  80417  80427  80441  80442  80472  80473  80474  80478  80486
 [7541]  80495  80517  80519  80521  80531  80537  80538  80560  80566  80571
 [7551]  80580  80589  80596  80609  80610  80638  80640  80657  80661  80691
 [7561]  80700  80704  80715  80725  80727  80732  80750  80762  80775  80781
 [7571]  80820  80823  80826  80830  80841  80886  80887  80903  80919  80948
 [7581]  80966  80969  80981  80985  80988  80991  80992  80998  81001  81002
 [7591]  81006  81011  81016  81027  81040  81066  81068  81080  81081  81086
 [7601]  81090  81091  81100  81109  81115  81117  81124  81128  81129  81136
 [7611]  81151  81165  81166  81167  81183  81185  81202  81206  81207  81209
 [7621]  81223  81226  81227  81255  81272  81284  81286  81287  81297  81298
 [7631]  81304  81307  81309  81319  81332  81344  81381  81386  81403  81411
 [7641]  81436  81440  81442  81453  81455  81470  81485  81506  81509  81512
 [7651]  81514  81543  81573  81576  81583  81585  81588  81592  81597  81600
 [7661]  81607  81609  81612  81623  81650  81654  81660  81665  81707  81723
 [7671]  81731  81734  81740  81746  81751  81765  81794  81821  81825  81832
 [7681]  81841  81845  81853  81855  81864  81896  81898  81899  81914  81918
 [7691]  81919  81925  81929  81931  81947  81950  81951  81955  81958  81981
 [7701]  81983  81996  81998  81999  82000  82001  82005  82008  82018  82032
 [7711]  82060  82070  82079  82083  82088  82090  82110  82115  82119  82132
 [7721]  82137  82139  82150  82154  82155  82162  82167  82191  82195  82197
 [7731]  82207  82216  82218  82221  82223  82224  82236  82271  82289  82291
 [7741]  82293  82306  82315  82319  82352  82359  82384  82385  82386  82393
 [7751]  82395  82397  82400  82425  82430  82449  82455  82488  82510  82514
 [7761]  82517  82525  82547  82550  82554  82569  82571  82576  82579  82587
 [7771]  82593  82595  82612  82615  82621  82628  82632  82640  82643  82653
 [7781]  82656  82658  82664  82673  82674  82680  82686  82687  82689  82705
 [7791]  82710  82712  82716  82722  82726  82729  82734  82751  82756  82760
 [7801]  82773  82779  82780  82782  82791  82794  82810  82821  82825  82830
 [7811]  82833  82845  82852  82856  82871  82908  82913  82916  82923  82929
 [7821]  82943  82944  82945  82950  82982  82996  83002  83034  83036  83047
 [7831]  83052  83053  83066  83097  83109  83113  83118  83119  83125  83138
 [7841]  83156  83164  83165  83174  83183  83188  83192  83195  83197  83202
 [7851]  83207  83230  83231  83243  83244  83247  83265  83267  83284  83292
 [7861]  83294  83302  83303  83309  83342  83353  83363  83364  83371  83377
 [7871]  83402  83403  83408  83414  83421  83423  83428  83429  83433  83434
 [7881]  83436  83442  83444  83451  83453  83469  83470  83484  83491  83492
 [7891]  83494  83514  83528  83529  83537  83551  83562  83563  83567  83569
 [7901]  83572  83582  83596  83599  83602  83619  83626  83629  83631  83649
 [7911]  83659  83666  83668  83677  83687  83690  83715  83716  83719  83727
 [7921]  83730  83744  83756  83759  83762  83763  83765  83778  83779  83781
 [7931]  83784  83796  83800  83802  83821  83827  83846  83871  83879  83881
 [7941]  83904  83906  83921  83923  83925  83927  83931  83932  83941  83961
 [7951]  83966  83968  83977  83999  84003  84018  84028  84052  84057  84067
 [7961]  84071  84072  84077  84082  84085  84106  84109  84110  84115  84120
 [7971]  84122  84123  84132  84136  84142  84143  84158  84163  84189  84199
 [7981]  84203  84204  84213  84225  84230  84234  84238  84247  84259  84262
 [7991]  84271  84283  84326  84353  84354  84362  84364  84371  84378  84392
 [8001]  84408  84415  84426  84429  84436  84438  84439  84442  84450  84480
 [8011]  84481  84487  84508  84528  84535  84544  84548  84556  84558  84559
 [8021]  84560  84563  84573  84583  84585  84600  84606  84617  84626  84647
 [8031]  84671  84672  84681  84694  84711  84714  84717  84724  84726  84737
 [8041]  84741  84750  84757  84771  84777  84793  84812  84816  84817  84820
 [8051]  84824  84826  84837  84838  84848  84850  84852  84858  84870  84871
 [8061]  84872  84878  84891  84915  84923  84925  84948  84954  84965  84974
 [8071]  84979  84985  85000  85013  85015  85017  85043  85047  85053  85061
 [8081]  85076  85077  85080  85095  85098  85112  85118  85122  85123  85141
 [8091]  85143  85144  85151  85154  85161  85166  85180  85209  85226  85235
 [8101]  85239  85242  85243  85244  85250  85252  85277  85280  85283  85287
 [8111]  85291  85295  85296  85303  85308  85337  85366  85442  85443  85447
 [8121]  85450  85452  85463  85470  85471  85475  85478  85484  85487  85501
 [8131]  85503  85505  85506  85508  85516  85518  85525  85526  85528  85531
 [8141]  85538  85558  85570  85572  85577  85578  85579  85590  85591  85599
 [8151]  85631  85675  85684  85689  85700  85701  85702  85705  85713  85722
 [8161]  85723  85725  85735  85740  85752  85758  85761  85764  85769  85801
 [8171]  85805  85811  85812  85831  85846  85848  85852  85854  85865  85875
 [8181]  85882  85883  85917  85918  85933  85934  85935  85945  85959  85971
 [8191]  85972  85974  85979  85980  86008  86015  86033  86037  86046  86054
 [8201]  86062  86073  86091  86097  86102  86115  86116  86117  86118  86123
 [8211]  86129  86150  86160  86162  86163  86167  86176  86178  86207  86215
 [8221]  86232  86243  86249  86251  86266  86268  86275  86278  86279  86283
 [8231]  86292  86305  86309  86310  86317  86326  86335  86342  86353  86360
 [8241]  86361  86363  86367  86374  86379  86380  86397  86404  86411  86439
 [8251]  86451  86457  86459  86465  86466  86480  86498  86507  86509  86514
 [8261]  86516  86520  86521  86527  86541  86553  86559  86561  86563  86575
 [8271]  86592  86593  86602  86622  86640  86644  86647  86648  86657  86659
 [8281]  86662  86667  86680  86695  86696  86697  86708  86709  86737  86754
 [8291]  86756  86761  86772  86781  86822  86823  86824  86828  86832  86848
 [8301]  86872  86876  86893  86911  86913  86919  86920  86934  86940  86951
 [8311]  86953  86966  86968  86971  86983  86984  87000  87026  87029  87034
 [8321]  87035  87038  87039  87047  87049  87051  87054  87069  87082  87083
 [8331]  87102  87111  87112  87113  87121  87127  87135  87158  87160  87167
 [8341]  87188  87190  87194  87212  87216  87220  87223  87241  87242  87253
 [8351]  87279  87293  87336  87344  87345  87360  87365  87371  87372  87375
 [8361]  87383  87390  87397  87399  87405  87431  87436  87451  87454  87459
 [8371]  87465  87468  87476  87479  87488  87493  87502  87507  87513  87522
 [8381]  87538  87542  87543  87551  87563  87577  87579  87581  87583  87585
 [8391]  87589  87595  87598  87599  87611  87618  87622  87625  87630  87644
 [8401]  87657  87666  87730  87731  87735  87743  87745  87750  87751  87767
 [8411]  87768  87778  87801  87829  87833  87838  87840  87848  87869  87873
 [8421]  87885  87907  87908  87910  87921  87922  87927  87936  87941  87950
 [8431]  87953  87977  87983  87984  87986  87996  87997  88001  88012  88015
 [8441]  88032  88033  88043  88044  88046  88055  88063  88068  88079  88082
 [8451]  88092  88128  88136  88155  88156  88168  88174  88183  88184  88203
 [8461]  88259  88260  88267  88271  88282  88284  88304  88311  88334  88336
 [8471]  88350  88359  88360  88376  88380  88390  88393  88395  88397  88416
 [8481]  88420  88422  88426  88445  88449  88472  88473  88477  88478  88480
 [8491]  88491  88494  88503  88506  88512  88535  88543  88545  88548  88551
 [8501]  88552  88556  88560  88561  88573  88587  88588  88597  88626  88636
 [8511]  88640  88651  88663  88669  88686  88696  88704  88709  88739  88751
 [8521]  88757  88759  88770  88787  88806  88810  88829  88832  88838  88860
 [8531]  88863  88889  88901  88916  88920  88926  88929  88931  88950  88966
 [8541]  88980  88996  89034  89047  89056  89063  89076  89085  89137  89140
 [8551]  89143  89159  89166  89174  89179  89186  89205  89208  89236  89253
 [8561]  89264  89279  89287  89309  89341  89364  89367  89371  89377  89389
 [8571]  89390  89395  89419  89420  89426  89436  89440  89441  89442  89443
 [8581]  89450  89452  89456  89461  89465  89486  89488  89497  89507  89517
 [8591]  89521  89540  89549  89555  89556  89581  89597  89617  89630  89635
 [8601]  89640  89653  89659  89675  89684  89686  89689  89691  89710  89719
 [8611]  89722  89732  89743  89744  89756  89760  89767  89779  89792  89799
 [8621]  89814  89826  89831  89862  89865  89867  89868  89888  89899  89924
 [8631]  89933  89950  89954  89990  89994  90005  90024  90026  90028  90040
 [8641]  90045  90048  90052  90067  90097  90100  90115  90116  90118  90121
 [8651]  90135  90141  90144  90147  90148  90174  90181  90193  90206  90210
 [8661]  90213  90215  90222  90230  90233  90234  90252  90258  90261  90264
 [8671]  90266  90268  90283  90288  90295  90306  90323  90325  90335  90337
 [8681]  90343  90346  90361  90366  90367  90371  90374  90375  90378  90400
 [8691]  90403  90409  90459  90460  90477  90488  90522  90535  90539  90540
 [8701]  90549  90551  90558  90576  90587  90588  90598  90611  90626  90646
 [8711]  90649  90654  90655  90659  90667  90684  90701  90702  90707  90708
 [8721]  90714  90733  90747  90751  90755  90758  90771  90777  90794  90824
 [8731]  90832  90838  90842  90843  90845  90873  90884  90894  90909  90934
 [8741]  90941  90944  90958  90961  90967  90970  90998  91020  91021  91043
 [8751]  91049  91057  91060  91086  91091  91102  91106  91111  91116  91117
 [8761]  91126  91130  91134  91142  91147  91148  91150  91155  91169  91179
 [8771]  91201  91203  91211  91213  91226  91228  91231  91236  91242  91248
 [8781]  91267  91274  91276  91305  91322  91328  91333  91337  91340  91347
 [8791]  91360  91378  91380  91392  91398  91413  91440  91447  91448  91464
 [8801]  91486  91500  91502  91503  91506  91522  91532  91562  91569  91579
 [8811]  91591  91598  91610  91611  91615  91620  91622  91644  91674  91685
 [8821]  91690  91721  91762  91763  91770  91796  91831  91838  91841  91846
 [8831]  91848  91856  91862  91868  91873  91880  91881  91885  91890  91894
 [8841]  91896  91922  91923  91935  91941  91956  91969  91974  91987  91998
 [8851]  92003  92004  92010  92012  92016  92020  92021  92037  92039  92048
 [8861]  92060  92072  92076  92077  92078  92087  92090  92098  92111  92119
 [8871]  92132  92150  92153  92154  92169  92173  92176  92177  92199  92202
 [8881]  92203  92215  92224  92229  92234  92254  92260  92267  92275  92297
 [8891]  92299  92305  92306  92326  92347  92353  92365  92369  92390  92396
 [8901]  92401  92413  92435  92440  92450  92478  92488  92493  92498  92530
 [8911]  92543  92557  92559  92562  92563  92569  92572  92575  92590  92621
 [8921]  92632  92634  92636  92645  92650  92653  92699  92700  92701  92703
 [8931]  92710  92718  92727  92737  92745  92753  92757  92763  92777  92800
 [8941]  92821  92826  92837  92839  92844  92853  92858  92859  92860  92871
 [8951]  92872  92875  92877  92883  92899  92904  92908  92920  92929  92931
 [8961]  92933  92940  92943  92945  92952  92953  92962  92971  93004  93016
 [8971]  93151  93154  93157  93163  93165  93168  93177  93179  93181  93184
 [8981]  93187  93199  93207  93208  93209  93212  93214  93233  93280  93310
 [8991]  93311  93313  93345  93346  93368  93380  93387  93388  93391  93426
 [9001]  93428  93440  93463  93465  93476  93487  93489  93492  93494  93503
 [9011]  93515  93532  93543  93544  93545  93581  93606  93612  93617  93647
 [9021]  93649  93652  93661  93664  93695  93699  93722  93765  93777  93782
 [9031]  93794  93806  93836  93847  93859  93860  93866  93877  93882  93885
 [9041]  93889  93910  93914  93915  93917  93937  93941  93943  93954  93961
 [9051]  93971  93980  93983  93991  93992  93998  94000  94013  94032  94034
 [9061]  94035  94041  94066  94070  94076  94077  94080  94081  94087  94101
 [9071]  94115  94119  94127  94136  94148  94153  94171  94184  94186  94197
 [9081]  94201  94202  94220  94233  94235  94239  94242  94264  94280  94308
 [9091]  94309  94310  94333  94334  94350  94371  94377  94385  94387  94392
 [9101]  94399  94404  94415  94417  94420  94432  94435  94437  94446  94451
 [9111]  94454  94465  94468  94472  94488  94503  94506  94520  94521  94523
 [9121]  94524  94537  94540  94546  94561  94590  94591  94608  94636  94642
 [9131]  94647  94650  94660  94666  94668  94685  94690  94694  94697  94707
 [9141]  94714  94715  94735  94737  94741  94750  94756  94758  94759  94767
 [9151]  94768  94771  94776  94785  94790  94799  94824  94826  94835  94841
 [9161]  94847  94853  94864  94901  94903  94915  94917  94920  94932  94947
 [9171]  94953  94954  94972  94977  94979  94997  95006  95010  95012  95013
 [9181]  95016  95025  95035  95040  95047  95057  95073  95080  95082  95086
 [9191]  95108  95113  95114  95115  95121  95125  95126  95159  95168  95187
 [9201]  95188  95210  95213  95218  95229  95248  95252  95256  95263  95266
 [9211]  95274  95282  95288  95294  95302  95303  95308  95311  95317  95331
 [9221]  95338  95348  95351  95357  95368  95378  95379  95380  95383  95391
 [9231]  95413  95433  95435  95448  95449  95450  95452  95466  95477  95488
 [9241]  95510  95511  95526  95530  95540  95551  95555  95559  95574  95594
 [9251]  95595  95610  95613  95618  95621  95646  95651  95654  95666  95670
 [9261]  95678  95683  95694  95726  95737  95738  95741  95752  95786  95793
 [9271]  95794  95804  95814  95832  95847  95856  95865  95870  95875  95887
 [9281]  95890  95892  95901  95921  95925  95931  95936  95944  95947  95969
 [9291]  95981  95985  95989  95991  96004  96023  96029  96038  96047  96054
 [9301]  96069  96074  96075  96086  96112  96117  96134  96144  96154  96157
 [9311]  96164  96181  96190  96213  96215  96221  96231  96242  96278  96289
 [9321]  96290  96307  96311  96315  96332  96334  96340  96372  96389  96400
 [9331]  96429  96441  96458  96476  96479  96487  96499  96530  96532  96542
 [9341]  96545  96548  96555  96557  96565  96569  96581  96590  96592  96594
 [9351]  96607  96611  96614  96615  96616  96623  96624  96627  96628  96629
 [9361]  96632  96645  96647  96654  96655  96656  96680  96681  96683  96687
 [9371]  96692  96697  96713  96730  96741  96746  96761  96766  96768  96771
 [9381]  96783  96789  96803  96822  96823  96828  96853  96856  96870  96873
 [9391]  96890  96897  96910  96917  96922  96925  96948  96957  96959  96971
 [9401]  96977  96979  96985  96988  96989  96992  97002  97008  97019  97021
 [9411]  97055  97072  97077  97080  97084  97091  97104  97116  97133  97135
 [9421]  97137  97148  97156  97172  97187  97205  97210  97214  97222  97244
 [9431]  97247  97257  97258  97295  97296  97297  97320  97322  97326  97328
 [9441]  97329  97340  97348  97349  97356  97359  97360  97364  97365  97374
 [9451]  97400  97414  97451  97452  97465  97480  97481  97489  97490  97500
 [9461]  97501  97512  97514  97517  97521  97523  97534  97546  97561  97563
 [9471]  97566  97567  97580  97590  97593  97594  97596  97597  97622  97627
 [9481]  97630  97639  97667  97673  97675  97694  97704  97710  97719  97729
 [9491]  97760  97767  97783  97786  97788  97805  97830  97836  97838  97845
 [9501]  97846  97848  97850  97852  97854  97863  97878  97886  97896  97901
 [9511]  97919  97920  97938  97946  97985  97997  98003  98006  98011  98015
 [9521]  98017  98034  98036  98040  98049  98054  98068  98074  98079  98090
 [9531]  98093  98106  98115  98129  98153  98161  98163  98164  98167  98194
 [9541]  98211  98214  98219  98220  98223  98227  98230  98236  98250  98260
 [9551]  98275  98276  98298  98300  98309  98313  98352  98353  98355  98358
 [9561]  98359  98360  98376  98385  98393  98401  98421  98425  98433  98439
 [9571]  98444  98445  98464  98467  98475  98476  98493  98498  98521  98527
 [9581]  98528  98537  98538  98539  98540  98543  98549  98551  98561  98562
 [9591]  98565  98573  98575  98578  98581  98582  98586  98588  98593  98597
 [9601]  98627  98683  98688  98690  98692  98708  98724  98736  98762  98770
 [9611]  98775  98791  98799  98810  98822  98823  98830  98834  98841  98849
 [9621]  98853  98855  98889  98896  98898  98911  98914  98949  98956  98965
 [9631]  98967  98970  98978  98993  98995  99004  99007  99008  99020  99027
 [9641]  99030  99054  99077  99100  99109  99112  99118  99119  99126  99135
 [9651]  99136  99137  99150  99155  99156  99157  99158  99165  99186  99213
 [9661]  99234  99267  99284  99304  99310  99320  99323  99327  99329  99332
 [9671]  99355  99373  99374  99385  99392  99412  99425  99449  99457  99464
 [9681]  99468  99471  99472  99474  99483  99495  99497  99503  99512  99529
 [9691]  99535  99538  99554  99560  99564  99569  99570  99578  99580  99590
 [9701]  99593  99595  99599  99608  99623  99625  99648  99652  99658  99667
 [9711]  99670  99673  99679  99691  99703  99709  99716  99718  99723  99733
 [9721]  99752  99756  99763  99765  99771  99775  99777  99798  99801  99806
 [9731]  99815  99841  99845  99847  99856  99863  99883  99885  99915  99920
 [9741]  99921  99926  99931  99932  99933  99938  99948  99950  99969  99971
 [9751]  99973  99974  99976  99981  99983 100004 100010 100012 100028 100041
 [9761] 100042 100046 100049 100059 100076 100077 100103 100114 100120 100121
 [9771] 100131 100143 100145 100150 100151 100158 100160 100197 100206 100210
 [9781] 100218 100220 100222 100225 100234 100254 100255 100275 100280 100287
 [9791] 100299 100300 100315 100323 100326 100332 100339 100370 100374 100375
 [9801] 100385 100386 100389 100410 100425 100429 100433 100445 100450 100474
 [9811] 100478 100480 100502 100503 100504 100505 100511 100517 100524 100531
 [9821] 100534 100543 100545 100563 100573 100575 100598 100604 100611 100613
 [9831] 100615 100616 100620 100633 100641 100644 100649 100652 100671 100673
 [9841] 100697 100704 100716 100723 100727 100729 100732 100734 100780 100781
 [9851] 100792 100820 100835 100852 100857 100858 100864 100869 100872 100876
 [9861] 100879 100884 100889 100893 100894 100896 100898 100902 100911 100915
 [9871] 100921 100922 100929 100930 100933 100934 100951 100958 100960 100962
 [9881] 100974 101027 101035 101038 101045 101049 101056 101064 101066 101083
 [9891] 101091 101098 101100 101107 101114 101121 101122 101130 101141 101161
 [9901] 101185 101186 101187 101201 101210 101221 101228 101248 101261 101262
 [9911] 101264 101272 101273 101277 101279 101284 101292 101295 101298 101303
 [9921] 101311 101317 101320 101322 101331 101337 101349 101350 101354 101355
 [9931] 101365 101366 101397 101398 101403 101405 101411 101415 101434 101436
 [9941] 101444 101449 101450 101457 101466 101468 101473 101475 101492 101493
 [9951] 101502 101513 101514 101517 101524 101545 101550 101556 101566 101570
 [9961] 101596 101604 101606 101613 101621 101625 101636 101638 101641 101653
 [9971] 101665 101668 101670 101671 101673 101689 101691 101693 101697 101698
 [9981] 101709 101717 101734 101738 101744 101758 101759 101764 101788 101789
 [9991] 101811 101814 101823 101833 101835 101841 101845 101846 101876 101880
[10001] 101886 101898 101919 101920 101925 101936 101940 101944 101947 101948
[10011] 101949 101962 101967 101975 101977 101980 101983 101985 101997 102004
[10021] 102009 102032 102034 102037 102054 102056 102067 102068 102082 102104
[10031] 102108 102123 102129 102131 102134 102137 102138 102143 102145 102172
[10041] 102182 102187 102232 102234 102246 102249 102251 102257 102267 102275
[10051] 102297 102301 102302 102303 102309 102318 102326 102330 102336 102352
[10061] 102355 102372 102378 102380 102393 102399 102403 102404 102407 102410
[10071] 102416 102420 102431 102433 102441 102458 102469 102480 102485
