
===========  pcaNNet  ============

    [1]     7    61    78    80    81   119   131   134   148   154   175   195   198   202   211   212   275   285
   [19]   324   336   347   377   384   393   408   418   432   434   451   473   475   532   629   653   663   666
   [37]   678   680   682   712   718   729   748   778   799   857   874   899   913   939   954   970   983  1033
   [55]  1039  1042  1088  1124  1142  1152  1159  1180  1188  1204  1205  1207  1209  1228  1239  1277  1279  1287
   [73]  1293  1299  1308  1351  1362  1367  1404  1408  1434  1440  1441  1510  1524  1525  1528  1536  1537  1568
   [91]  1572  1591  1596  1655  1678  1707  1776  1788  1793  1815  1849  1856  1861  1864  1871  1905  1935  1980
  [109]  2021  2023  2039  2053  2073  2142  2143  2164  2166  2169  2177  2178  2190  2212  2213  2223  2224  2226
  [127]  2232  2254  2344  2368  2372  2374  2386  2397  2407  2420  2423  2440  2472  2488  2491  2495  2513  2515
  [145]  2531  2534  2547  2554  2556  2557  2579  2597  2598  2611  2638  2674  2712  2717  2731  2732  2739  2756
  [163]  2760  2767  2774  2789  2799  2815  2817  2843  2847  2883  2892  2904  2922  2938  2970  2974  2976  2986
  [181]  2989  2996  2999  3026  3031  3035  3070  3080  3097  3131  3157  3164  3177  3180  3182  3189  3190  3191
  [199]  3192  3193  3196  3208  3211  3230  3234  3242  3251  3257  3260  3263  3265  3341  3383  3390  3407  3417
  [217]  3454  3487  3502  3506  3527  3529  3539  3545  3567  3570  3576  3610  3616  3625  3647  3719  3725  3737
  [235]  3741  3757  3831  3865  3866  3870  3877  3882  3916  3930  3937  3938  3958  3965  3974  3977  3987  3992
  [253]  4000  4023  4036  4048  4058  4062  4063  4070  4072  4082  4091  4092  4104  4107  4114  4165  4173  4187
  [271]  4194  4203  4230  4231  4235  4241  4243  4251  4264  4279  4304  4313  4324  4330  4340  4343  4351  4382
  [289]  4426  4440  4442  4443  4444  4455  4456  4458  4462  4478  4505  4528  4559  4562  4564  4596  4604  4623
  [307]  4626  4630  4660  4661  4662  4671  4677  4679  4690  4694  4705  4759  4776  4803  4817  4824  4869  4916
  [325]  4940  4960  4962  4973  4993  4996  5012  5019  5024  5041  5051  5057  5098  5113  5118  5122  5126  5135
  [343]  5152  5156  5168  5169  5177  5179  5192  5205  5220  5224  5227  5254  5312  5331  5334  5348  5353  5359
  [361]  5361  5367  5368  5372  5393  5397  5427  5435  5481  5484  5486  5496  5505  5514  5522  5562  5574  5579
  [379]  5591  5594  5598  5618  5633  5642  5643  5646  5647  5654  5696  5714  5796  5878  5893  5901  5902  5903
  [397]  5904  5927  5929  5938  5948  5956  5970  5974  5977  5980  5996  5998  6039  6048  6049  6060  6061  6078
  [415]  6119  6148  6149  6152  6162  6173  6176  6229  6245  6249  6254  6283  6293  6300  6310  6312  6339  6367
  [433]  6368  6424  6429  6433  6450  6457  6469  6478  6485  6513  6523  6530  6538  6540  6557  6567  6571  6573
  [451]  6581  6589  6590  6608  6609  6612  6614  6637  6651  6652  6658  6664  6687  6689  6695  6707  6719  6726
  [469]  6733  6772  6784  6794  6798  6872  6897  6909  6914  6915  6928  6955  6978  6993  7001  7004  7034  7035
  [487]  7039  7040  7055  7056  7058  7065  7076  7077  7088  7099  7112  7148  7165  7169  7179  7190  7202  7210
  [505]  7228  7245  7250  7253  7269  7275  7285  7288  7312  7326  7351  7395  7414  7430  7433  7454  7456  7480
  [523]  7486  7495  7521  7574  7582  7603  7632  7651  7676  7692  7723  7744  7748  7761  7798  7804  7815  7819
  [541]  7830  7854  7863  7871  7872  7882  7946  7984  7996  8002  8005  8007  8024  8028  8031  8032  8044  8045
  [559]  8062  8063  8064  8068  8092  8107  8117  8127  8137  8144  8150  8152  8153  8155  8175  8180  8182  8184
  [577]  8187  8189  8195  8199  8202  8265  8273  8280  8282  8286  8292  8299  8311  8321  8326  8340  8342  8343
  [595]  8345  8365  8368  8384  8392  8418  8422  8439  8464  8476  8477  8478  8479  8483  8486  8514  8530  8548
  [613]  8549  8580  8615  8620  8625  8629  8632  8643  8645  8651  8659  8667  8672  8675  8687  8689  8696  8709
  [631]  8718  8720  8731  8756  8799  8803  8809  8827  8838  8842  8857  8860  8958  8991  9000  9025  9029  9035
  [649]  9047  9049  9053  9062  9067  9074  9084  9085  9122  9123  9140  9143  9145  9167  9209  9210  9211  9212
  [667]  9231  9234  9241  9242  9276  9281  9301  9303  9314  9347  9350  9351  9361  9368  9379  9387  9393  9400
  [685]  9422  9436  9445  9451  9452  9456  9465  9475  9505  9515  9535  9540  9550  9553  9559  9562  9583  9607
  [703]  9634  9696  9698  9702  9710  9712  9729  9732  9771  9779  9797  9816  9818  9842  9843  9844  9851  9865
  [721]  9868  9904  9905  9907  9908  9911  9912  9917  9924  9938  9939  9942  9946  9978  9987 10009 10044 10047
  [739] 10053 10071 10088 10090 10120 10152 10153 10165 10201 10234 10243 10248 10249 10264 10272 10292 10309 10310
  [757] 10339 10342 10343 10363 10395 10396 10398 10400 10420 10423 10429 10436 10443 10454 10473 10479 10512 10569
  [775] 10588 10625 10627 10632 10638 10645 10657 10687 10689 10691 10701 10716 10750 10764 10770 10771 10806 10810
  [793] 10815 10819 10845 10854 10855 10860 10868 10910 10924 10930 10946 10954 10980 10983 10993 10995 10996 10999
  [811] 11000 11034 11037 11038 11040 11044 11060 11071 11084 11106 11115 11140 11152 11164 11214 11295 11300 11309
  [829] 11350 11365 11385 11386 11397 11402 11438 11464 11473 11503 11510 11514 11526 11528 11534 11539 11549 11551
  [847] 11552 11574 11591 11592 11595 11596 11634 11637 11654 11659 11671 11672 11678 11703 11718 11729 11738 11756
  [865] 11763 11773 11783 11812 11817 11820 11830 11853 11882 11890 11896 11901 11944 11949 11971 11980 11982 11985
  [883] 11990 12013 12018 12035 12039 12042 12090 12106 12116 12117 12119 12123 12142 12166 12168 12169 12213 12214
  [901] 12230 12232 12235 12289 12312 12320 12321 12333 12337 12339 12351 12359 12379 12395 12404 12427 12445 12458
  [919] 12459 12462 12483 12503 12505 12531 12534 12538 12540 12561 12570 12623 12624 12627 12635 12638 12650 12664
  [937] 12668 12698 12705 12720 12721 12729 12736 12768 12785 12787 12792 12798 12817 12828 12849 12857 12932 12935
  [955] 12946 12953 12959 12967 13025 13045 13046 13056 13068 13102 13103 13124 13150 13151 13155 13157 13159 13182
  [973] 13206 13239 13246 13266 13271 13278 13300 13305 13337 13341 13372 13378 13389 13419 13428 13444 13454 13455
  [991] 13463 13479 13482 13484 13486 13489 13513 13518 13520 13537 13540 13542 13544 13548 13557 13559 13563 13567
 [1009] 13584 13628 13641 13642 13643 13645 13675 13678 13697 13702 13734 13746 13766 13780 13790 13791 13794 13795
 [1027] 13798 13801 13804 13807 13842 13872 13874 13905 13912 13917 14008 14010 14020 14028 14032 14064 14068 14069
 [1045] 14080 14152 14170 14175 14182 14183 14186 14189 14196 14198 14210 14214 14217 14221 14231 14238 14239 14243
 [1063] 14256 14262 14263 14287 14292 14308 14335 14360 14365 14383 14426 14467 14472 14477 14487 14489 14514 14534
 [1081] 14548 14576 14581 14588 14608 14617 14633 14641 14651 14663 14666 14670 14679 14705 14713 14715 14717 14723
 [1099] 14745 14750 14799 14809 14814 14842 14850 14856 14865 14874 14889 14913 14914 14918 14940 14951 14954 14955
 [1117] 14961 14980 15008 15016 15028 15029 15036 15040 15049 15057 15061 15064 15094 15103 15124 15126 15149 15151
 [1135] 15157 15172 15187 15241 15244 15258 15261 15269 15278 15281 15284 15293 15298 15301 15304 15309 15328 15335
 [1153] 15338 15339 15349 15355 15360 15380 15393 15409 15416 15446 15471 15488 15513 15524 15550 15552 15561 15581
 [1171] 15583 15584 15586 15590 15594 15620 15642 15660 15728 15770 15772 15782 15799 15820 15828 15846 15847 15862
 [1189] 15885 15886 15892 15899 15901 15902 15904 15906 15943 15950 15967 16001 16023 16040 16062 16063 16070 16081
 [1207] 16100 16109 16110 16149 16153 16161 16165 16186 16211 16213 16296 16300 16313 16315 16323 16325 16343 16383
 [1225] 16403 16406 16412 16450 16460 16470 16487 16492 16524 16530 16538 16545 16566 16571 16578 16608 16609 16644
 [1243] 16649 16657 16670 16691 16763 16779 16780 16786 16794 16804 16806 16808 16810 16811 16839 16847 16854 16865
 [1261] 16894 16910 16920 16934 16940 16947 16969 16997 17027 17035 17040 17068 17072 17081 17085 17095 17117 17124
 [1279] 17133 17146 17150 17155 17176 17188 17200 17231 17236 17255 17260 17276 17278 17287 17300 17302 17337 17351
 [1297] 17361 17367 17415 17417 17448 17476 17493 17496 17511 17512 17515 17517 17538 17589 17597 17617 17640 17641
 [1315] 17645 17703 17704 17733 17742 17744 17784 17791 17797 17826 17828 17829 17843 17844 17845 17847 17886 17889
 [1333] 17900 17912 17916 17918 17920 17923 17930 17936 17942 17961 17966 18011 18040 18080 18083 18089 18126 18127
 [1351] 18132 18144 18159 18213 18214 18222 18227 18234 18236 18247 18249 18256 18271 18280 18287 18294 18295 18311
 [1369] 18316 18337 18353 18356 18364 18367 18385 18401 18404 18424 18429 18435 18440 18455 18470 18477 18488 18498
 [1387] 18500 18515 18530 18532 18540 18561 18566 18594 18601 18609 18610 18630 18645 18666 18677 18683 18716 18724
 [1405] 18738 18757 18758 18761 18766 18768 18779 18785 18824 18829 18830 18854 18867 18881 18886 18889 18898 18909
 [1423] 18918 18923 18925 18970 18983 18984 18994 19010 19021 19028 19040 19050 19064 19069 19079 19087 19088 19091
 [1441] 19100 19114 19115 19122 19123 19125 19131 19142 19169 19187 19217 19219 19221 19222 19223 19231 19232 19242
 [1459] 19252 19256 19258 19262 19266 19317 19341 19369 19376 19403 19413 19435 19466 19471 19515 19523 19534 19537
 [1477] 19541 19549 19582 19583 19601 19628 19638 19651 19662 19675 19717 19718 19726 19728 19784 19785 19788 19795
 [1495] 19846 19851 19855 19888 19898 19907 19929 19930 19966 19967 20024 20030 20045 20062 20066 20078 20091 20097
 [1513] 20106 20107 20123 20124 20128 20129 20157 20170 20178 20179 20197 20219 20231 20252 20260 20262 20281 20282
 [1531] 20283 20287 20301 20303 20304 20310 20320 20329 20354 20355 20393 20403 20408 20411 20428 20432 20434 20453
 [1549] 20591 20602 20603 20622 20627 20656 20680 20697 20698 20707 20745 20747 20762 20765 20766 20802 20820 20825
 [1567] 20847 20857 20865 20868 20869 20894 20895 20900 20914 20930 20935 20951 20977 20980 20984 20985 20997 21002
 [1585] 21008 21014 21033 21055 21077 21080 21082 21084 21086 21153 21159 21164 21172 21174 21194 21197 21223 21232
 [1603] 21236 21251 21254 21260 21261 21301 21303 21331 21341 21350 21355 21366 21373 21392 21403 21408 21409 21431
 [1621] 21448 21453 21465 21468 21471 21491 21497 21506 21529 21534 21550 21551 21554 21567 21576 21590 21591 21601
 [1639] 21608 21625 21642 21644 21650 21670 21682 21689 21690 21697 21703 21711 21712 21714 21726 21736 21750 21762
 [1657] 21768 21776 21779 21802 21828 21832 21842 21860 21873 21877 21878 21891 21896 21901 21903 21907 21922 21944
 [1675] 21951 21999 22004 22013 22042 22048 22088 22123 22131 22140 22146 22167 22187 22190 22208 22230 22244 22270
 [1693] 22275 22276 22281 22286 22291 22298 22302 22325 22326 22329 22330 22335 22341 22346 22356 22373 22380 22384
 [1711] 22393 22395 22403 22405 22422 22433 22440 22446 22448 22450 22455 22465 22466 22471 22482 22492 22509 22523
 [1729] 22571 22579 22581 22604 22606 22617 22624 22627 22648 22649 22658 22659 22660 22680 22683 22690 22705 22717
 [1747] 22729 22745 22781 22791 22854 22857 22897 22900 22903 22920 22948 22949 22950 22952 22959 23018 23031 23044
 [1765] 23059 23060 23062 23103 23119 23120 23129 23136 23146 23147 23148 23155 23161 23166 23167 23179 23195 23199
 [1783] 23200 23201 23202 23204 23249 23252 23262 23270 23309 23312 23314 23321 23330 23333 23339 23348 23357 23358
 [1801] 23373 23379 23391 23419 23424 23430 23506 23533 23539 23583 23584 23596 23607 23611 23614 23620 23628 23629
 [1819] 23638 23654 23660 23666 23718 23722 23723 23726 23731 23741 23747 23755 23759 23763 23788 23811 23817 23833
 [1837] 23834 23838 23840 23848 23850 23874 23888 23913 23939 23945 23953 23962 23965 23987 23988 23989 24001 24018
 [1855] 24028 24047 24066 24075 24077 24083 24090 24095 24107 24114 24152 24170 24186 24212 24218 24245 24252 24264
 [1873] 24269 24274 24283 24304 24317 24318 24326 24350 24367 24388 24393 24398 24415 24458 24462 24469 24480 24508
 [1891] 24512 24515 24533 24535 24544 24564 24567 24578 24597 24608 24627 24645 24657 24659 24660 24683 24709 24720
 [1909] 24725 24746 24783 24791 24807 24846 24847 24853 24881 24896 24897 24899 24908 24913 24914 24926 24934 24953
 [1927] 25014 25021 25044 25060 25089 25092 25105 25112 25133 25159 25172 25173 25202 25220 25226 25230 25242 25244
 [1945] 25246 25257 25260 25267 25270 25287 25290 25291 25292 25293 25294 25295 25308 25311 25323 25332 25338 25370
 [1963] 25384 25395 25396 25403 25414 25415 25416 25437 25442 25443 25459 25473 25486 25491 25496 25497 25509 25512
 [1981] 25651 25664 25665 25677 25686 25699 25716 25717 25731 25757 25795 25810 25816 25838 25848 25850 25860 25861
 [1999] 25869 25872 25874 25887 25925 25933 25936 25954 25960 25999 26035 26039 26040 26042 26049 26055 26065 26074
 [2017] 26088 26102 26107 26115 26123 26146 26149 26153 26165 26166 26170 26172 26175 26191 26193 26196 26207 26213
 [2035] 26216 26225 26236 26239 26253 26274 26282 26286 26295 26300 26301 26338 26340 26352 26359 26390 26399 26417
 [2053] 26428 26450 26461 26465 26466 26474 26493 26497 26498 26499 26502 26555 26576 26591 26600 26604 26624 26631
 [2071] 26638 26643 26665 26670 26671 26672 26677 26687 26697 26704 26722 26740 26747 26760 26762 26785 26786 26789
 [2089] 26820 26840 26861 26879 26913 26932 26936 26938 26942 26947 26950 26952 26989 26991 26998 27007 27021 27059
 [2107] 27085 27090 27097 27103 27104 27107 27114 27115 27116 27120 27123 27130 27142 27150 27166 27175 27183 27184
 [2125] 27192 27197 27205 27211 27217 27220 27227 27262 27283 27290 27321 27361 27367 27395 27424 27425 27431 27453
 [2143] 27474 27488 27520 27523 27563 27565 27574 27576 27595 27630 27631 27633 27645 27655 27661 27663 27677 27696
 [2161] 27702 27705 27712 27719 27729 27740 27753 27759 27765 27777 27783 27784 27791 27808 27811 27812 27823 27833
 [2179] 27856 27859 27864 27869 27874 27882 27890 27897 27906 27937 27952 27956 27969 27972 28003 28019 28031 28046
 [2197] 28068 28072 28074 28079 28092 28094 28101 28109 28166 28182 28183 28187 28188 28193 28200 28206 28224 28256
 [2215] 28270 28272 28312 28314 28325 28327 28328 28331 28368 28375 28377 28382 28403 28408 28416 28417 28425 28430
 [2233] 28431 28435 28451 28466 28476 28481 28504 28505 28541 28543 28544 28555 28566 28581 28583 28597 28600 28614
 [2251] 28630 28633 28639 28707 28719 28731 28732 28740 28744 28752 28767 28773 28778 28804 28822 28849 28850 28859
 [2269] 28861 28875 28879 28881 28883 28893 28899 28912 28922 28929 28943 28959 28964 28966 28969 28970 28993 29018
 [2287] 29030 29048 29066 29070 29086 29139 29150 29157 29162 29207 29209 29226 29245 29248 29269 29279 29293 29307
 [2305] 29308 29313 29328 29331 29345 29356 29359 29379 29384 29394 29396 29398 29399 29404 29423 29424 29439 29440
 [2323] 29450 29451 29453 29472 29488 29509 29515 29519 29521 29534 29545 29549 29556 29559 29564 29646 29648 29652
 [2341] 29664 29668 29671 29681 29705 29713 29721 29736 29751 29764 29770 29772 29775 29780 29784 29791 29816 29826
 [2359] 29829 29830 29843 29848 29851 29855 29871 29872 29882 29885 29888 29898 29904 29906 29912 29914 29922 29933
 [2377] 29942 29960 29968 29969 29971 29972 29984 30003 30019 30037 30040 30050 30056 30067 30074 30078 30090 30123
 [2395] 30132 30142 30172 30182 30193 30207 30210 30211 30215 30236 30245 30249 30257 30258 30271 30272 30273 30280
 [2413] 30284 30294 30319 30349 30351 30384 30386 30399 30403 30409 30417 30418 30425 30436 30451 30486 30490 30504
 [2431] 30541 30577 30582 30596 30611 30615 30621 30631 30633 30657 30669 30674 30681 30697 30712 30713 30716 30719
 [2449] 30754 30766 30776 30777 30785 30786 30787 30799 30802 30809 30837 30838 30843 30844 30845 30850 30871 30878
 [2467] 30906 30914 30927 30931 30943 30952 30955 30964 30972 31008 31011 31028 31035 31044 31068 31072 31081 31083
 [2485] 31095 31156 31163 31165 31171 31182 31193 31214 31221 31248 31282 31288 31316 31317 31324 31343 31351 31371
 [2503] 31377 31394 31395 31396 31414 31415 31420 31425 31444 31451 31464 31467 31471 31486 31493 31503 31513 31524
 [2521] 31525 31526 31530 31539 31554 31561 31563 31573 31618 31631 31632 31640 31644 31662 31664 31730 31740 31745
 [2539] 31754 31761 31771 31773 31774 31776 31781 31782 31786 31797 31804 31830 31839 31845 31871 31881 31883 31886
 [2557] 31904 31906 31908 31917 31923 31930 31940 31949 31955 31961 31978 31980 31993 31994 32005 32013 32031 32074
 [2575] 32086 32090 32091 32094 32104 32114 32121 32123 32132 32136 32157 32163 32179 32189 32196 32202 32253 32293
 [2593] 32300 32308 32314 32317 32322 32328 32358 32360 32370 32373 32400 32401 32407 32415 32416 32419 32448 32482
 [2611] 32511 32551 32560 32612 32624 32657 32675 32678 32688 32691 32694 32695 32705 32712 32714 32741 32742 32754
 [2629] 32761 32768 32770 32779 32822 32824 32854 32860 32870 32872 32874 32879 32885 32913 32918 32928 32932 32946
 [2647] 32960 32981 32985 32988 33002 33007 33016 33057 33059 33070 33071 33074 33076 33088 33089 33106 33127 33131
 [2665] 33146 33150 33158 33169 33179 33203 33216 33231 33242 33262 33264 33266 33273 33287 33324 33336 33349 33354
 [2683] 33355 33359 33371 33418 33423 33427 33434 33435 33440 33444 33451 33458 33462 33470 33472 33484 33500 33537
 [2701] 33541 33548 33551 33553 33568 33584 33589 33590 33624 33688 33700 33708 33713 33722 33731 33733 33747 33759
 [2719] 33764 33776 33800 33809 33811 33812 33824 33826 33832 33834 33844 33888 33889 33923 33925 33931 33935 33965
 [2737] 33973 34000 34006 34011 34015 34022 34024 34025 34036 34038 34048 34051 34057 34064 34075 34081 34082 34100
 [2755] 34101 34105 34121 34130 34131 34141 34170 34181 34215 34221 34229 34231 34232 34279 34317 34323 34339 34340
 [2773] 34351 34369 34371 34382 34385 34390 34407 34411 34413 34425 34438 34442 34455 34459 34461 34471 34474 34485
 [2791] 34486 34492 34504 34507 34512 34519 34525 34532 34540 34564 34580 34582 34598 34600 34603 34619 34670 34686
 [2809] 34687 34706 34708 34768 34770 34774 34799 34804 34808 34809 34827 34843 34848 34852 34856 34859 34863 34875
 [2827] 34884 34908 34919 34922 34926 34956 34962 34975 34980 34986 34991 35002 35009 35011 35031 35032 35039 35047
 [2845] 35055 35068 35085 35114 35115 35117 35135 35153 35183 35220 35222 35226 35228 35234 35241 35249 35251 35268
 [2863] 35295 35311 35326 35334 35339 35346 35350 35371 35385 35398 35400 35406 35443 35454 35459 35476 35486 35487
 [2881] 35508 35516 35541 35543 35556 35570 35573 35580 35585 35607 35609 35619 35622 35666 35682 35683 35685 35686
 [2899] 35692 35695 35699 35700 35702 35708 35717 35720 35729 35762 35763 35781 35785 35804 35805 35806 35846 35851
 [2917] 35896 35910 35915 35917 35954 35963 35981 35983 35984 36020 36026 36045 36081 36083 36133 36134 36166 36175
 [2935] 36177 36198 36208 36217 36225 36231 36232 36243 36252 36266 36271 36273 36279 36299 36306 36318 36325 36343
 [2953] 36344 36374 36386 36389 36392 36398 36405 36406 36410 36414 36436 36454 36466 36467 36487 36492 36505 36507
 [2971] 36521 36528 36555 36568 36573 36579 36587 36610 36637 36647 36671 36689 36699 36704 36706 36724 36727 36732
 [2989] 36744 36763 36767 36790 36795 36797 36804 36818 36819 36836 36862 36887 36905 36912 36919 36938 36940 36948
 [3007] 36967 36980 36982 36987 36990 37002 37005 37025 37060 37087 37091 37092 37118 37142 37156 37165 37185 37220
 [3025] 37229 37244 37245 37250 37253 37271 37274 37282 37294 37306 37323 37333 37348 37349 37375 37384 37399 37434
 [3043] 37436 37444 37471 37481 37508 37523 37527 37536 37538 37544 37554 37563 37574 37576 37585 37598 37605 37606
 [3061] 37607 37611 37625 37628 37630 37641 37646 37660 37663 37702 37712 37721 37728 37739 37743 37787 37799 37806
 [3079] 37815 37817 37850 37863 37874 37879 37885 37886 37888 37891 37892 37911 37927 37928 37930 37945 37957 37960
 [3097] 37980 37995 38000 38011 38015 38025 38027 38028 38036 38037 38064 38102 38106 38131 38133 38154 38155 38158
 [3115] 38193 38194 38199 38202 38203 38212 38213 38240 38268 38271 38293 38300 38308 38322 38337 38344 38363 38375
 [3133] 38396 38411 38421 38425 38434 38435 38439 38443 38454 38481 38483 38498 38502 38530 38541 38542 38548 38553
 [3151] 38570 38575 38588 38591 38599 38600 38605 38616 38627 38628 38635 38650 38657 38660 38670 38672 38689 38694
 [3169] 38696 38704 38709 38726 38740 38744 38764 38767 38803 38809 38817 38836 38849 38851 38862 38868 38871 38873
 [3187] 38912 38913 38921 38943 38975 39012 39032 39036 39042 39049 39052 39053 39074 39096 39111 39112 39121 39123
 [3205] 39134 39146 39147 39150 39162 39216 39221 39253 39258 39265 39268 39286 39293 39306 39315 39318 39324 39336
 [3223] 39344 39349 39360 39399 39401 39402 39405 39421 39464 39483 39512 39528 39535 39542 39543 39550 39551 39576
 [3241] 39577 39587 39615 39621 39627 39628 39630 39631 39648 39675 39694 39713 39720 39740 39755 39761 39762 39768
 [3259] 39772 39789 39797 39801 39805 39807 39823 39826 39852 39853 39871 39872 39882 39885 39893 39914 39919 39920
 [3277] 39923 39931 39937 39947 39953 39955 40007 40012 40020 40024 40039 40042 40051 40063 40094 40098 40138 40141
 [3295] 40150 40160 40193 40198 40199 40211 40214 40217 40222 40226 40230 40237 40245 40246 40249 40257 40261 40273
 [3313] 40277 40282 40283 40295 40299 40312 40340 40344 40405 40411 40416 40476 40506 40539 40558 40560 40593 40596
 [3331] 40609 40619 40630 40644 40671 40683 40688 40692 40696 40730 40736 40742 40750 40773 40780 40790 40793 40815
 [3349] 40830 40851 40853 40871 40883 40893 40912 40919 40923 40952 40954 40959 40963 40965 40968 40969 40985 40999
 [3367] 41014 41020 41023 41024 41029 41030 41032 41040 41041 41075 41080 41081 41083 41093 41097 41106 41108 41134
 [3385] 41144 41150 41160 41162 41178 41204 41214 41221 41223 41230 41244 41245 41251 41261 41273 41281 41296 41298
 [3403] 41301 41323 41335 41361 41370 41379 41390 41406 41412 41419 41428 41434 41461 41469 41483 41493 41505 41507
 [3421] 41508 41514 41516 41531 41533 41535 41560 41592 41596 41601 41612 41619 41636 41638 41639 41703 41721 41728
 [3439] 41730 41732 41734 41776 41795 41801 41806 41822 41832 41841 41843 41885 41898 41916 41917 41934 41936 41937
 [3457] 41955 41956 41957 41959 41970 41976 41978 41981 41983 41984 42025 42033 42058 42060 42063 42064 42082 42088
 [3475] 42111 42124 42128 42165 42170 42173 42177 42189 42194 42199 42212 42220 42241 42246 42263 42265 42270 42274
 [3493] 42294 42295 42296 42299 42300 42308 42314 42319 42340 42368 42370 42371 42407 42416 42420 42423 42431 42434
 [3511] 42466 42475 42478 42488 42495 42503 42513 42520 42521 42536 42553 42558 42596 42599 42608 42614 42628 42652
 [3529] 42657 42671 42680 42681 42854 42897 42913 42917 42931 42939 42944 42946 42948 42960 42961 42969 42971 42972
 [3547] 42978 42983 43001 43017 43034 43042 43044 43052 43053 43060 43064 43072 43073 43081 43085 43095 43100 43101
 [3565] 43118 43147 43148 43150 43158 43219 43234 43273 43276 43287 43312 43313 43326 43335 43336 43341 43352 43353
 [3583] 43354 43360 43372 43401 43417 43418 43434 43445 43447 43448 43468 43469 43473 43474 43484 43508 43511 43524
 [3601] 43530 43540 43549 43569 43579 43597 43612 43628 43631 43648 43674 43696 43703 43723 43733 43734 43737 43738
 [3619] 43741 43747 43775 43778 43781 43783 43791 43818 43829 43834 43841 43847 43854 43855 43857 43867 43875 43900
 [3637] 43901 43906 43907 43908 43918 43941 43945 43950 43959 43976 43982 43984 43998 44003 44010 44021 44028 44043
 [3655] 44048 44060 44064 44072 44074 44076 44077 44089 44093 44099 44100 44102 44106 44112 44123 44142 44143 44145
 [3673] 44159 44169 44170 44171 44179 44184 44195 44218 44220 44221 44222 44223 44232 44263 44278 44280 44300 44311
 [3691] 44316 44326 44329 44351 44356 44368 44372 44402 44411 44446 44453 44456 44465 44470 44480 44506 44530 44551
 [3709] 44553 44557 44562 44577 44580 44583 44632 44641 44647 44655 44657 44660 44666 44677 44744 44745 44751 44754
 [3727] 44772 44774 44777 44801 44804 44812 44841 44859 44864 44871 44877 44883 44887 44894 44921 44940 44944 44945
 [3745] 44949 44954 44971 44973 44975 44987 45013 45017 45021 45037 45071 45073 45077 45080 45084 45098 45100 45108
 [3763] 45109 45112 45134 45156 45162 45165 45181 45183 45192 45204 45214 45260 45271 45288 45299 45312 45315 45347
 [3781] 45351 45365 45384 45413 45417 45418 45419 45431 45437 45443 45450 45460 45476 45495 45509 45519 45529 45545
 [3799] 45546 45559 45561 45568 45570 45586 45592 45599 45601 45631 45636 45646 45657 45675 45683 45694 45703 45727
 [3817] 45732 45736 45742 45751 45766 45772 45774 45780 45782 45792 45807 45839 45854 45861 45866 45869 45872 45880
 [3835] 45885 45886 45887 45895 45900 45901 45921 45925 45926 45928 45937 45941 45954 45963 45979 45982 45986 46003
 [3853] 46019 46032 46045 46050 46060 46070 46073 46080 46086 46089 46095 46102 46113 46126 46128 46132 46134 46138
 [3871] 46155 46170 46189 46197 46206 46223 46227 46244 46252 46257 46275 46279 46287 46290 46296 46297 46301 46307
 [3889] 46318 46343 46362 46370 46372 46376 46378 46382 46385 46388 46389 46391 46410 46426 46441 46452 46466 46473
 [3907] 46505 46516 46524 46525 46532 46533 46548 46558 46570 46571 46580 46590 46608 46612 46618 46624 46656 46658
 [3925] 46659 46666 46669 46671 46675 46685 46703 46719 46724 46728 46749 46750 46787 46788 46808 46818 46822 46831
 [3943] 46833 46841 46846 46856 46857 46861 46867 46872 46873 46878 46891 46937 46951 46954 46960 46961 46994 47026
 [3961] 47028 47029 47032 47036 47055 47057 47065 47066 47076 47082 47100 47108 47152 47157 47166 47167 47174 47189
 [3979] 47191 47201 47217 47239 47249 47281 47282 47284 47313 47316 47358 47365 47372 47375 47393 47406 47407 47410
 [3997] 47422 47434 47447 47461 47479 47511 47512 47518 47523 47525 47527 47536 47557 47561 47562 47573 47576 47588
 [4015] 47591 47596 47604 47609 47623 47658 47663 47673 47674 47690 47699 47718 47723 47735 47740 47748 47751 47755
 [4033] 47762 47771 47773 47776 47791 47804 47805 47810 47811 47834 47850 47855 47875 47880 47883 47884 47900 47902
 [4051] 47907 47908 47909 47915 47918 47931 47956 47962 47977 47980 47981 47984 48017 48019 48024 48030 48039 48060
 [4069] 48062 48092 48097 48103 48106 48119 48140 48148 48169 48175 48177 48184 48204 48211 48217 48219 48234 48239
 [4087] 48251 48256 48257 48267 48270 48278 48279 48284 48288 48289 48313 48320 48337 48347 48383 48410 48416 48419
 [4105] 48421 48431 48458 48470 48472 48473 48474 48491 48501 48502 48504 48505 48514 48515 48521 48523 48524 48528
 [4123] 48529 48533 48565 48571 48573 48605 48632 48654 48661 48676 48677 48686 48687 48690 48696 48720 48723 48747
 [4141] 48777 48812 48813 48835 48839 48846 48855 48863 48871 48886 48903 48921 48923 48929 48930 48945 48946 48947
 [4159] 48959 48975 48979 48982 48983 48989 49021 49025 49036 49047 49058 49063 49064 49072 49077 49080 49081 49082
 [4177] 49093 49104 49107 49139 49140 49154 49179 49180 49193 49201 49225 49238 49243 49266 49275 49307 49310 49330
 [4195] 49333 49359 49367 49372 49375 49382 49388 49392 49400 49412 49417 49420 49426 49431 49434 49481 49491 49495
 [4213] 49526 49527 49530 49539 49547 49594 49604 49621 49628 49642 49644 49651 49654 49667 49669 49677 49682 49688
 [4231] 49706 49725 49737 49739 49754 49759 49764 49774 49785 49798 49801 49812 49818 49819 49821 49838 49853 49860
 [4249] 49869 49904 49914 49930 49948 49952 49954 49964 50011 50044 50052 50066 50080 50089 50090 50093 50109 50110
 [4267] 50116 50122 50132 50147 50163 50169 50193 50200 50206 50214 50215 50232 50243 50266 50273 50297 50298 50299
 [4285] 50303 50308 50327 50328 50331 50338 50343 50351 50353 50356 50357 50370 50394 50398 50404 50426 50442 50446
 [4303] 50447 50448 50449 50462 50468 50484 50486 50492 50548 50597 50600 50603 50617 50620 50629 50651 50673 50709
 [4321] 50716 50747 50753 50758 50760 50761 50772 50781 50796 50806 50807 50814 50824 50827 50848 50853 50857 50858
 [4339] 50861 50863 50928 50937 50942 50944 50962 50963 50965 50966 50967 50968 50981 50983 50990 51006 51007 51019
 [4357] 51026 51028 51036 51048 51063 51064 51069 51095 51102 51106 51126 51127 51131 51143 51156 51170 51179 51199
 [4375] 51229 51233 51240 51261 51279 51282 51289 51293 51294 51344 51358 51367 51391 51394 51401 51413 51418 51443
 [4393] 51445 51450 51464 51471 51472 51509 51525 51539 51544 51559 51566 51572 51574 51575 51577 51583 51584 51589
 [4411] 51594 51609 51617 51625 51647 51669 51680 51686 51689 51690 51705 51707 51708 51718 51719 51722 51723 51738
 [4429] 51763 51767 51770 51798 51808 51811 51815 51824 51874 51887 51894 51896 51900 51903 51907 51912 51915 51917
 [4447] 51932 51934 51945 51950 51957 51963 51978 51998 52008 52012 52017 52027 52031 52034 52035 52045 52059 52077
 [4465] 52082 52095 52097 52110 52118 52127 52128 52130 52138 52146 52164 52175 52181 52184 52189 52199 52202 52203
 [4483] 52215 52222 52228 52229 52250 52257 52272 52277 52284 52286 52296 52317 52337 52353 52356 52381 52395 52401
 [4501] 52402 52413 52415 52424 52429 52432 52433 52436 52449 52469 52477 52483 52486 52492 52496 52508 52509 52548
 [4519] 52552 52559 52584 52592 52593 52596 52601 52607 52609 52615 52627 52631 52643 52650 52657 52673 52708 52709
 [4537] 52712 52729 52764 52788 52793 52796 52809 52810 52811 52818 52823 52825 52849 52863 52867 52894 52895 52897
 [4555] 52902 52922 52925 52926 52931 52934 52957 52959 52962 52965 52967 52968 52998 53003 53005 53025 53036 53044
 [4573] 53054 53058 53061 53068 53079 53086 53088 53106 53109 53113 53134 53169 53171 53190 53192 53200 53201 53214
 [4591] 53215 53221 53225 53238 53239 53260 53280 53283 53303 53319 53338 53344 53378 53391 53405 53426 53435 53437
 [4609] 53463 53486 53494 53499 53509 53519 53529 53532 53535 53546 53547 53554 53555 53556 53580 53583 53593 53594
 [4627] 53603 53608 53614 53636 53651 53681 53682 53684 53691 53694 53695 53706 53713 53716 53717 53721 53726 53728
 [4645] 53729 53731 53774 53785 53786 53806 53811 53819 53827 53832 53841 53855 53858 53878 53882 53883 53885 53900
 [4663] 53908 53917 53929 53942 53944 53948 53950 53951 53953 53956 53973 53983 53987 53993 53999 54020 54025 54034
 [4681] 54070 54077 54119 54126 54141 54169 54172 54177 54203 54208 54209 54227 54232 54246 54257 54258 54260 54274
 [4699] 54297 54315 54321 54338 54340 54359 54363 54377 54379 54386 54393 54406 54407 54409 54421 54428 54441 54445
 [4717] 54446 54466 54499 54503 54510 54529 54534 54692 54693 54709 54733 54754 54761 54771 54780 54794 54799 54818
 [4735] 54823 54826 54848 54852 54863 54868 54869 54882 54890 54895 54899 54906 54907 54910 54917 54926 54928 54929
 [4753] 54938 54940 54942 54944 54973 54988 54993 54994 54996 54998 55003 55006 55011 55049 55052 55057 55059 55087
 [4771] 55089 55092 55115 55117 55133 55149 55159 55179 55188 55193 55194 55208 55213 55234 55246 55261 55264 55272
 [4789] 55276 55297 55313 55328 55330 55351 55358 55373 55383 55415 55434 55435 55441 55453 55460 55467 55469 55539
 [4807] 55562 55583 55586 55610 55615 55630 55638 55655 55668 55670 55695 55732 55734 55742 55746 55763 55773 55775
 [4825] 55776 55789 55791 55815 55818 55820 55830 55834 55842 55854 55865 55867 55876 55892 55902 55906 55907 55909
 [4843] 55923 55926 55930 55935 55954 55969 55971 55972 55973 55981 55989 55991 55995 56001 56002 56006 56008 56009
 [4861] 56014 56020 56032 56035 56036 56038 56051 56052 56062 56077 56078 56081 56082 56099 56103 56113 56116 56131
 [4879] 56133 56150 56206 56212 56219 56226 56233 56248 56252 56276 56280 56285 56300 56303 56315 56317 56318 56319
 [4897] 56328 56330 56333 56336 56346 56374 56377 56392 56395 56424 56432 56438 56465 56467 56488 56490 56496 56502
 [4915] 56519 56581 56592 56596 56602 56606 56609 56611 56612 56615 56626 56636 56648 56652 56653 56665 56675 56676
 [4933] 56685 56693 56705 56709 56717 56724 56737 56746 56759 56762 56770 56788 56798 56801 56814 56818 56832 56834
 [4951] 56839 56842 56856 56857 56865 56868 56870 56871 56920 56927 56931 56934 56963 56964 56992 56995 56996 56997
 [4969] 57004 57005 57007 57028 57051 57052 57054 57061 57069 57070 57083 57089 57101 57103 57104 57132 57136 57141
 [4987] 57143 57144 57177 57179 57188 57190 57197 57210 57215 57233 57240 57261 57264 57273 57277 57283 57286 57294
 [5005] 57301 57309 57327 57334 57339 57382 57392 57395 57404 57405 57421 57430 57435 57453 57463 57466 57473 57475
 [5023] 57476 57494 57499 57501 57503 57512 57528 57530 57536 57548 57567 57578 57587 57615 57626 57635 57639 57640
 [5041] 57646 57653 57672 57686 57693 57695 57705 57708 57713 57725 57732 57756 57758 57759 57767 57772 57776 57780
 [5059] 57792 57793 57794 57802 57815 57828 57837 57843 57851 57861 57886 57891 57901 57902 57927 57934 57940 57947
 [5077] 57962 57990 57999 58003 58013 58015 58020 58024 58025 58043 58080 58089 58092 58101 58106 58116 58127 58140
 [5095] 58142 58144 58163 58165 58171 58179 58189 58194 58199 58220 58232 58248 58257 58261 58267 58271 58276 58279
 [5113] 58296 58298 58323 58340 58374 58375 58389 58390 58394 58405 58407 58413 58418 58435 58440 58454 58493 58499
 [5131] 58501 58529 58535 58538 58541 58555 58564 58566 58568 58570 58573 58579 58596 58600 58605 58612 58613 58626
 [5149] 58631 58636 58650 58663 58668 58690 58693 58704 58709 58729 58732 58733 58735 58736 58768 58772 58783 58788
 [5167] 58789 58804 58827 58828 58832 58870 58874 58877 58883 58887 58888 58889 58907 58910 58923 58926 58939 58959
 [5185] 58961 58967 58983 58990 58997 59000 59009 59031 59034 59037 59067 59069 59087 59097 59107 59108 59112 59120
 [5203] 59126 59128 59130 59132 59135 59138 59147 59160 59190 59194 59195 59203 59218 59222 59223 59235 59252 59255
 [5221] 59259 59263 59277 59278 59279 59283 59292 59294 59316 59323 59338 59339 59340 59348 59365 59366 59371 59381
 [5239] 59392 59396 59407 59431 59454 59463 59464 59478 59487 59492 59493 59496 59500 59501 59503 59553 59568 59570
 [5257] 59574 59576 59577 59582 59585 59586 59606 59608 59612 59618 59619 59620 59621 59623 59627 59644 59662 59682
 [5275] 59694 59695 59697 59701 59702 59720 59724 59726 59756 59762 59766 59767 59774 59783 59794 59798 59806 59814
 [5293] 59816 59830 59831 59866 59881 59882 59898 59900 59907 59911 59934 59952 59975 59982 59985 59996 60008 60024
 [5311] 60053 60074 60087 60097 60118 60124 60126 60127 60131 60159 60166 60168 60193 60201 60211 60216 60231 60241
 [5329] 60247 60257 60258 60266 60273 60299 60306 60316 60327 60341 60362 60370 60397 60398 60411 60416 60449 60460
 [5347] 60461 60465 60471 60506 60507 60511 60518 60519 60537 60541 60544 60555 60556 60568 60595 60600 60612 60615
 [5365] 60616 60621 60622 60634 60655 60662 60666 60681 60694 60701 60715 60716 60734 60738 60740 60747 60749 60765
 [5383] 60785 60800 60802 60808 60809 60813 60844 60845 60846 60854 60856 60867 60874 60895 60912 60930 60938 60940
 [5401] 60951 60960 60968 60983 60992 61003 61005 61008 61011 61012 61014 61023 61027 61029 61036 61056 61069 61077
 [5419] 61080 61086 61092 61095 61104 61113 61145 61147 61148 61157 61162 61170 61173 61197 61218 61249 61250 61256
 [5437] 61263 61279 61280 61285 61289 61309 61310 61311 61312 61316 61356 61359 61373 61375 61380 61400 61405 61409
 [5455] 61422 61432 61439 61440 61463 61467 61472 61475 61479 61480 61512 61514 61523 61526 61527 61528 61537 61546
 [5473] 61551 61557 61561 61578 61581 61585 61590 61597 61609 61613 61619 61630 61637 61644 61653 61656 61658 61659
 [5491] 61661 61662 61682 61684 61695 61700 61704 61705 61710 61711 61712 61714 61715 61717 61724 61726 61730 61733
 [5509] 61746 61768 61771 61774 61783 61805 61809 61830 61833 61886 61892 61916 61918 61919 61925 61933 61943 61945
 [5527] 61949 61953 61960 61964 61989 61993 61999 62011 62012 62017 62037 62045 62048 62049 62064 62073 62074 62097
 [5545] 62102 62109 62113 62122 62125 62129 62140 62157 62167 62174 62189 62209 62230 62235 62238 62242 62245 62249
 [5563] 62260 62269 62280 62287 62292 62303 62318 62319 62322 62331 62335 62353 62354 62359 62361 62365 62368 62376
 [5581] 62424 62434 62438 62439 62456 62472 62497 62502 62514 62517 62522 62562 62563 62567 62571 62573 62584 62585
 [5599] 62591 62593 62597 62599 62602 62607 62623 62631 62633 62638 62652 62654 62664 62674 62686 62687 62696 62741
 [5617] 62743 62756 62760 62763 62765 62772 62774 62779 62783 62787 62803 62809 62811 62815 62823 62831 62832 62833
 [5635] 62834 62844 62845 62846 62851 62854 62858 62859 62861 62875 62896 62899 62901 62915 62928 62956 62960 62997
 [5653] 63009 63012 63021 63041 63061 63081 63092 63102 63117 63123 63124 63130 63183 63190 63233 63245 63246 63247
 [5671] 63268 63276 63282 63295 63298 63334 63335 63341 63344 63347 63357 63370 63385 63389 63394 63406 63408 63414
 [5689] 63417 63428 63429 63448 63460 63474 63476 63482 63500 63504 63508 63511 63514 63526 63532 63555 63562 63564
 [5707] 63574 63587 63601 63612 63640 63643 63670 63683 63734 63737 63749 63768 63769 63784 63787 63793 63799 63801
 [5725] 63823 63838 63845 63846 63850 63854 63859 63862 63881 63883 63885 63886 63888 63890 63904 63910 63926 63927
 [5743] 63929 63933 63943 63947 63948 63959 63960 63971 63974 63987 63994 63995 64006 64007 64031 64041 64054 64065
 [5761] 64087 64090 64097 64104 64116 64128 64131 64138 64142 64150 64154 64164 64179 64182 64184 64204 64209 64210
 [5779] 64221 64223 64233 64244 64266 64271 64273 64277 64288 64292 64303 64306 64309 64317 64326 64342 64348 64351
 [5797] 64364 64373 64380 64386 64416 64417 64420 64427 64434 64444 64446 64448 64451 64452 64456 64457 64459 64461
 [5815] 64492 64510 64520 64525 64530 64555 64564 64569 64589 64590 64610 64627 64631 64641 64658 64665 64691 64692
 [5833] 64696 64709 64724 64735 64736 64744 64764 64768 64781 64784 64797 64806 64829 64835 64836 64846 64891 64912
 [5851] 64914 64923 64935 64939 64944 64947 64968 64978 64981 64997 65002 65009 65018 65033 65047 65050 65074 65084
 [5869] 65101 65115 65119 65122 65123 65124 65126 65142 65159 65163 65164 65171 65195 65201 65206 65207 65223 65225
 [5887] 65228 65235 65237 65249 65250 65252 65261 65262 65269 65291 65315 65319 65334 65336 65338 65342 65345 65349
 [5905] 65370 65373 65379 65384 65398 65399 65410 65433 65445 65461 65464 65472 65473 65498 65502 65508 65513 65520
 [5923] 65522 65532 65543 65555 65560 65569 65572 65578 65597 65603 65610 65614 65623 65633 65645 65649 65669 65678
 [5941] 65681 65685 65692 65708 65713 65719 65724 65725 65728 65729 65737 65739 65745 65769 65779 65781 65786 65807
 [5959] 65810 65862 65864 65868 65869 65875 65879 65881 65884 65892 65894 65897 65899 65904 65910 65913 65925 65943
 [5977] 65952 65978 65980 65982 66007 66010 66011 66020 66024 66047 66049 66057 66064 66074 66078 66080 66081 66086
 [5995] 66089 66099 66118 66119 66120 66125 66153 66154 66163 66177 66184 66205 66211 66234 66242 66246 66247 66254
 [6013] 66259 66262 66289 66296 66305 66315 66319 66324 66344 66345 66354 66357 66360 66367 66381 66398 66399 66404
 [6031] 66410 66419 66427 66429 66435 66444 66445 66448 66458 66462 66463 66469 66474 66478 66486 66494 66517 66524
 [6049] 66525 66531 66543 66559 66560 66561 66565 66569 66580 66594 66598 66601 66616 66619 66621 66627 66638 66639
 [6067] 66647 66660 66668 66669 66691 66695 66711 66727 66733 66741 66744 66745 66746 66759 66765 66772 66781 66787
 [6085] 66790 66794 66800 66812 66822 66823 66824 66826 66836 66844 66847 66851 66859 66860 66866 66868 66870 66877
 [6103] 66878 66886 66914 66923 66926 66935 66939 66950 66952 66957 66958 66961 66966 66970 66979 66983 66985 66997
 [6121] 67003 67016 67020 67057 67060 67069 67076 67081 67083 67092 67100 67105 67110 67111 67115 67143 67147 67154
 [6139] 67170 67174 67182 67184 67185 67193 67199 67200 67202 67207 67212 67213 67223 67237 67275 67283 67285 67291
 [6157] 67293 67294 67296 67299 67314 67350 67354 67376 67393 67409 67412 67414 67433 67453 67478 67481 67487 67494
 [6175] 67495 67507 67520 67523 67529 67531 67532 67535 67540 67553 67563 67564 67577 67593 67615 67620 67625 67626
 [6193] 67636 67641 67642 67644 67647 67650 67666 67671 67677 67688 67691 67693 67695 67697 67746 67759 67772 67783
 [6211] 67785 67811 67817 67823 67835 67838 67842 67846 67866 67881 67887 67895 67900 67907 67912 67926 67950 67959
 [6229] 67961 68004 68006 68007 68008 68011 68013 68015 68018 68034 68040 68046 68050 68063 68067 68109 68110 68119
 [6247] 68120 68122 68124 68131 68133 68138 68148 68161 68163 68166 68183 68208 68219 68227 68228 68249 68250 68269
 [6265] 68272 68275 68291 68296 68297 68318 68324 68331 68334 68337 68338 68348 68349 68362 68371 68374 68383 68405
 [6283] 68411 68413 68434 68440 68457 68458 68461 68462 68465 68466 68468 68479 68493 68508 68513 68514 68518 68524
 [6301] 68528 68531 68554 68566 68572 68573 68588 68607 68619 68629 68632 68639 68640 68662 68669 68673 68691 68722
 [6319] 68727 68728 68752 68753 68754 68759 68769 68787 68805 68811 68813 68818 68822 68836 68852 68859 68866 68872
 [6337] 68884 68889 68904 68905 68908 68916 68917 68918 68945 68955 68986 68990 68999 69000 69012 69021 69040 69044
 [6355] 69068 69079 69086 69108 69120 69140 69146 69153 69156 69159 69163 69168 69171 69178 69188 69197 69205 69240
 [6373] 69247 69248 69257 69263 69297 69299 69333 69340 69349 69356 69359 69361 69366 69395 69397 69403 69418 69419
 [6391] 69420 69422 69424 69437 69456 69458 69463 69466 69486 69492 69495 69501 69505 69510 69511 69534 69540 69553
 [6409] 69558 69560 69564 69565 69566 69578 69579 69583 69593 69595 69597 69599 69635 69642 69644 69647 69655 69656
 [6427] 69696 69720 69760 69767 69774 69775 69777 69781 69795 69799 69801 69803 69804 69817 69823 69837 69845 69847
 [6445] 69890 69894 69895 69899 69904 69914 69926 69935 69936 69938 69940 69942 69954 69971 69974 69984 69989 69993
 [6463] 70001 70005 70013 70028 70035 70037 70043 70046 70048 70054 70060 70061 70068 70075 70087 70088 70090 70112
 [6481] 70126 70132 70133 70152 70153 70170 70177 70229 70233 70234 70235 70255 70256 70264 70282 70284 70295 70298
 [6499] 70309 70318 70329 70330 70337 70338 70340 70342 70347 70348 70351 70366 70369 70379 70387 70391 70392 70403
 [6517] 70407 70414 70427 70431 70432 70444 70445 70447 70450 70452 70466 70475 70476 70483 70493 70497 70501 70502
 [6535] 70507 70516 70518 70540 70553 70567 70580 70608 70609 70621 70625 70626 70630 70640 70642 70646 70648 70649
 [6553] 70655 70671 70672 70677 70685 70687 70692 70701 70704 70706 70709 70721 70746 70752 70762 70764 70768 70769
 [6571] 70771 70775 70781 70783 70784 70811 70840 70850 70861 70873 70874 70875 70877 70905 70912 70919 70929 70939
 [6589] 70945 70955 70966 70990 71000 71006 71012 71016 71021 71025 71044 71051 71057 71061 71063 71064 71073 71078
 [6607] 71103 71107 71109 71116 71119 71127 71134 71138 71139 71168 71169 71176 71178 71182 71186 71200 71203 71206
 [6625] 71211 71213 71217 71219 71221 71226 71232 71239 71241 71242 71263 71265 71281 71285 71286 71294 71296 71305
 [6643] 71312 71315 71320 71321 71322 71333 71336 71350 71352 71358 71359 71415 71419 71420 71427 71438 71458 71469
 [6661] 71472 71478 71481 71493 71516 71527 71530 71545 71546 71550 71559 71563 71564 71567 71576 71577 71582 71584
 [6679] 71588 71606 71616 71630 71633 71634 71671 71674 71678 71701 71711 71712 71716 71725 71726 71733 71742 71743
 [6697] 71750 71751 71769 71770 71771 71777 71779 71787 71798 71803 71811 71859 71865 71884 71895 71900 71915 71916
 [6715] 71932 71951 71965 71981 71985 71986 71991 71998 72007 72027 72034 72050 72056 72072 72077 72078 72104 72105
 [6733] 72129 72130 72139 72157 72159 72166 72187 72191 72193 72196 72198 72202 72211 72218 72222 72229 72236 72240
 [6751] 72272 72288 72289 72297 72302 72316 72319 72320 72323 72326 72336 72344 72346 72347 72359 72374 72380 72393
 [6769] 72402 72409 72435 72439 72442 72443 72453 72462 72475 72476 72487 72488 72497 72508 72526 72528 72548 72553
 [6787] 72554 72556 72557 72566 72569 72572 72580 72588 72591 72593 72610 72614 72615 72617 72626 72629 72631 72640
 [6805] 72644 72667 72675 72678 72704 72717 72744 72767 72771 72772 72793 72796 72803 72806 72824 72834 72857 72870
 [6823] 72873 72880 72881 72904 72914 72932 72952 72958 72964 72974 72976 73008 73019 73046 73067 73070 73071 73073
 [6841] 73074 73078 73091 73113 73115 73117 73118 73131 73135 73158 73159 73162 73166 73191 73195 73211 73226 73232
 [6859] 73233 73244 73249 73267 73271 73281 73303 73304 73314 73319 73320 73322 73340 73341 73343 73345 73365 73388
 [6877] 73403 73413 73418 73420 73421 73422 73436 73448 73457 73460 73466 73467 73477 73490 73517 73532 73543 73544
 [6895] 73554 73556 73561 73589 73601 73602 73607 73614 73617 73623 73624 73626 73627 73633 73638 73656 73671 73687
 [6913] 73692 73694 73697 73712 73713 73729 73735 73736 73737 73739 73752 73757 73764 73780 73800 73804 73806 73807
 [6931] 73812 73817 73824 73832 73840 73846 73853 73874 73876 73889 73899 73901 73910 73919 73932 73936 73940 73953
 [6949] 73957 73971 73973 73979 73982 73983 73984 73987 73991 73996 74007 74011 74029 74032 74084 74085 74095 74099
 [6967] 74111 74114 74122 74123 74127 74134 74147 74161 74165 74168 74169 74173 74176 74189 74196 74201 74228 74230
 [6985] 74257 74266 74316 74327 74348 74356 74365 74410 74411 74421 74433 74438 74470 74490 74491 74497 74500 74505
 [7003] 74541 74543 74545 74546 74589 74592 74598 74600 74620 74637 74639 74669 74674 74678 74680 74683 74687 74690
 [7021] 74708 74715 74726 74727 74736 74740 74747 74749 74753 74761 74762 74777 74782 74807 74817 74821 74826 74846
 [7039] 74847 74849 74851 74854 74864 74880 74894 74925 74939 74958 74983 74984 74987 74991 74994 75000 75007 75012
 [7057] 75019 75022 75026 75033 75039 75044 75050 75052 75055 75069 75076 75084 75103 75110 75114 75123 75129 75139
 [7075] 75144 75149 75162 75163 75169 75172 75182 75192 75193 75208 75222 75231 75233 75237 75241 75261 75268 75280
 [7093] 75288 75291 75294 75296 75314 75317 75318 75320 75326 75337 75351 75357 75358 75361 75394 75398 75417 75421
 [7111] 75423 75428 75430 75444 75447 75449 75453 75485 75489 75492 75494 75504 75508 75509 75511 75514 75536 75541
 [7129] 75543 75551 75564 75580 75583 75584 75585 75606 75616 75617 75619 75623 75627 75630 75632 75654 75658 75659
 [7147] 75661 75665 75676 75720 75734 75735 75736 75740 75768 75771 75795 75799 75809 75816 75819 75820 75827 75832
 [7165] 75834 75859 75864 75865 75874 75875 75883 75893 75894 75896 75907 75908 75911 75914 75925 75928 75933 75942
 [7183] 75950 75960 75973 75975 75977 75978 75981 75982 75987 75990 76010 76024 76026 76033 76039 76043 76049 76055
 [7201] 76056 76060 76064 76073 76074 76080 76082 76086 76094 76095 76096 76101 76115 76116 76120 76124 76128 76129
 [7219] 76132 76160 76161 76164 76174 76175 76178 76185 76203 76216 76223 76230 76234 76247 76249 76268 76300 76313
 [7237] 76330 76339 76348 76356 76378 76385 76388 76396 76400 76407 76420 76442 76451 76454 76456 76460 76495 76496
 [7255] 76502 76505 76508 76516 76525 76529 76531 76533 76534 76540 76542 76555 76575 76581 76585 76587 76589 76591
 [7273] 76605 76626 76629 76632 76633 76634 76635 76639 76640 76642 76643 76644 76649 76656 76676 76677 76680 76698
 [7291] 76722 76724 76730 76759 76763 76765 76777 76781 76808 76812 76813 76816 76828 76836 76843 76850 76860 76865
 [7309] 76874 76878 76886 76887 76892 76894 76909 76924 76936 76942 76948 76953 76968 76972 76977 76980 76981 76995
 [7327] 77004 77009 77010 77026 77033 77038 77058 77066 77079 77091 77099 77104 77107 77111 77124 77133 77143 77146
 [7345] 77149 77162 77184 77188 77192 77195 77203 77205 77206 77209 77210 77212 77225 77235 77245 77246 77258 77259
 [7363] 77260 77261 77278 77280 77297 77304 77305 77318 77321 77323 77327 77350 77351 77356 77378 77393 77402 77405
 [7381] 77419 77432 77444 77455 77458 77465 77470 77472 77508 77513 77538 77542 77548 77550 77560 77561 77562 77573
 [7399] 77579 77587 77589 77601 77627 77652 77659 77665 77674 77683 77688 77691 77692 77709 77712 77715 77722 77725
 [7417] 77730 77733 77740 77742 77745 77748 77751 77755 77763 77778 77781 77788 77790 77802 77830 77839 77880 77882
 [7435] 77889 77891 77894 77920 77928 77930 77939 77940 77942 77949 77950 77955 77986 78040 78041 78044 78051 78055
 [7453] 78056 78062 78068 78074 78079 78087 78096 78109 78124 78125 78134 78142 78143 78157 78168 78174 78186 78187
 [7471] 78188 78189 78196 78227 78238 78254 78255 78262 78267 78268 78272 78274 78301 78303 78313 78332 78342 78345
 [7489] 78350 78358 78364 78369 78380 78381 78384 78386 78392 78394 78398 78403 78404 78406 78430 78432 78452 78453
 [7507] 78469 78476 78479 78483 78488 78492 78500 78502 78503 78505 78506 78526 78535 78536 78538 78544 78546 78547
 [7525] 78551 78552 78609 78610 78645 78668 78669 78681 78686 78688 78695 78741 78754 78755 78759 78761 78764 78767
 [7543] 78772 78785 78787 78789 78792 78798 78806 78807 78814 78816 78819 78829 78842 78845 78856 78858 78859 78862
 [7561] 78872 78894 78895 78898 78914 78919 78920 78922 78930 78942 78960 78964 78968 78974 78975 78976 78979 78999
 [7579] 79010 79012 79020 79025 79031 79047 79066 79084 79087 79091 79126 79132 79134 79135 79144 79158 79160 79167
 [7597] 79179 79187 79196 79198 79208 79213 79214 79229 79230 79233 79250 79259 79262 79265 79270 79271 79321 79324
 [7615] 79339 79352 79355 79363 79364 79372 79389 79390 79401 79407 79409 79422 79446 79454 79462 79464 79484 79499
 [7633] 79509 79524 79525 79527 79539 79554 79580 79582 79583 79589 79606 79608 79613 79614 79615 79617 79620 79622
 [7651] 79636 79647 79652 79664 79681 79688 79691 79697 79703 79710 79718 79719 79733 79744 79756 79757 79759 79763
 [7669] 79774 79783 79799 79807 79809 79810 79816 79823 79837 79838 79845 79846 79850 79858 79871 79874 79878 79891
 [7687] 79894 79896 79899 79914 79929 79931 79936 79940 79950 79963 79974 79982 79988 79991 79993 79996 80002 80006
 [7705] 80027 80032 80037 80051 80056 80061 80065 80068 80077 80093 80100 80104 80107 80126 80133 80136 80139 80147
 [7723] 80153 80163 80171 80173 80177 80215 80219 80222 80234 80242 80246 80250 80251 80264 80267 80268 80279 80285
 [7741] 80289 80291 80294 80299 80306 80310 80312 80317 80324 80341 80344 80346 80349 80350 80365 80369 80404 80419
 [7759] 80424 80431 80435 80436 80438 80446 80449 80451 80455 80458 80473 80476 80497 80499 80500 80503 80529 80531
 [7777] 80532 80537 80560 80561 80574 80577 80578 80579 80582 80598 80602 80621 80623 80631 80642 80649 80657 80662
 [7795] 80667 80683 80687 80688 80691 80693 80708 80724 80742 80751 80754 80755 80768 80770 80776 80784 80786 80793
 [7813] 80794 80812 80830 80837 80842 80861 80882 80891 80903 80904 80905 80906 80983 81001 81015 81016 81019 81025
 [7831] 81034 81035 81042 81047 81051 81056 81057 81066 81072 81079 81090 81126 81127 81130 81132 81140 81146 81153
 [7849] 81161 81166 81183 81188 81211 81219 81226 81240 81241 81246 81278 81286 81288 81290 81299 81306 81317 81320
 [7867] 81324 81337 81346 81354 81359 81360 81364 81375 81385 81392 81393 81410 81412 81415 81422 81424 81428 81445
 [7885] 81448 81455 81465 81469 81487 81499 81500 81516 81524 81528 81548 81552 81556 81557 81570 81576 81577 81582
 [7903] 81583 81588 81605 81616 81621 81622 81632 81651 81652 81661 81663 81666 81691 81698 81715 81734 81736 81771
 [7921] 81785 81787 81790 81791 81814 81855 81857 81872 81876 81897 81907 81918 81940 81944 81946 81979 81981 81987
 [7939] 81993 82012 82027 82029 82031 82034 82045 82072 82089 82095 82099 82126 82151 82153 82158 82160 82167 82170
 [7957] 82172 82193 82214 82222 82226 82233 82243 82254 82262 82265 82268 82291 82294 82324 82331 82343 82351 82389
 [7975] 82390 82395 82396 82398 82399 82433 82448 82456 82462 82477 82489 82492 82506 82537 82539 82548 82550 82553
 [7993] 82573 82575 82578 82616 82617 82638 82647 82656 82666 82673 82679 82694 82695 82697 82701 82710 82728 82731
 [8011] 82735 82739 82750 82767 82768 82772 82779 82781 82785 82790 82792 82798 82829 82830 82844 82845 82849 82853
 [8029] 82855 82856 82857 82862 82865 82867 82886 82892 82893 82912 82920 82934 82938 82944 82951 82970 82980 82985
 [8047] 82996 83009 83028 83029 83030 83047 83060 83070 83076 83081 83100 83105 83110 83112 83116 83122 83127 83130
 [8065] 83132 83138 83150 83154 83161 83170 83182 83195 83197 83200 83201 83211 83235 83239 83253 83254 83260 83265
 [8083] 83269 83277 83279 83282 83288 83296 83309 83316 83325 83336 83337 83343 83349 83355 83357 83375 83389 83393
 [8101] 83399 83409 83450 83455 83458 83472 83487 83501 83513 83518 83532 83536 83539 83540 83563 83564 83577 83578
 [8119] 83594 83609 83626 83628 83639 83645 83649 83657 83668 83676 83680 83688 83693 83696 83727 83730 83738 83743
 [8137] 83748 83749 83750 83755 83767 83814 83826 83839 83841 83844 83846 83856 83857 83859 83861 83874 83876 83889
 [8155] 83907 83908 83910 83918 83938 83944 83947 83949 83950 83971 83988 83989 83992 83994 84002 84018 84040 84042
 [8173] 84044 84045 84051 84060 84064 84093 84098 84102 84107 84114 84117 84120 84123 84133 84139 84150 84158 84162
 [8191] 84167 84173 84177 84179 84182 84194 84195 84202 84206 84207 84219 84220 84229 84236 84249 84265 84276 84306
 [8209] 84333 84343 84347 84348 84351 84366 84368 84380 84390 84405 84409 84412 84418 84434 84456 84458 84469 84477
 [8227] 84480 84535 84537 84541 84546 84550 84551 84563 84572 84593 84597 84605 84612 84618 84620 84626 84629 84632
 [8245] 84633 84642 84651 84656 84667 84690 84703 84707 84712 84719 84727 84728 84729 84732 84734 84740 84742 84758
 [8263] 84785 84786 84789 84792 84794 84795 84804 84807 84812 84813 84817 84821 84826 84835 84841 84843 84850 84864
 [8281] 84875 84888 84898 84905 84907 84910 84915 84921 84927 84929 84933 84942 84952 84956 84964 85004 85006 85018
 [8299] 85038 85042 85051 85055 85058 85073 85077 85083 85087 85096 85099 85106 85109 85117 85123 85125 85126 85131
 [8317] 85147 85150 85154 85157 85173 85179 85191 85194 85200 85209 85210 85229 85281 85288 85302 85303 85307 85309
 [8335] 85319 85327 85336 85357 85385 85401 85406 85415 85416 85418 85420 85426 85427 85431 85444 85449 85458 85460
 [8353] 85463 85471 85477 85480 85482 85496 85505 85510 85515 85516 85518 85523 85524 85525 85537 85543 85548 85550
 [8371] 85562 85586 85612 85629 85633 85635 85646 85653 85654 85663 85666 85688 85700 85701 85712 85716 85719 85721
 [8389] 85725 85747 85753 85759 85763 85771 85774 85792 85797 85811 85816 85818 85819 85828 85831 85843 85846 85860
 [8407] 85881 85893 85909 85925 85960 85965 85969 85970 85981 85998 86011 86029 86035 86038 86040 86044 86045 86058
 [8425] 86061 86063 86065 86067 86068 86073 86077 86084 86100 86110 86111 86112 86116 86129 86131 86134 86136 86139
 [8443] 86156 86165 86170 86197 86202 86204 86214 86220 86224 86228 86230 86233 86235 86236 86242 86247 86261 86264
 [8461] 86296 86307 86315 86321 86326 86327 86328 86346 86348 86355 86360 86363 86377 86404 86413 86417 86422 86426
 [8479] 86441 86458 86482 86487 86495 86496 86506 86508 86539 86544 86571 86592 86595 86601 86604 86605 86610 86618
 [8497] 86620 86622 86627 86632 86642 86644 86664 86671 86680 86700 86707 86717 86724 86725 86730 86740 86763 86784
 [8515] 86791 86793 86809 86813 86823 86833 86847 86851 86861 86878 86887 86888 86889 86902 86910 86918 86922 86928
 [8533] 86932 86934 86940 86943 86949 86952 86966 86971 86975 86984 86986 87004 87008 87016 87021 87022 87024 87028
 [8551] 87041 87055 87056 87076 87078 87079 87084 87101 87110 87112 87115 87117 87122 87128 87148 87160 87167 87169
 [8569] 87171 87172 87187 87201 87204 87205 87209 87225 87253 87260 87272 87277 87278 87279 87281 87330 87335 87355
 [8587] 87359 87365 87383 87388 87434 87435 87466 87467 87478 87479 87492 87496 87497 87499 87506 87520 87523 87539
 [8605] 87542 87547 87549 87551 87572 87573 87589 87597 87611 87617 87624 87635 87688 87695 87697 87698 87699 87712
 [8623] 87714 87719 87735 87736 87738 87749 87759 87765 87776 87781 87786 87788 87793 87802 87826 87827 87833 87838
 [8641] 87842 87862 87866 87878 87888 87889 87896 87898 87899 87900 87913 87915 87921 87929 87931 87936 87962 87972
 [8659] 87974 87982 87989 87994 88003 88004 88010 88013 88016 88025 88033 88043 88049 88058 88062 88079 88082 88089
 [8677] 88105 88121 88141 88155 88164 88170 88186 88214 88216 88231 88239 88240 88257 88262 88286 88288 88290 88291
 [8695] 88294 88296 88316 88327 88329 88331 88348 88356 88361 88373 88377 88382 88403 88407 88414 88419 88424 88447
 [8713] 88450 88468 88469 88483 88489 88496 88514 88519 88521 88524 88527 88528 88529 88537 88548 88562 88579 88593
 [8731] 88597 88598 88600 88602 88603 88606 88620 88622 88623 88626 88657 88659 88660 88666 88673 88679 88680 88684
 [8749] 88685 88710 88729 88736 88739 88748 88751 88759 88767 88768 88782 88806 88808 88809 88810 88820 88825 88830
 [8767] 88837 88849 88870 88879 88884 88892 88894 88897 88909 88910 88915 88916 88920 88922 88923 88933 88942 88943
 [8785] 88945 88948 88949 88953 88972 88974 88975 89007 89013 89015 89023 89027 89034 89035 89047 89057 89060 89089
 [8803] 89129 89130 89133 89141 89144 89167 89168 89179 89180 89194 89246 89248 89255 89256 89264 89291 89292 89293
 [8821] 89302 89326 89332 89334 89343 89359 89364 89370 89384 89387 89390 89393 89439 89440 89441 89458 89466 89474
 [8839] 89482 89484 89502 89510 89513 89542 89543 89547 89559 89563 89597 89599 89606 89613 89615 89625 89630 89636
 [8857] 89642 89654 89657 89658 89660 89664 89673 89679 89689 89702 89705 89708 89715 89716 89730 89741 89742 89744
 [8875] 89749 89755 89769 89771 89780 89796 89837 89844 89852 89865 89891 89895 89902 89906 89916 89926 89936 89948
 [8893] 89958 89973 89984 90009 90015 90020 90029 90031 90032 90036 90047 90052 90055 90060 90062 90087 90090 90093
 [8911] 90097 90110 90118 90131 90137 90145 90146 90148 90151 90152 90167 90178 90183 90185 90188 90192 90200 90206
 [8929] 90208 90210 90221 90222 90225 90229 90232 90246 90252 90255 90256 90264 90285 90286 90291 90296 90301 90302
 [8947] 90304 90305 90310 90311 90320 90336 90342 90346 90364 90381 90384 90385 90387 90391 90399 90412 90422 90450
 [8965] 90476 90479 90487 90492 90499 90501 90510 90512 90513 90525 90529 90532 90534 90539 90546 90575 90578 90582
 [8983] 90606 90613 90619 90620 90627 90632 90638 90643 90648 90649 90651 90666 90675 90678 90695 90699 90724 90740
 [9001] 90742 90759 90762 90765 90783 90795 90805 90811 90812 90817 90825 90827 90855 90862 90877 90880 90884 90895
 [9019] 90901 90902 90914 90921 90939 90953 90954 90959 90975 90997 91034 91042 91052 91053 91055 91056 91060 91061
 [9037] 91077 91081 91082 91089 91108 91114 91120 91126 91133 91142 91146 91166 91174 91176 91181 91183 91194 91195
 [9055] 91215 91217 91236 91243 91256 91260 91273 91278 91280 91284 91287 91292 91295 91300 91304 91311 91315 91330
 [9073] 91333 91341 91353 91355 91367 91383 91388 91394 91404 91409 91414 91416 91423 91427 91436 91451 91452 91468
 [9091] 91470 91487 91498 91505 91506 91511 91518 91524 91533 91539 91553 91555 91560 91567 91570 91572 91573 91574
 [9109] 91576 91578 91580 91593 91594 91599 91602 91651 91653 91659 91672 91674 91681 91687 91688 91692 91698 91712
 [9127] 91715 91747 91748 91764 91770 91771 91791 91804 91821 91823 91829 91832 91850 91851 91852 91856 91858 91868
 [9145] 91880 91881 91885 91887 91889 91891 91896 91918 91922 91927 91932 91940 91942 91963 91966 91981 91985 91989
 [9163] 91991 92001 92006 92012 92013 92014 92015 92022 92023 92027 92029 92034 92036 92038 92046 92061 92062 92065
 [9181] 92068 92069 92081 92086 92088 92090 92096 92097 92099 92102 92130 92135 92136 92138 92162 92175 92186 92189
 [9199] 92198 92209 92227 92236 92248 92255 92256 92263 92265 92275 92288 92290 92300 92315 92334 92335 92345 92362
 [9217] 92372 92374 92386 92400 92455 92479 92484 92485 92518 92523 92524 92525 92527 92535 92539 92540 92542 92563
 [9235] 92572 92575 92576 92588 92592 92595 92596 92602 92609 92612 92628 92631 92634 92648 92649 92651 92655 92668
 [9253] 92669 92671 92697 92698 92699 92710 92732 92737 92740 92746 92759 92767 92770 92777 92792 92796 92810 92812
 [9271] 92813 92815 92817 92820 92825 92830 92831 92883 92886 92887 92889 92890 92895 92902 92907 92910 92931 92933
 [9289] 92941 92943 92944 92959 92963 92974 93093 93099 93103 93104 93110 93115 93123 93127 93129 93140 93142 93156
 [9307] 93157 93158 93160 93181 93186 93201 93234 93239 93256 93260 93261 93262 93266 93270 93289 93311 93319 93336
 [9325] 93356 93361 93374 93384 93389 93393 93415 93417 93433 93443 93487 93492 93499 93501 93518 93535 93550 93564
 [9343] 93577 93598 93606 93607 93609 93612 93667 93724 93725 93728 93734 93755 93767 93775 93776 93777 93808 93811
 [9361] 93812 93828 93832 93847 93860 93861 93862 93873 93877 93887 93902 93912 93924 93926 93930 93935 93941 93950
 [9379] 93952 93960 93968 93969 93975 93976 93997 94002 94018 94019 94026 94029 94038 94039 94045 94048 94054 94064
 [9397] 94067 94076 94127 94149 94162 94177 94187 94201 94203 94210 94214 94241 94253 94257 94262 94269 94299 94307
 [9415] 94314 94320 94330 94332 94341 94343 94362 94368 94369 94391 94394 94395 94399 94400 94402 94408 94412 94425
 [9433] 94434 94441 94448 94461 94462 94475 94476 94481 94499 94513 94514 94524 94529 94531 94547 94591 94612 94618
 [9451] 94632 94634 94639 94647 94648 94652 94658 94661 94664 94672 94674 94676 94681 94683 94687 94697 94699 94702
 [9469] 94705 94713 94714 94723 94727 94728 94730 94758 94767 94768 94784 94791 94811 94824 94836 94847 94860 94862
 [9487] 94894 94896 94907 94908 94912 94946 94960 94961 94962 94968 94975 94987 94992 95000 95006 95008 95010 95016
 [9505] 95019 95032 95051 95060 95069 95072 95073 95089 95090 95108 95109 95137 95151 95167 95196 95198 95211 95229
 [9523] 95240 95253 95258 95270 95273 95277 95278 95285 95288 95292 95293 95337 95342 95343 95349 95355 95356 95375
 [9541] 95384 95406 95407 95408 95409 95410 95416 95425 95479 95488 95496 95498 95507 95510 95527 95529 95545 95554
 [9559] 95568 95570 95577 95580 95590 95602 95611 95630 95631 95634 95636 95637 95642 95647 95648 95653 95656 95662
 [9577] 95677 95679 95706 95716 95731 95748 95750 95766 95768 95793 95797 95798 95799 95805 95808 95827 95835 95841
 [9595] 95855 95857 95871 95873 95885 95902 95912 95916 95919 95925 95929 95938 95944 95959 95962 95979 95982 95995
 [9613] 96001 96002 96006 96018 96026 96033 96035 96038 96042 96043 96047 96056 96058 96064 96066 96079 96117 96129
 [9631] 96144 96169 96175 96182 96188 96194 96226 96229 96230 96239 96242 96244 96248 96249 96254 96296 96298 96306
 [9649] 96337 96350 96352 96354 96362 96388 96393 96398 96399 96403 96421 96423 96452 96459 96465 96470 96475 96476
 [9667] 96485 96507 96515 96518 96537 96543 96544 96561 96567 96569 96577 96588 96597 96602 96603 96607 96611 96614
 [9685] 96621 96643 96645 96650 96654 96656 96665 96678 96681 96682 96683 96687 96697 96699 96731 96749 96752 96758
 [9703] 96770 96777 96792 96804 96808 96810 96812 96814 96820 96823 96833 96840 96847 96854 96875 96885 96895 96906
 [9721] 96920 96924 96925 96928 96941 96942 96947 96948 96952 96953 96973 96976 96993 96995 97007 97026 97029 97032
 [9739] 97033 97048 97049 97094 97119 97152 97154 97166 97173 97176 97183 97198 97205 97206 97224 97237 97296 97298
 [9757] 97299 97305 97308 97309 97320 97334 97341 97342 97345 97376 97389 97390 97399 97414 97415 97416 97418 97437
 [9775] 97440 97443 97455 97456 97468 97473 97475 97490 97498 97500 97504 97515 97534 97545 97551 97559 97567 97577
 [9793] 97592 97594 97596 97598 97610 97618 97635 97646 97652 97653 97674 97676 97685 97693 97697 97700 97705 97709
 [9811] 97718 97723 97729 97732 97747 97753 97754 97755 97777 97782 97784 97790 97813 97827 97838 97842 97843 97851
 [9829] 97856 97857 97860 97872 97896 97908 97910 97937 97944 97951 97959 97967 97991 98000 98012 98013 98016 98018
 [9847] 98037 98045 98047 98049 98059 98081 98128 98137 98143 98149 98165 98171 98173 98179 98190 98199 98209 98214
 [9865] 98223 98224 98228 98229 98231 98237 98243 98247 98252 98253 98254 98263 98275 98279 98300 98305 98307 98310
 [9883] 98318 98330 98358 98365 98385 98394 98397 98403 98409 98415 98419 98420 98422 98425 98434 98438 98439 98462
 [9901] 98482 98509 98512 98515 98522 98525 98539 98548 98551 98564 98569 98572 98576 98577 98578 98604 98606 98609
 [9919] 98615 98671 98678 98680 98682 98700 98715 98716 98734 98744 98751 98759 98762 98768 98771 98785 98786 98787
 [9937] 98788 98814 98832 98843 98844 98859 98860 98869 98872 98874 98876 98882 98884 98885 98914 98917 98927 98931
 [9955] 98954 98956 98977 98981 99000 99010 99013 99014 99040 99042 99061 99067 99068 99069 99095 99119 99149 99158
 [9973] 99170 99173 99175 99181 99195 99199 99200 99202 99204 99211 99212 99222 99230 99237 99256 99265 99266 99291
 [9991] 99294 99314 99315 99322 99341 99342 99434 99441 99448 99458
 [ reached getOption("max.print") -- omitted 383 entries ]
