
===========  xgbTree  ============

   [1]    33    42    51    61    64    76    77    85    93   105   123   125   133   135   141   145   161   169
  [19]   170   187   196   231   237   255   263   283   313   321   324   328   334   336   337   341   345   351
  [37]   372   373   381   388   395   398   407   422   435   438   444   446   449   456   466   533   610   614
  [55]   615   617   620   632   640   641   651   654   666   674   678   682   693   696   705   722   726   768
  [73]   777   816   821   849   851   861   865   873   882   901   919   924   932   969   972  1001  1018  1023
  [91]  1025  1032  1040  1056  1082  1103  1110  1127  1129  1159  1168  1202  1212  1213  1215  1217  1224  1227
 [109]  1229  1236  1240  1251  1265  1268  1269  1288  1312  1313  1327  1332  1336  1340  1341  1342  1383  1390
 [127]  1393  1394  1399  1405  1411  1427  1428  1430  1440  1450  1451  1453  1460  1461  1473  1481  1501  1517
 [145]  1522  1525  1526  1531  1546  1549  1560  1562  1566  1577  1582  1607  1610  1615  1644  1663  1665  1677
 [163]  1689  1698  1699  1706  1746  1762  1773  1776  1801  1803  1815  1850  1856  1859  1860  1863  1865  1894
 [181]  1896  1904  1906  1907  1921  1922  1944  1945  1951  1955  1961  1965  1976  1980  1985  1990  1995  2000
 [199]  2026  2036  2056  2061  2063  2073  2083  2090  2092  2118  2137  2178  2180  2184  2193  2198  2205  2216
 [217]  2217  2219  2227  2232  2234  2238  2241  2247  2255  2277  2278  2288  2292  2293  2379  2380  2391  2394
 [235]  2397  2402  2418  2438  2445  2455  2463  2464  2467  2498  2502  2505  2517  2519  2520  2525  2539  2569
 [253]  2570  2571  2573  2596  2597  2600  2602  2605  2606  2609  2614  2623  2634  2639  2646  2650  2651  2661
 [271]  2662  2667  2675  2676  2683  2704  2716  2727  2737  2758  2762  2778  2779  2784  2794  2813  2815  2822
 [289]  2830  2832  2845  2852  2853  2854  2859  2891  2900  2906  2909  2914  2915  2932  2933  2942  2944  2966
 [307]  2967  2969  2972  2987  2990  2991  2993  2999  3010  3016  3021  3030  3033  3035  3039  3048  3066  3090
 [325]  3091  3100  3114  3115  3117  3149  3160  3164  3182  3186  3188  3189  3190  3193  3199  3213  3215  3219
 [343]  3227  3228  3235  3243  3244  3247  3249  3252  3258  3264  3293  3295  3304  3307  3309  3313  3333  3372
 [361]  3380  3386  3387  3389  3391  3395  3400  3404  3411  3445  3450  3457  3465  3466  3475  3484  3485  3488
 [379]  3493  3495  3500  3502  3503  3506  3508  3522  3526  3529  3538  3539  3540  3541  3542  3547  3557  3571
 [397]  3593  3597  3603  3611  3630  3643  3665  3670  3672  3674  3678  3681  3713  3714  3716  3719  3727  3731
 [415]  3734  3753  3757  3761  3771  3799  3817  3819  3821  3822  3826  3829  3841  3846  3850  3874  3887  3893
 [433]  3898  3899  3927  3929  3931  3933  3942  3948  3962  3963  3976  3978  3986  3993  3997  4033  4034  4035
 [451]  4064  4065  4067  4069  4084  4097  4102  4105  4110  4111  4134  4161  4186  4192  4196  4209  4233  4246
 [469]  4253  4255  4257  4286  4289  4294  4301  4308  4315  4316  4317  4319  4320  4325  4332  4333  4336  4343
 [487]  4362  4369  4379  4392  4405  4411  4428  4434  4437  4439  4441  4455  4460  4462  4465  4485  4498  4515
 [505]  4522  4526  4534  4541  4545  4566  4567  4575  4583  4591  4596  4605  4606  4610  4613  4619  4625  4628
 [523]  4632  4644  4646  4658  4669  4675  4676  4677  4687  4691  4724  4739  4740  4750  4751  4757  4774  4776
 [541]  4792  4844  4846  4848  4856  4864  4865  4868  4872  4905  4913  4921  4922  4930  4936  4938  4940  4957
 [559]  4967  4970  4975  4977  4978  4988  5007  5017  5019  5022  5026  5030  5037  5055  5063  5075  5081  5091
 [577]  5104  5119  5122  5127  5136  5137  5138  5139  5140  5141  5147  5150  5164  5185  5188  5192  5196  5198
 [595]  5201  5213  5220  5225  5229  5241  5243  5253  5262  5286  5302  5307  5310  5321  5325  5326  5330  5331
 [613]  5333  5338  5341  5347  5348  5350  5353  5356  5359  5361  5404  5410  5425  5428  5433  5449  5454  5457
 [631]  5464  5465  5466  5473  5477  5488  5503  5546  5557  5566  5586  5588  5591  5596  5604  5609  5612  5629
 [649]  5641  5647  5666  5671  5677  5691  5692  5698  5714  5716  5719  5720  5723  5730  5741  5743  5765  5774
 [667]  5795  5808  5809  5810  5813  5830  5845  5850  5861  5864  5866  5868  5871  5872  5912  5934  5945  5946
 [685]  5947  5948  5954  5955  5958  5959  5960  5962  5998  6000  6003  6004  6011  6016  6019  6021  6031  6036
 [703]  6039  6042  6045  6053  6060  6079  6096  6101  6106  6110  6118  6121  6129  6136  6137  6160  6170  6171
 [721]  6181  6189  6194  6202  6208  6220  6224  6228  6234  6240  6248  6256  6264  6275  6287  6304  6310  6330
 [739]  6335  6353  6357  6359  6368  6377  6378  6380  6381  6420  6421  6422  6423  6431  6450  6452  6469  6482
 [757]  6486  6488  6498  6506  6510  6523  6533  6535  6536  6540  6547  6559  6568  6569  6573  6581  6587  6590
 [775]  6591  6592  6593  6601  6607  6609  6620  6623  6635  6640  6645  6661  6662  6663  6680  6686  6703  6746
 [793]  6761  6783  6787  6792  6794  6795  6802  6803  6811  6820  6826  6829  6833  6848  6860  6870  6888  6900
 [811]  6905  6912  6913  6915  6929  6932  6933  6940  6941  6943  6950  6957  6969  6970  6975  6985  6993  6999
 [829]  7007  7008  7010  7016  7018  7019  7031  7036  7038  7039  7040  7047  7051  7053  7064  7066  7074  7083
 [847]  7107  7109  7111  7115  7118  7119  7124  7126  7132  7135  7144  7149  7152  7157  7158  7159  7179  7185
 [865]  7205  7210  7215  7224  7229  7251  7252  7254  7262  7263  7266  7276  7281  7284  7320  7344  7355  7375
 [883]  7376  7377  7391  7398  7399  7410  7412  7433  7452  7463  7483  7488  7492  7493  7496  7507  7508  7515
 [901]  7524  7533  7538  7560  7569  7570  7571  7573  7583  7593  7594  7595  7602  7610  7615  7629  7639  7648
 [919]  7654  7663  7665  7680  7684  7685  7689  7692  7698  7699  7700  7703  7708  7713  7715  7717  7724  7734
 [937]  7735  7736  7750  7754  7757  7772  7773  7780  7782  7796  7798  7806  7807  7813  7817  7857  7858  7864
 [955]  7870  7882  7885  7913  7914  7915  7921  7923  7927  7937  7954  7958  7962  7971  7978  7981  7987  7988
 [973]  8002  8004  8007  8036  8047  8050  8051  8053  8060  8069  8072  8079  8080  8083  8087  8091  8100  8103
 [991]  8115  8117  8134  8142  8146  8150  8153  8157  8171  8175  8182  8186  8195  8202  8205  8206  8211  8212
[1009]  8232  8235  8236  8246  8250  8251  8255  8259  8260  8262  8268  8272  8277  8284  8287  8306  8312  8327
[1027]  8330  8333  8336  8338  8349  8352  8359  8361  8364  8365  8370  8387  8397  8399  8401  8403  8408  8410
[1045]  8420  8474  8479  8480  8483  8485  8496  8497  8499  8508  8530  8531  8537  8538  8539  8549  8550  8556
[1063]  8559  8561  8565  8581  8585  8587  8590  8594  8603  8625  8629  8639  8665  8667  8668  8669  8672  8673
[1081]  8674  8675  8678  8684  8686  8687  8691  8698  8703  8704  8706  8709  8712  8727  8731  8738  8739  8745
[1099]  8746  8752  8754  8760  8853  8862  8882  8883  8908  8923  8924  8930  8932  8937  8948  8950  8968  8975
[1117]  8980  8981  8992  8998  9000  9025  9032  9037  9050  9054  9062  9063  9065  9070  9083  9087  9097  9102
[1135]  9104  9124  9129  9136  9137  9147  9149  9153  9156  9166  9171  9173  9185  9211  9217  9225  9226  9233
[1153]  9250  9251  9253  9257  9265  9270  9271  9273  9279  9304  9307  9310  9311  9337  9344  9348  9354  9364
[1171]  9384  9386  9393  9396  9397  9401  9405  9407  9416  9419  9420  9433  9435  9438  9444  9446  9450  9452
[1189]  9481  9482  9485  9487  9490  9498  9501  9504  9515  9517  9530  9532  9537  9547  9555  9569  9570  9583
[1207]  9599  9600  9610  9631  9638  9643  9644  9654  9656  9664  9668  9674  9677  9682  9695  9697  9716  9722
[1225]  9726  9740  9747  9749  9758  9762  9764  9768  9772  9774  9781  9783  9790  9814  9818  9820  9826  9827
[1243]  9828  9834  9837  9838  9841  9843  9850  9855  9883  9884  9889  9906  9909  9912  9913  9915  9930  9940
[1261]  9944  9950  9977  9981  9983 10002 10022 10026 10031 10032 10043 10046 10060 10062 10063 10067 10069 10078
[1279] 10086 10092 10109 10111 10120 10122 10148 10149 10150 10163 10191 10193 10210 10212 10221 10232 10234 10236
[1297] 10243 10248 10250 10255 10263 10267 10268 10270 10278 10290 10292 10296 10299 10300 10301 10329 10330 10334
[1315] 10336 10343 10349 10351 10359 10372 10374 10409 10431 10433 10442 10443 10446 10450 10455 10461 10463 10467
[1333] 10470 10472 10473 10475 10477 10478 10495 10496 10513 10518 10519 10522 10533 10542 10551 10557 10559 10567
[1351] 10570 10575 10602 10613 10614 10617 10632 10641 10647 10648 10652 10653 10662 10668 10669 10676 10685 10693
[1369] 10695 10697 10698 10703 10737 10745 10747 10749 10751 10755 10767 10772 10782 10785 10790 10800 10842 10862
[1387] 10888 10896 10911 10921 10931 10932 10936 10941 10946 10954 10955 10956 10961 10963 10965 10973 10975 10988
[1405] 10989 10992 10993 11003 11006 11023 11025 11032 11039 11044 11047 11053 11056 11060 11062 11069 11081 11092
[1423] 11095 11099 11102 11103 11108 11113 11118 11120 11143 11146 11169 11177 11183 11195 11196 11198 11205 11210
[1441] 11221 11239 11241 11243 11253 11259 11260 11270 11273 11280 11281 11290 11292 11293 11303 11304 11307 11311
[1459] 11313 11324 11333 11335 11343 11351 11356 11359 11361 11366 11369 11373 11386 11391 11396 11397 11430 11444
[1477] 11465 11472 11480 11482 11490 11496 11503 11514 11515 11526 11531 11542 11546 11552 11553 11558 11559 11569
[1495] 11572 11576 11588 11591 11593 11595 11602 11616 11618 11625 11627 11635 11636 11639 11669 11672 11673 11686
[1513] 11688 11689 11703 11725 11742 11746 11775 11783 11788 11790 11803 11804 11820 11824 11829 11837 11838 11839
[1531] 11846 11849 11852 11857 11859 11867 11870 11874 11881 11882 11894 11897 11898 11907 11911 11912 11919 11923
[1549] 11926 11933 11946 11951 11961 11976 11978 11980 11983 11990 12009 12018 12041 12042 12047 12050 12051 12058
[1567] 12060 12081 12086 12104 12107 12110 12113 12114 12115 12116 12122 12126 12156 12175 12176 12177 12181 12194
[1585] 12202 12205 12206 12208 12210 12233 12236 12244 12248 12260 12267 12286 12289 12290 12302 12313 12325 12334
[1603] 12345 12346 12347 12350 12354 12355 12367 12373 12398 12399 12404 12405 12409 12413 12417 12444 12447 12451
[1621] 12453 12454 12466 12467 12476 12486 12487 12495 12496 12515 12518 12520 12522 12533 12537 12546 12555 12561
[1639] 12576 12578 12580 12595 12598 12606 12610 12611 12617 12619 12620 12622 12627 12638 12645 12665 12666 12667
[1657] 12668 12677 12682 12685 12691 12694 12696 12697 12699 12713 12761 12770 12777 12813 12814 12822 12830 12832
[1675] 12878 12879 12893 12908 12943 12965 12969 12979 12980 12990 12994 13010 13028 13033 13043 13045 13051 13056
[1693] 13068 13075 13089 13103 13108 13135 13137 13169 13183 13197 13204 13209 13210 13215 13217 13223 13231 13243
[1711] 13248 13253 13259 13263 13271 13272 13275 13282 13291 13296 13300 13302 13311 13321 13333 13341 13347 13350
[1729] 13351 13352 13353 13357 13360 13371 13395 13398 13400 13405 13407 13410 13419 13424 13437 13444 13449 13450
[1747] 13452 13453 13458 13462 13465 13468 13470 13480 13494 13511 13518 13520 13521 13532 13534 13535 13539 13572
[1765] 13591 13613 13618 13624 13626 13641 13650 13652 13654 13664 13680 13693 13694 13699 13700 13707 13710 13712
[1783] 13718 13727 13731 13740 13753 13758 13771 13778 13780 13798 13801 13812 13826 13852 13855 13865 13873 13874
[1801] 13883 13884 13888 13895 13898 13908 13909 13932 13940 13946 13947 13954 13955 13962 13969 13979 13993 13996
[1819] 14016 14032 14040 14049 14050 14062 14072 14094 14098 14099 14105 14108 14124 14126 14127 14131 14139 14141
[1837] 14145 14149 14156 14167 14171 14174 14177 14189 14208 14222 14226 14242 14250 14261 14277 14279 14293 14304
[1855] 14309 14311 14312 14316 14323 14328 14329 14340 14341 14350 14351 14360 14367 14368 14377 14401 14405 14410
[1873] 14414 14415 14417 14426 14438 14452 14455 14458 14459 14460 14473 14476 14478 14488 14498 14506 14542 14544
[1891] 14547 14548 14549 14551 14555 14557 14560 14562 14590 14601 14604 14605 14612 14614 14620 14626 14628 14629
[1909] 14630 14639 14642 14655 14672 14679 14693 14696 14702 14707 14710 14727 14786 14793 14795 14801 14809 14813
[1927] 14823 14825 14831 14837 14839 14843 14844 14852 14856 14868 14878 14888 14896 14899 14903 14904 14912 14928
[1945] 14934 14935 14939 14941 14943 14947 14953 14978 14990 14991 14997 15000 15004 15008 15016 15017 15026 15036
[1963] 15043 15048 15049 15060 15070 15074 15082 15086 15094 15102 15106 15110 15116 15118 15123 15124 15151 15158
[1981] 15162 15163 15164 15171 15172 15181 15201 15203 15210 15216 15217 15224 15245 15248 15249 15251 15260 15262
[1999] 15276 15287 15298 15300 15302 15303 15315 15320 15321 15334 15336 15350 15352 15367 15371 15374 15387 15402
[2017] 15405 15406 15407 15410 15414 15416 15420 15424 15440 15449 15450 15455 15481 15488 15490 15498 15502 15503
[2035] 15504 15505 15514 15541 15544 15550 15556 15565 15573 15575 15577 15604 15614 15616 15622 15635 15651 15657
[2053] 15667 15670 15693 15694 15695 15696 15698 15711 15712 15716 15722 15734 15747 15765 15775 15780 15784 15796
[2071] 15799 15811 15823 15825 15831 15832 15833 15838 15849 15850 15852 15853 15857 15859 15861 15862 15869 15886
[2089] 15892 15893 15895 15907 15909 15913 15914 15916 15923 15949 15963 15971 15981 15988 15991 16019 16027 16036
[2107] 16049 16051 16063 16064 16070 16071 16075 16087 16120 16124 16129 16131 16132 16150 16153 16155 16157 16160
[2125] 16167 16173 16175 16181 16198 16199 16204 16212 16216 16218 16231 16236 16268 16272 16277 16282 16283 16289
[2143] 16294 16297 16311 16313 16318 16334 16351 16352 16361 16362 16364 16371 16382 16384 16385 16393 16396 16397
[2161] 16406 16420 16422 16423 16432 16438 16444 16446 16454 16456 16462 16469 16478 16487 16490 16492 16507 16508
[2179] 16509 16511 16520 16521 16524 16527 16528 16534 16535 16540 16541 16544 16547 16552 16563 16564 16567 16578
[2197] 16581 16591 16595 16597 16599 16609 16613 16615 16625 16632 16640 16642 16644 16647 16653 16654 16666 16674
[2215] 16675 16682 16685 16692 16700 16709 16736 16744 16748 16749 16751 16757 16758 16760 16763 16779 16780 16799
[2233] 16808 16815 16820 16822 16837 16845 16848 16856 16874 16895 16896 16919 16923 16926 16929 16940 16944 16955
[2251] 16964 16969 16983 16984 17005 17012 17013 17021 17022 17027 17034 17038 17053 17059 17066 17070 17071 17072
[2269] 17096 17099 17100 17109 17116 17117 17124 17140 17148 17164 17165 17167 17180 17189 17207 17208 17218 17234
[2287] 17240 17247 17254 17267 17268 17271 17284 17288 17297 17299 17300 17301 17303 17314 17323 17328 17332 17334
[2305] 17335 17342 17354 17357 17364 17365 17399 17417 17419 17421 17425 17430 17436 17465 17473 17489 17493 17505
[2323] 17514 17515 17517 17530 17533 17556 17559 17562 17569 17577 17602 17607 17619 17631 17638 17648 17649 17654
[2341] 17660 17663 17672 17683 17693 17695 17697 17704 17714 17739 17740 17746 17747 17751 17753 17754 17762 17788
[2359] 17792 17794 17797 17800 17817 17864 17877 17893 17901 17904 17909 17913 17921 17923 17927 17932 17935 17937
[2377] 17939 17942 17948 17960 17963 17964 17973 17977 17980 17994 17997 17998 17999 18002 18004 18050 18055 18061
[2395] 18064 18074 18097 18104 18105 18123 18135 18154 18157 18158 18162 18171 18179 18182 18183 18198 18202 18212
[2413] 18218 18226 18236 18257 18260 18262 18269 18271 18276 18295 18298 18300 18303 18313 18314 18324 18331 18336
[2431] 18352 18357 18358 18360 18370 18392 18398 18400 18409 18410 18425 18435 18446 18467 18470 18471 18476 18499
[2449] 18505 18507 18510 18528 18541 18548 18550 18563 18564 18572 18585 18599 18609 18622 18627 18628 18631 18634
[2467] 18637 18643 18644 18652 18659 18660 18667 18676 18680 18682 18686 18689 18690 18709 18715 18719 18722 18730
[2485] 18743 18744 18749 18759 18760 18768 18772 18783 18785 18795 18799 18801 18802 18805 18808 18820 18822 18833
[2503] 18866 18869 18877 18901 18913 18919 18920 18929 18930 18931 18935 18936 18937 18941 18943 18950 18955 18956
[2521] 18961 18969 18972 18976 18992 18993 18994 19000 19002 19003 19012 19017 19020 19021 19027 19036 19039 19040
[2539] 19045 19048 19060 19064 19066 19084 19086 19097 19098 19099 19100 19101 19107 19118 19121 19127 19129 19132
[2557] 19133 19148 19163 19165 19186 19187 19199 19205 19230 19242 19243 19267 19278 19280 19290 19298 19299 19303
[2575] 19311 19317 19351 19356 19360 19374 19382 19395 19400 19407 19419 19424 19443 19446 19460 19465 19486 19493
[2593] 19526 19528 19531 19533 19540 19554 19595 19596 19613 19614 19616 19630 19632 19641 19649 19651 19655 19664
[2611] 19677 19683 19685 19692 19705 19707 19710 19713 19717 19726 19729 19730 19731 19732 19733 19737 19748 19781
[2629] 19831 19838 19843 19846 19849 19850 19870 19880 19910 19915 19923 19931 19932 19933 19942 19949 19957 19958
[2647] 19969 19971 19973 19978 19993 20005 20006 20009 20016 20033 20037 20040 20041 20043 20044 20051 20055 20065
[2665] 20066 20067 20068 20070 20077 20082 20084 20090 20109 20110 20114 20117 20119 20120 20122 20126 20133 20145
[2683] 20149 20152 20153 20159 20164 20176 20185 20186 20197 20212 20237 20241 20243 20249 20262 20294 20295 20306
[2701] 20309 20312 20314 20322 20330 20355 20369 20371 20372 20374 20375 20379 20381 20383 20387 20398 20409 20411
[2719] 20417 20425 20427 20437 20438 20444 20453 20456 20461 20476 20479 20490 20491 20510 20530 20533 20536 20541
[2737] 20546 20548 20558 20561 20565 20573 20584 20589 20591 20594 20598 20600 20610 20612 20630 20633 20637 20642
[2755] 20643 20648 20662 20664 20674 20677 20703 20718 20719 20722 20730 20741 20750 20752 20753 20781 20797 20799
[2773] 20800 20802 20805 20811 20820 20827 20828 20831 20840 20845 20854 20860 20865 20880 20906 20908 20916 20919
[2791] 20923 20930 20942 20947 20951 20953 20965 20970 20982 20985 20999 21002 21003 21020 21021 21024 21026 21036
[2809] 21038 21051 21085 21089 21100 21103 21108 21112 21122 21124 21127 21138 21149 21150 21154 21160 21161 21168
[2827] 21169 21173 21200 21230 21234 21238 21241 21243 21248 21251 21252 21264 21266 21269 21271 21275 21279 21280
[2845] 21285 21304 21305 21317 21326 21333 21335 21336 21342 21362 21367 21381 21385 21386 21401 21407 21427 21434
[2863] 21437 21445 21447 21448 21449 21480 21482 21485 21489 21503 21504 21508 21520 21521 21527 21532 21536 21539
[2881] 21567 21576 21577 21581 21582 21584 21595 21606 21634 21637 21651 21657 21659 21661 21662 21663 21687 21690
[2899] 21694 21704 21708 21716 21725 21731 21736 21740 21741 21745 21749 21757 21758 21765 21767 21771 21783 21785
[2917] 21788 21796 21800 21801 21806 21807 21812 21818 21819 21824 21827 21831 21849 21857 21868 21869 21870 21874
[2935] 21882 21892 21894 21895 21897 21903 21927 21939 21951 21952 21962 21964 21965 21979 21980 21985 21988 21999
[2953] 22003 22029 22030 22033 22034 22038 22043 22053 22055 22067 22077 22080 22095 22098 22102 22109 22110 22131
[2971] 22132 22138 22159 22161 22169 22185 22191 22196 22197 22214 22216 22230 22248 22251 22261 22298 22306 22308
[2989] 22310 22315 22322 22326 22338 22340 22341 22353 22375 22380 22383 22386 22391 22399 22404 22407 22408 22410
[3007] 22416 22429 22432 22451 22455 22460 22464 22468 22487 22489 22499 22502 22515 22523 22525 22554 22557 22565
[3025] 22569 22577 22580 22600 22601 22622 22630 22634 22653 22656 22658 22660 22675 22683 22697 22701 22702 22705
[3043] 22708 22712 22716 22718 22737 22741 22747 22752 22786 22795 22810 22815 22829 22835 22843 22884 22901 22906
[3061] 22916 22925 22926 22929 22930 22931 22934 22944 22945 22946 22950 22952 22985 22988 22991 22999 23020 23022
[3079] 23039 23057 23060 23063 23066 23067 23099 23100 23101 23124 23126 23130 23132 23138 23139 23142 23166 23173
[3097] 23179 23189 23199 23205 23208 23209 23213 23219 23252 23257 23258 23259 23260 23264 23269 23277 23304 23314
[3115] 23330 23334 23337 23339 23345 23351 23353 23354 23355 23359 23363 23366 23372 23386 23387 23409 23412 23413
[3133] 23420 23423 23429 23430 23470 23472 23485 23488 23493 23559 23562 23567 23575 23617 23621 23622 23624 23625
[3151] 23626 23636 23639 23652 23674 23691 23697 23715 23722 23724 23728 23746 23747 23750 23758 23786 23787 23793
[3169] 23796 23798 23806 23813 23820 23821 23831 23833 23837 23838 23846 23884 23892 23894 23896 23898 23902 23906
[3187] 23909 23910 23912 23913 23918 23932 23933 23940 23941 23967 23976 23993 23996 24004 24006 24015 24029 24030
[3205] 24032 24035 24045 24049 24062 24064 24066 24067 24071 24074 24075 24084 24087 24103 24104 24120 24142 24154
[3223] 24166 24174 24180 24185 24187 24200 24209 24213 24217 24222 24247 24263 24278 24296 24320 24328 24337 24341
[3241] 24343 24344 24369 24371 24379 24381 24383 24398 24399 24404 24425 24427 24434 24435 24455 24460 24465 24483
[3259] 24487 24490 24497 24502 24523 24537 24547 24571 24575 24577 24586 24590 24598 24599 24600 24605 24611 24612
[3277] 24625 24630 24633 24669 24672 24678 24682 24685 24687 24699 24708 24719 24722 24724 24725 24730 24751 24753
[3295] 24758 24762 24763 24772 24792 24814 24829 24832 24834 24851 24854 24873 24875 24882 24885 24904 24905 24909
[3313] 24910 24912 24914 24927 24929 24956 24958 24964 24965 24970 24972 24979 24987 24995 24996 24997 24999 25007
[3331] 25015 25016 25025 25035 25045 25048 25051 25068 25069 25072 25090 25093 25095 25097 25098 25102 25104 25109
[3349] 25113 25129 25131 25139 25145 25163 25167 25169 25174 25200 25211 25220 25227 25231 25233 25236 25237 25245
[3367] 25247 25252 25264 25266 25272 25278 25295 25298 25303 25306 25308 25311 25316 25329 25332 25335 25340 25347
[3385] 25348 25350 25353 25360 25365 25369 25372 25379 25381 25393 25397 25412 25415 25425 25434 25456 25457 25464
[3403] 25466 25477 25478 25481 25493 25495 25497
