
===========  gbm  ============

An object of class "prediction"
Slot "predictions":
[[1]]
  [1] 0.3664480085 0.3776217850 0.9228271132 0.2517415072 0.1094886870 0.0526410867 0.2254354718 0.2196418538
  [9] 0.0021672886 0.0017333841 0.1164832136 0.6835789832 0.0764649747 0.1704202239 0.6020304758 0.9109859650
 [17] 0.1563747652 0.0633869127 0.0220895442 0.1387328667 0.3703695153 0.0159238327 0.1027594849 0.0575362722
 [25] 0.0447880337 0.0020629775 0.0298042596 0.0363273733 0.0700868169 0.0486169225 0.2669930750 0.0752021891
 [33] 0.0559204982 0.0547285011 0.1403151981 0.0038123330 0.9619129625 0.2726215675 0.0294654447 0.0078029213
 [41] 0.5435038387 0.0504283501 0.3330387221 0.4025145229 0.1133915048 0.0019464680 0.0141065842 0.8567429559
 [49] 0.1449299112 0.1655118439 0.7619376617 0.0285525536 0.1587851676 0.0056555024 0.0785644569 0.7837901557
 [57] 0.4715396212 0.1317102291 0.0350171268 0.0068272455 0.0081309162 0.0034984037 0.0453191439 0.0118571429
 [65] 0.0253698433 0.0047269907 0.0036679746 0.9709570449 0.1893653044 0.7230605521 0.0825283376 0.7946044203
 [73] 0.0516876249 0.0201657887 0.8307341795 0.9753329486 0.0493863619 0.0546072011 0.0389516834 0.1239529433
 [81] 0.0692834898 0.0369035828 0.0134616108 0.0016242224 0.0022272619 0.0012650085 0.0968504866 0.0040771265
 [89] 0.8819061703 0.0256158304 0.0610245836 0.0033259058 0.7586221573 0.0507437887 0.3527194829 0.0406257477
 [97] 0.0432007310 0.3643657445 0.1989048257 0.2175318949 0.0322732031 0.0910069190 0.9393183397 0.1591594024
[105] 0.0535305351 0.0042126516 0.1734181553 0.0065036589 0.7201055301 0.0093969498 0.0038046809 0.0077289332
[113] 0.0021009819 0.0889343068 0.0411945494 0.3511547639 0.8725739609 0.0850427458 0.4769434339 0.8113835024
[121] 0.7772219773 0.6691086911 0.0408603606 0.0313641767 0.4355265197 0.7002940195 0.4123864801 0.0611744885
[129] 0.1621566377 0.0155630234 0.8432729328 0.0529062838 0.0271953635 0.0119972021 0.8246297367 0.2289904601
[137] 0.9041241377 0.0923403950 0.8833106969 0.0537365854 0.4015089050 0.4626333199 0.3145620951 0.0167494526
[145] 0.0030799539 0.0016576730 0.0016681916 0.0025871608 0.0044179814 0.0021595568 0.4518145395 0.0029835105
[153] 0.0677178991 0.2286868174 0.8377126786 0.0336959678 0.5308051092 0.0721914001 0.0076507935 0.3244346989
[161] 0.0860227805 0.3442796010 0.1189897398 0.1416692679 0.3861218000 0.0401611721 0.2329501661 0.4982402223
[169] 0.0928579028 0.3856201089 0.6116479999 0.1061594427 0.1482203481 0.0834067617 0.0098543467 0.0027374825
[177] 0.0598329332 0.0509752518 0.0090496931 0.0406503852 0.3378345655 0.1798421327 0.1344420732 0.0422911497
[185] 0.0853810264 0.0024225188 0.0237866919 0.0779114924 0.4183259511 0.0032964818 0.7147029955 0.5462564418
[193] 0.0200958951 0.7965777917 0.0527092461 0.8032130469 0.0196726116 0.0182068063 0.2135839103 0.8712001285
[201] 0.0945741267 0.0013959512 0.5412864648 0.0007948991 0.0206682383 0.0088567645 0.0280670062 0.1236322879
[209] 0.0063744982 0.7801648111 0.0067728259 0.7257204034 0.3621215538 0.0084551018 0.0020102197 0.0096154965
[217] 0.0543573631 0.0079394238 0.8717409751 0.0595937720 0.1186103146 0.0018353315 0.0389666740 0.1693902233
[225] 0.6781200579 0.0058108063 0.0014691941 0.0214722462 0.0167386018 0.0011010777 0.0164899082 0.0010726041
[233] 0.0297633345 0.0009111399 0.0161037160 0.0648666137 0.1975719077 0.1725733294 0.0112688794 0.8760962121
[241] 0.0559030399 0.0388779976 0.1348679332 0.8185838501 0.0346252664 0.0129459650 0.8166639607 0.1521343207
[249] 0.3000004338 0.0463925368 0.1174832287 0.0096842828 0.0008677544 0.0437911221 0.0012860355 0.8179953391
[257] 0.1774365394 0.0303875949 0.0438666213 0.0475830469 0.0016567523 0.0044659421 0.0010854753 0.0027125497
[265] 0.0135748682 0.1159154689 0.0193743824 0.0327404586 0.0021778284 0.7552134170 0.1479598687 0.1248780876
[273] 0.0316229567 0.4980714916 0.0125780363 0.2937258640 0.0031989657 0.9535678389 0.1310363857 0.5523029789
[281] 0.8194678400 0.0079426564 0.5559289244 0.1148641599 0.9374896070 0.0061313874 0.4989228537 0.0219400561
[289] 0.0245072839 0.4661664101 0.1088534668 0.7874639089 0.0326729188 0.5047632841 0.0296086926 0.9038851974
[297] 0.0006188237 0.0013542195 0.0020996557 0.0098474742 0.0066539421 0.5936929720 0.0044457242 0.0175360187
[305] 0.0081574922 0.0399766712 0.0038227460 0.6019167620 0.0755360922 0.1151291272 0.4977648397 0.7494244044
[313] 0.0491429821 0.1078792281 0.0090506767 0.0401264265 0.0017901256 0.0054874188 0.0012599003 0.8333264730
[321] 0.0110191603 0.7351473154 0.0299983992 0.3257266361 0.1122692831 0.1149957376 0.2151460583 0.3843340571
[329] 0.5912358518 0.0207762688 0.0081097140 0.0181202086 0.0046858685 0.7608857945 0.8006833138 0.0382484436
[337] 0.1843998731 0.2723134365 0.1077620436 0.1882882247 0.0871840387 0.1297175902 0.0691047378 0.6804636690
[345] 0.0553632804 0.1732175703 0.0029036000 0.0226743137 0.0229021656 0.1387629806 0.0086859810 0.0017098469
[353] 0.0022607196 0.0216918700 0.2106174715 0.0143637249 0.0465972208 0.0846374543 0.0248800678 0.2185955295
[361] 0.1076299808 0.3897899785 0.0023656794 0.0110332810 0.3021611705 0.8627837547 0.4482622497 0.0073265747
[369] 0.0038161767 0.9425725906 0.0120462147 0.8544148837 0.6842961688 0.0139734155


Slot "labels":
[[1]]
  [1] False False True  False False False False False False False False False False False False True  False False
 [19] False False False False False False True  False False False False False False False False False True  False
 [37] True  False False False True  False False True  False False False True  False False False False False False
 [55] False True  False False False False False False False False False False False False False False False True 
 [73] False False False True  False False False False False False False False False False False False True  False
 [91] False False False False False False True  False False False False False True  False False False False False
[109] True  False False False False False False False True  False False False False False False False False False
[127] False False False False False False True  False False False False False False False False False False False
[145] False False False False False False True  False False False False False True  False False False False False
[163] False False False False False True  False False False False False False False False False False False False
[181] True  False False False False False False False True  False True  False False True  False False False False
[199] False True  False False True  False False False False False False True  False True  False False False False
[217] False False True  False False False False False True  False False False False False False False False False
[235] False False True  False False True  False False True  False False False True  False False False False False
[253] False True  False False False False True  False False False False False False False False False False False
[271] False False False True  False False False True  False False False False False False True  False False False
[289] False False False True  False False False True  False False False False False False False False False False
[307] False False False False False False False False False False False False False True  False False False False
[325] False False False False False False False False False False True  False False False False False False True 
[343] False False False True  False False False False False False False True  False False False False False False
[361] False True  False False True  False False False False True  False False True  False
Levels: False < True


Slot "cutoffs":
[[1]]
  [1]          Inf 0.9753329486 0.9709570449 0.9619129625 0.9535678389 0.9425725906 0.9393183397 0.9374896070
  [9] 0.9228271132 0.9109859650 0.9041241377 0.9038851974 0.8833106969 0.8819061703 0.8760962121 0.8725739609
 [17] 0.8717409751 0.8712001285 0.8627837547 0.8567429559 0.8544148837 0.8432729328 0.8377126786 0.8333264730
 [25] 0.8307341795 0.8246297367 0.8194678400 0.8185838501 0.8179953391 0.8166639607 0.8113835024 0.8032130469
 [33] 0.8006833138 0.7965777917 0.7946044203 0.7874639089 0.7837901557 0.7801648111 0.7772219773 0.7619376617
 [41] 0.7608857945 0.7586221573 0.7552134170 0.7494244044 0.7351473154 0.7257204034 0.7230605521 0.7201055301
 [49] 0.7147029955 0.7002940195 0.6842961688 0.6835789832 0.6804636690 0.6781200579 0.6691086911 0.6116479999
 [57] 0.6020304758 0.6019167620 0.5936929720 0.5912358518 0.5559289244 0.5523029789 0.5462564418 0.5435038387
 [65] 0.5412864648 0.5308051092 0.5047632841 0.4989228537 0.4982402223 0.4980714916 0.4977648397 0.4769434339
 [73] 0.4715396212 0.4661664101 0.4626333199 0.4518145395 0.4482622497 0.4355265197 0.4183259511 0.4123864801
 [81] 0.4025145229 0.4015089050 0.3897899785 0.3861218000 0.3856201089 0.3843340571 0.3776217850 0.3703695153
 [89] 0.3664480085 0.3643657445 0.3621215538 0.3527194829 0.3511547639 0.3442796010 0.3378345655 0.3330387221
 [97] 0.3257266361 0.3244346989 0.3145620951 0.3021611705 0.3000004338 0.2937258640 0.2726215675 0.2723134365
[105] 0.2669930750 0.2517415072 0.2329501661 0.2289904601 0.2286868174 0.2254354718 0.2196418538 0.2185955295
[113] 0.2175318949 0.2151460583 0.2135839103 0.2106174715 0.1989048257 0.1975719077 0.1893653044 0.1882882247
[121] 0.1843998731 0.1798421327 0.1774365394 0.1734181553 0.1732175703 0.1725733294 0.1704202239 0.1693902233
[129] 0.1655118439 0.1621566377 0.1591594024 0.1587851676 0.1563747652 0.1521343207 0.1482203481 0.1479598687
[137] 0.1449299112 0.1416692679 0.1403151981 0.1387629806 0.1387328667 0.1348679332 0.1344420732 0.1317102291
[145] 0.1310363857 0.1297175902 0.1248780876 0.1239529433 0.1236322879 0.1189897398 0.1186103146 0.1174832287
[153] 0.1164832136 0.1159154689 0.1151291272 0.1149957376 0.1148641599 0.1133915048 0.1122692831 0.1094886870
[161] 0.1088534668 0.1078792281 0.1077620436 0.1076299808 0.1061594427 0.1027594849 0.0968504866 0.0945741267
[169] 0.0928579028 0.0923403950 0.0910069190 0.0889343068 0.0871840387 0.0860227805 0.0853810264 0.0850427458
[177] 0.0846374543 0.0834067617 0.0825283376 0.0785644569 0.0779114924 0.0764649747 0.0755360922 0.0752021891
[185] 0.0721914001 0.0700868169 0.0692834898 0.0691047378 0.0677178991 0.0648666137 0.0633869127 0.0611744885
[193] 0.0610245836 0.0598329332 0.0595937720 0.0575362722 0.0559204982 0.0559030399 0.0553632804 0.0547285011
[201] 0.0546072011 0.0543573631 0.0537365854 0.0535305351 0.0529062838 0.0527092461 0.0526410867 0.0516876249
[209] 0.0509752518 0.0507437887 0.0504283501 0.0493863619 0.0491429821 0.0486169225 0.0475830469 0.0465972208
[217] 0.0463925368 0.0453191439 0.0447880337 0.0438666213 0.0437911221 0.0432007310 0.0422911497 0.0411945494
[225] 0.0408603606 0.0406503852 0.0406257477 0.0401611721 0.0401264265 0.0399766712 0.0389666740 0.0389516834
[233] 0.0388779976 0.0382484436 0.0369035828 0.0363273733 0.0350171268 0.0346252664 0.0336959678 0.0327404586
[241] 0.0326729188 0.0322732031 0.0316229567 0.0313641767 0.0303875949 0.0299983992 0.0298042596 0.0297633345
[249] 0.0296086926 0.0294654447 0.0285525536 0.0280670062 0.0271953635 0.0256158304 0.0253698433 0.0248800678
[257] 0.0245072839 0.0237866919 0.0229021656 0.0226743137 0.0220895442 0.0219400561 0.0216918700 0.0214722462
[265] 0.0207762688 0.0206682383 0.0201657887 0.0200958951 0.0196726116 0.0193743824 0.0182068063 0.0181202086
[273] 0.0175360187 0.0167494526 0.0167386018 0.0164899082 0.0161037160 0.0159238327 0.0155630234 0.0143637249
[281] 0.0141065842 0.0139734155 0.0135748682 0.0134616108 0.0129459650 0.0125780363 0.0120462147 0.0119972021
[289] 0.0118571429 0.0112688794 0.0110332810 0.0110191603 0.0098543467 0.0098474742 0.0096842828 0.0096154965
[297] 0.0093969498 0.0090506767 0.0090496931 0.0088567645 0.0086859810 0.0084551018 0.0081574922 0.0081309162
[305] 0.0081097140 0.0079426564 0.0079394238 0.0078029213 0.0077289332 0.0076507935 0.0073265747 0.0068272455
[313] 0.0067728259 0.0066539421 0.0065036589 0.0063744982 0.0061313874 0.0058108063 0.0056555024 0.0054874188
[321] 0.0047269907 0.0046858685 0.0044659421 0.0044457242 0.0044179814 0.0042126516 0.0040771265 0.0038227460
[329] 0.0038161767 0.0038123330 0.0038046809 0.0036679746 0.0034984037 0.0033259058 0.0032964818 0.0031989657
[337] 0.0030799539 0.0029835105 0.0029036000 0.0027374825 0.0027125497 0.0025871608 0.0024225188 0.0023656794
[345] 0.0022607196 0.0022272619 0.0021778284 0.0021672886 0.0021595568 0.0021009819 0.0020996557 0.0020629775
[353] 0.0020102197 0.0019464680 0.0018353315 0.0017901256 0.0017333841 0.0017098469 0.0016681916 0.0016576730
[361] 0.0016567523 0.0016242224 0.0014691941 0.0013959512 0.0013542195 0.0012860355 0.0012650085 0.0012599003
[369] 0.0011010777 0.0010854753 0.0010726041 0.0009111399 0.0008677544 0.0007948991 0.0006188237


Slot "fp":
[[1]]
  [1]   0   0   1   1   1   1   1   1   1   1   2   2   3   3   3   3   3   3   4   4   5   6   7   7   8   9  10  11
 [29]  12  12  13  14  14  14  14  14  14  14  15  16  17  18  19  20  21  21  22  22  22  23  23  24  25  25  26  27
 [57]  28  29  30  31  32  33  34  34  34  34  35  36  36  36  37  38  39  40  41  41  42  43  43  44  44  45  45  46
 [85]  47  48  49  50  51  52  53  54  55  56  56  57  58  59  60  60  61  62  63  64  65  66  67  68  69  70  71  72
[113]  73  74  75  76  77  77  78  79  80  81  82  83  83  84  85  86  87  88  89  90  91  92  93  94  95  96  96  97
[141]  98  98  99 100 101 101 102 103 104 105 106 107 108 109 110 111 112 113 114 115 116 117 118 119 120 121 122 123
[169] 124 125 126 127 128 129 130 131 132 133 134 135 136 137 138 139 140 141 142 143 144 145 146 147 148 149 150 151
[197] 152 153 154 155 156 157 158 159 160 161 162 163 164 165 166 167 168 169 170 171 172 173 173 173 173 173 174 175
[225] 176 177 178 179 180 181 182 183 184 185 186 187 188 189 190 191 192 193 194 195 196 197 198 199 200 201 202 203
[253] 203 204 205 206 207 208 209 210 211 212 212 213 214 215 216 217 218 219 220 221 222 223 224 225 226 227 228 229
[281] 230 231 232 233 234 235 236 237 238 239 240 241 242 243 244 245 246 247 248 249 250 251 252 253 254 255 256 257
[309] 258 259 260 261 262 263 264 265 266 267 268 269 270 271 272 273 274 275 276 277 278 279 280 281 282 283 284 285
[337] 286 287 288 289 290 291 292 293 294 295 296 297 298 299 300 301 302 303 304 305 306 307 308 309 310 311 312 313
[365] 314 315 316 317 318 319 320 321 322 323 324


Slot "tp":
[[1]]
  [1]  0  1  1  2  3  4  5  6  7  8  8  9  9 10 11 12 13 14 14 15 15 15 15 16 16 16 16 16 16 17 17 17 18 19 20 21 22
 [38] 23 23 23 23 23 23 23 23 24 24 25 26 26 27 27 27 28 28 28 28 28 28 28 28 28 28 29 30 31 31 31 32 33 33 33 33 33
 [75] 33 34 34 34 35 35 36 36 37 37 37 37 37 37 37 37 37 37 37 37 38 38 38 38 38 39 39 39 39 39 39 39 39 39 39 39 39
[112] 39 39 39 39 39 39 40 40 40 40 40 40 40 41 41 41 41 41 41 41 41 41 41 41 41 41 41 42 42 42 43 43 43 43 44 44 44
[149] 44 44 44 44 44 44 44 44 44 44 44 44 44 44 44 44 44 44 44 44 44 44 44 44 44 44 44 44 44 44 44 44 44 44 44 44 44
[186] 44 44 44 44 44 44 44 44 44 44 44 44 44 44 44 44 44 44 44 44 44 44 44 44 44 44 44 44 44 44 44 44 44 45 46 47 48
[223] 48 48 48 48 48 48 48 48 48 48 48 48 48 48 48 48 48 48 48 48 48 48 48 48 48 48 48 48 48 48 49 49 49 49 49 49 49
[260] 49 49 49 50 50 50 50 50 50 50 50 50 50 50 50 50 50 50 50 50 50 50 50 50 50 50 50 50 50 50 50 50 50 50 50 50 50
[297] 50 50 50 50 50 50 50 50 50 50 50 50 50 50 50 50 50 50 50 50 50 50 50 50 50 50 50 50 50 50 50 50 50 50 50 50 50
[334] 50 50 50 50 50 50 50 50 50 50 50 50 50 50 50 50 50 50 50 50 50 50 50 50 50 50 50 50 50 50 50 50 50 50 50 50 50
[371] 50 50 50 50 50


Slot "tn":
[[1]]
  [1] 324 324 323 323 323 323 323 323 323 323 322 322 321 321 321 321 321 321 320 320 319 318 317 317 316 315 314 313
 [29] 312 312 311 310 310 310 310 310 310 310 309 308 307 306 305 304 303 303 302 302 302 301 301 300 299 299 298 297
 [57] 296 295 294 293 292 291 290 290 290 290 289 288 288 288 287 286 285 284 283 283 282 281 281 280 280 279 279 278
 [85] 277 276 275 274 273 272 271 270 269 268 268 267 266 265 264 264 263 262 261 260 259 258 257 256 255 254 253 252
[113] 251 250 249 248 247 247 246 245 244 243 242 241 241 240 239 238 237 236 235 234 233 232 231 230 229 228 228 227
[141] 226 226 225 224 223 223 222 221 220 219 218 217 216 215 214 213 212 211 210 209 208 207 206 205 204 203 202 201
[169] 200 199 198 197 196 195 194 193 192 191 190 189 188 187 186 185 184 183 182 181 180 179 178 177 176 175 174 173
[197] 172 171 170 169 168 167 166 165 164 163 162 161 160 159 158 157 156 155 154 153 152 151 151 151 151 151 150 149
[225] 148 147 146 145 144 143 142 141 140 139 138 137 136 135 134 133 132 131 130 129 128 127 126 125 124 123 122 121
[253] 121 120 119 118 117 116 115 114 113 112 112 111 110 109 108 107 106 105 104 103 102 101 100  99  98  97  96  95
[281]  94  93  92  91  90  89  88  87  86  85  84  83  82  81  80  79  78  77  76  75  74  73  72  71  70  69  68  67
[309]  66  65  64  63  62  61  60  59  58  57  56  55  54  53  52  51  50  49  48  47  46  45  44  43  42  41  40  39
[337]  38  37  36  35  34  33  32  31  30  29  28  27  26  25  24  23  22  21  20  19  18  17  16  15  14  13  12  11
[365]  10   9   8   7   6   5   4   3   2   1   0


Slot "fn":
[[1]]
  [1] 50 49 49 48 47 46 45 44 43 42 42 41 41 40 39 38 37 36 36 35 35 35 35 34 34 34 34 34 34 33 33 33 32 31 30 29 28
 [38] 27 27 27 27 27 27 27 27 26 26 25 24 24 23 23 23 22 22 22 22 22 22 22 22 22 22 21 20 19 19 19 18 17 17 17 17 17
 [75] 17 16 16 16 15 15 14 14 13 13 13 13 13 13 13 13 13 13 13 13 12 12 12 12 12 11 11 11 11 11 11 11 11 11 11 11 11
[112] 11 11 11 11 11 11 10 10 10 10 10 10 10  9  9  9  9  9  9  9  9  9  9  9  9  9  9  8  8  8  7  7  7  7  6  6  6
[149]  6  6  6  6  6  6  6  6  6  6  6  6  6  6  6  6  6  6  6  6  6  6  6  6  6  6  6  6  6  6  6  6  6  6  6  6  6
[186]  6  6  6  6  6  6  6  6  6  6  6  6  6  6  6  6  6  6  6  6  6  6  6  6  6  6  6  6  6  6  6  6  6  5  4  3  2
[223]  2  2  2  2  2  2  2  2  2  2  2  2  2  2  2  2  2  2  2  2  2  2  2  2  2  2  2  2  2  2  1  1  1  1  1  1  1
[260]  1  1  1  0  0  0  0  0  0  0  0  0  0  0  0  0  0  0  0  0  0  0  0  0  0  0  0  0  0  0  0  0  0  0  0  0  0
[297]  0  0  0  0  0  0  0  0  0  0  0  0  0  0  0  0  0  0  0  0  0  0  0  0  0  0  0  0  0  0  0  0  0  0  0  0  0
[334]  0  0  0  0  0  0  0  0  0  0  0  0  0  0  0  0  0  0  0  0  0  0  0  0  0  0  0  0  0  0  0  0  0  0  0  0  0
[371]  0  0  0  0  0


Slot "n.pos":
[[1]]
[1] 50


Slot "n.neg":
[[1]]
[1] 324


Slot "n.pos.pred":
[[1]]
  [1]   0   1   2   3   4   5   6   7   8   9  10  11  12  13  14  15  16  17  18  19  20  21  22  23  24  25  26  27
 [29]  28  29  30  31  32  33  34  35  36  37  38  39  40  41  42  43  44  45  46  47  48  49  50  51  52  53  54  55
 [57]  56  57  58  59  60  61  62  63  64  65  66  67  68  69  70  71  72  73  74  75  76  77  78  79  80  81  82  83
 [85]  84  85  86  87  88  89  90  91  92  93  94  95  96  97  98  99 100 101 102 103 104 105 106 107 108 109 110 111
[113] 112 113 114 115 116 117 118 119 120 121 122 123 124 125 126 127 128 129 130 131 132 133 134 135 136 137 138 139
[141] 140 141 142 143 144 145 146 147 148 149 150 151 152 153 154 155 156 157 158 159 160 161 162 163 164 165 166 167
[169] 168 169 170 171 172 173 174 175 176 177 178 179 180 181 182 183 184 185 186 187 188 189 190 191 192 193 194 195
[197] 196 197 198 199 200 201 202 203 204 205 206 207 208 209 210 211 212 213 214 215 216 217 218 219 220 221 222 223
[225] 224 225 226 227 228 229 230 231 232 233 234 235 236 237 238 239 240 241 242 243 244 245 246 247 248 249 250 251
[253] 252 253 254 255 256 257 258 259 260 261 262 263 264 265 266 267 268 269 270 271 272 273 274 275 276 277 278 279
[281] 280 281 282 283 284 285 286 287 288 289 290 291 292 293 294 295 296 297 298 299 300 301 302 303 304 305 306 307
[309] 308 309 310 311 312 313 314 315 316 317 318 319 320 321 322 323 324 325 326 327 328 329 330 331 332 333 334 335
[337] 336 337 338 339 340 341 342 343 344 345 346 347 348 349 350 351 352 353 354 355 356 357 358 359 360 361 362 363
[365] 364 365 366 367 368 369 370 371 372 373 374


Slot "n.neg.pred":
[[1]]
  [1] 374 373 372 371 370 369 368 367 366 365 364 363 362 361 360 359 358 357 356 355 354 353 352 351 350 349 348 347
 [29] 346 345 344 343 342 341 340 339 338 337 336 335 334 333 332 331 330 329 328 327 326 325 324 323 322 321 320 319
 [57] 318 317 316 315 314 313 312 311 310 309 308 307 306 305 304 303 302 301 300 299 298 297 296 295 294 293 292 291
 [85] 290 289 288 287 286 285 284 283 282 281 280 279 278 277 276 275 274 273 272 271 270 269 268 267 266 265 264 263
[113] 262 261 260 259 258 257 256 255 254 253 252 251 250 249 248 247 246 245 244 243 242 241 240 239 238 237 236 235
[141] 234 233 232 231 230 229 228 227 226 225 224 223 222 221 220 219 218 217 216 215 214 213 212 211 210 209 208 207
[169] 206 205 204 203 202 201 200 199 198 197 196 195 194 193 192 191 190 189 188 187 186 185 184 183 182 181 180 179
[197] 178 177 176 175 174 173 172 171 170 169 168 167 166 165 164 163 162 161 160 159 158 157 156 155 154 153 152 151
[225] 150 149 148 147 146 145 144 143 142 141 140 139 138 137 136 135 134 133 132 131 130 129 128 127 126 125 124 123
[253] 122 121 120 119 118 117 116 115 114 113 112 111 110 109 108 107 106 105 104 103 102 101 100  99  98  97  96  95
[281]  94  93  92  91  90  89  88  87  86  85  84  83  82  81  80  79  78  77  76  75  74  73  72  71  70  69  68  67
[309]  66  65  64  63  62  61  60  59  58  57  56  55  54  53  52  51  50  49  48  47  46  45  44  43  42  41  40  39
[337]  38  37  36  35  34  33  32  31  30  29  28  27  26  25  24  23  22  21  20  19  18  17  16  15  14  13  12  11
[365]  10   9   8   7   6   5   4   3   2   1   0



===========  xgbTree  ============

An object of class "prediction"
Slot "predictions":
[[1]]
  [1] 5.547237e-01 9.466850e-01 9.141314e-01 3.715038e-02 3.153014e-02 9.235680e-02 2.090316e-01 7.995582e-02
  [9] 5.834103e-04 1.462698e-04 2.404529e-02 3.395987e-01 6.216055e-02 2.579266e-02 8.103875e-01 9.813738e-01
 [17] 2.074760e-02 5.365729e-03 3.358006e-03 3.088981e-02 5.015796e-02 1.815051e-02 6.246030e-03 2.148938e-02
 [25] 1.019624e-01 1.705885e-04 1.414812e-02 7.043600e-03 4.118282e-01 9.339988e-03 1.375611e-01 1.649123e-02
 [33] 8.259416e-04 8.768171e-02 4.668226e-01 9.912848e-04 7.918234e-01 7.752436e-02 5.933762e-03 1.182657e-02
 [41] 3.062733e-01 3.515754e-01 3.739038e-01 8.569902e-01 6.219923e-03 6.579757e-04 6.291270e-04 6.133087e-01
 [49] 5.014363e-01 3.902495e-03 5.500379e-01 1.777744e-02 1.257392e-01 4.575074e-03 6.335413e-02 4.734344e-01
 [57] 3.413192e-01 8.309579e-02 2.088606e-03 2.709031e-04 2.790630e-03 4.383922e-04 2.274883e-02 1.246122e-01
 [65] 1.523179e-02 2.903938e-03 3.885627e-04 9.517910e-01 2.075804e-01 8.773001e-01 3.978819e-02 6.136560e-01
 [73] 1.390283e-01 1.738256e-02 8.604055e-01 9.282458e-01 4.824108e-02 3.394449e-02 6.559193e-03 3.052491e-02
 [81] 2.182055e-02 6.932533e-02 6.420088e-02 1.371384e-03 7.013083e-04 8.654594e-05 3.758639e-02 4.158616e-04
 [89] 8.238145e-01 3.408790e-03 1.496493e-01 1.010239e-03 9.376174e-02 5.143350e-02 1.961808e-01 3.534442e-02
 [97] 3.898120e-02 3.628264e-01 1.201008e-01 6.267083e-02 2.918631e-02 7.997507e-02 8.827648e-01 1.272026e-01
[105] 1.824653e-02 1.909196e-03 9.316760e-02 2.577955e-02 8.850607e-01 7.885933e-03 6.055832e-04 1.065195e-03
[113] 3.893971e-04 4.733640e-02 1.517293e-01 1.651913e-02 8.615985e-01 3.978670e-03 7.110483e-01 8.373240e-01
[121] 9.221475e-01 8.678263e-01 5.426824e-03 5.107641e-03 3.660053e-02 9.552169e-01 4.266261e-01 1.874930e-02
[129] 2.736988e-01 4.440069e-03 7.998719e-01 8.150101e-03 1.110613e-01 3.457069e-04 1.039526e-01 2.801965e-01
[137] 6.862950e-01 5.119449e-02 9.647705e-01 6.572723e-03 4.510769e-01 2.622340e-01 4.902263e-01 7.590401e-02
[145] 1.958609e-03 4.632473e-04 7.283688e-05 7.413030e-04 2.383590e-04 9.477139e-05 8.447205e-01 7.658005e-03
[153] 6.321657e-02 6.483946e-01 8.717490e-01 1.703064e-01 3.952232e-01 5.384982e-03 7.075310e-03 5.993518e-01
[161] 1.521319e-02 2.401081e-01 1.279659e-01 3.954214e-02 6.832266e-01 2.129316e-03 5.167049e-02 7.804193e-01
[169] 1.583052e-02 5.750978e-01 9.581408e-01 9.811801e-02 1.461756e-02 1.991074e-01 1.857519e-03 6.565452e-04
[177] 1.330262e-02 3.131092e-03 1.542449e-02 3.864032e-02 5.130756e-02 4.736962e-01 6.767750e-02 4.038650e-02
[185] 2.717620e-02 3.788829e-03 1.836479e-03 1.728873e-01 1.915550e-02 8.859038e-04 4.636437e-02 2.994651e-01
[193] 1.027793e-02 4.624463e-01 3.150235e-01 9.517436e-01 1.077605e-01 4.342556e-03 2.307802e-01 5.917754e-01
[201] 1.698047e-02 5.728006e-04 4.810505e-01 9.274483e-05 3.302097e-04 4.870892e-04 7.843733e-03 6.117028e-02
[209] 1.218140e-03 9.051403e-01 2.566683e-02 9.704406e-01 4.060078e-02 9.323001e-03 3.198385e-04 3.786087e-04
[217] 1.260817e-03 2.066970e-03 7.648011e-01 4.153275e-02 1.540416e-02 1.928270e-03 3.131342e-02 3.261318e-01
[225] 7.035159e-01 4.683733e-03 1.201630e-04 3.087100e-01 8.862972e-03 4.218221e-04 1.893640e-03 1.192093e-04
[233] 3.173953e-02 5.079508e-04 2.794862e-04 4.263753e-02 2.759655e-01 5.881310e-02 1.819253e-03 9.197391e-01
[241] 4.111135e-02 9.490073e-03 5.778891e-02 6.628796e-01 1.436055e-03 5.928457e-03 8.438221e-01 3.379393e-02
[249] 8.922524e-01 1.002836e-02 1.680255e-02 8.879304e-04 1.216114e-03 1.191002e-02 2.315640e-04 8.175074e-01
[257] 2.129889e-02 1.931846e-03 4.616553e-02 2.021474e-02 1.164675e-04 9.813309e-04 9.965897e-05 9.871721e-04
[265] 2.818942e-03 1.632941e-02 1.268315e-02 3.375238e-02 1.490116e-04 1.000991e-01 1.085865e-02 1.117219e-01
[273] 6.197929e-03 2.691675e-01 1.114786e-03 1.028937e-02 3.560781e-04 9.658837e-01 1.320606e-01 9.395297e-01
[281] 9.076683e-01 3.313184e-02 7.278661e-01 4.044026e-01 9.186494e-01 8.096993e-03 8.112026e-01 5.607837e-02
[289] 4.608691e-02 6.635086e-01 6.740689e-02 9.538901e-01 1.902163e-03 4.586834e-02 2.863151e-01 9.184511e-01
[297] 3.337860e-04 2.953410e-04 1.743436e-04 2.108276e-03 1.139879e-03 5.458211e-01 1.766324e-03 6.056845e-03
[305] 1.714230e-04 2.726579e-02 9.128630e-03 2.217312e-01 9.858650e-02 2.113968e-02 2.410693e-01 3.311039e-01
[313] 3.793448e-02 3.140066e-01 6.298661e-03 5.153537e-03 1.130104e-04 4.273057e-04 2.263188e-04 9.447292e-01
[321] 2.915740e-02 6.689100e-01 9.447414e-02 1.194057e-01 2.036482e-02 3.511518e-02 1.087078e-01 4.373571e-01
[329] 4.749902e-01 7.730901e-03 1.292741e-02 6.611943e-03 2.655387e-04 7.501545e-01 9.561903e-01 7.340372e-03
[337] 1.666286e-01 7.589293e-02 2.855515e-02 1.205704e-01 3.729979e-01 1.151565e-01 5.018061e-02 8.237318e-01
[345] 2.217340e-02 1.958156e-02 3.870130e-04 1.437247e-03 3.278315e-03 2.546425e-01 2.426207e-03 1.678467e-04
[353] 1.049042e-04 1.957989e-02 3.451133e-02 1.192451e-03 6.148815e-04 1.391679e-02 7.097781e-03 3.350168e-02
[361] 1.356453e-02 3.423471e-01 2.188087e-04 1.786947e-03 1.473241e-01 9.086213e-01 4.906249e-02 1.782119e-03
[369] 3.951192e-04 9.322543e-01 1.512450e-02 8.873525e-01 9.553906e-01 4.182220e-02


Slot "labels":
[[1]]
  [1] False False True  False False False False False False False False False False False False True  False False
 [19] False False False False False False True  False False False False False False False False False True  False
 [37] True  False False False True  False False True  False False False True  False False False False False False
 [55] False True  False False False False False False False False False False False False False False False True 
 [73] False False False True  False False False False False False False False False False False False True  False
 [91] False False False False False False True  False False False False False True  False False False False False
[109] True  False False False False False False False True  False False False False False False False False False
[127] False False False False False False True  False False False False False False False False False False False
[145] False False False False False False True  False False False False False True  False False False False False
[163] False False False False False True  False False False False False False False False False False False False
[181] True  False False False False False False False True  False True  False False True  False False False False
[199] False True  False False True  False False False False False False True  False True  False False False False
[217] False False True  False False False False False True  False False False False False False False False False
[235] False False True  False False True  False False True  False False False True  False False False False False
[253] False True  False False False False True  False False False False False False False False False False False
[271] False False False True  False False False True  False False False False False False True  False False False
[289] False False False True  False False False True  False False False False False False False False False False
[307] False False False False False False False False False False False False False True  False False False False
[325] False False False False False False False False False False True  False False False False False False True 
[343] False False False True  False False False False False False False True  False False False False False False
[361] False True  False False True  False False False False True  False False True  False
Levels: False < True


Slot "cutoffs":
[[1]]
  [1]          Inf 9.813738e-01 9.704406e-01 9.658837e-01 9.647705e-01 9.581408e-01 9.561903e-01 9.553906e-01
  [9] 9.552169e-01 9.538901e-01 9.517910e-01 9.517436e-01 9.466850e-01 9.447292e-01 9.395297e-01 9.322543e-01
 [17] 9.282458e-01 9.221475e-01 9.197391e-01 9.186494e-01 9.184511e-01 9.141314e-01 9.086213e-01 9.076683e-01
 [25] 9.051403e-01 8.922524e-01 8.873525e-01 8.850607e-01 8.827648e-01 8.773001e-01 8.717490e-01 8.678263e-01
 [33] 8.615985e-01 8.604055e-01 8.569902e-01 8.447205e-01 8.438221e-01 8.373240e-01 8.238145e-01 8.237318e-01
 [41] 8.175074e-01 8.112026e-01 8.103875e-01 7.998719e-01 7.918234e-01 7.804193e-01 7.648011e-01 7.501545e-01
 [49] 7.278661e-01 7.110483e-01 7.035159e-01 6.862950e-01 6.832266e-01 6.689100e-01 6.635086e-01 6.628796e-01
 [57] 6.483946e-01 6.136560e-01 6.133087e-01 5.993518e-01 5.917754e-01 5.750978e-01 5.547237e-01 5.500379e-01
 [65] 5.458211e-01 5.014363e-01 4.902263e-01 4.810505e-01 4.749902e-01 4.736962e-01 4.734344e-01 4.668226e-01
 [73] 4.624463e-01 4.510769e-01 4.373571e-01 4.266261e-01 4.118282e-01 4.044026e-01 3.952232e-01 3.739038e-01
 [81] 3.729979e-01 3.628264e-01 3.515754e-01 3.423471e-01 3.413192e-01 3.395987e-01 3.311039e-01 3.261318e-01
 [89] 3.150235e-01 3.140066e-01 3.087100e-01 3.062733e-01 2.994651e-01 2.863151e-01 2.801965e-01 2.759655e-01
 [97] 2.736988e-01 2.691675e-01 2.622340e-01 2.546425e-01 2.410693e-01 2.401081e-01 2.307802e-01 2.217312e-01
[105] 2.090316e-01 2.075804e-01 1.991074e-01 1.961808e-01 1.728873e-01 1.703064e-01 1.666286e-01 1.517293e-01
[113] 1.496493e-01 1.473241e-01 1.390283e-01 1.375611e-01 1.320606e-01 1.279659e-01 1.272026e-01 1.257392e-01
[121] 1.246122e-01 1.205704e-01 1.201008e-01 1.194057e-01 1.151565e-01 1.117219e-01 1.110613e-01 1.087078e-01
[129] 1.077605e-01 1.039526e-01 1.019624e-01 1.000991e-01 9.858650e-02 9.811801e-02 9.447414e-02 9.376174e-02
[137] 9.316760e-02 9.235680e-02 8.768171e-02 8.309579e-02 7.997507e-02 7.995582e-02 7.752436e-02 7.590401e-02
[145] 7.589293e-02 6.932533e-02 6.767750e-02 6.740689e-02 6.420088e-02 6.335413e-02 6.321657e-02 6.267083e-02
[153] 6.216055e-02 6.117028e-02 5.881310e-02 5.778891e-02 5.607837e-02 5.167049e-02 5.143350e-02 5.130756e-02
[161] 5.119449e-02 5.018061e-02 5.015796e-02 4.906249e-02 4.824108e-02 4.733640e-02 4.636437e-02 4.616553e-02
[169] 4.608691e-02 4.586834e-02 4.263753e-02 4.182220e-02 4.153275e-02 4.111135e-02 4.060078e-02 4.038650e-02
[177] 3.978819e-02 3.954214e-02 3.898120e-02 3.864032e-02 3.793448e-02 3.758639e-02 3.715038e-02 3.660053e-02
[185] 3.534442e-02 3.511518e-02 3.451133e-02 3.394449e-02 3.379393e-02 3.375238e-02 3.350168e-02 3.313184e-02
[193] 3.173953e-02 3.153014e-02 3.131342e-02 3.088981e-02 3.052491e-02 2.918631e-02 2.915740e-02 2.855515e-02
[201] 2.726579e-02 2.717620e-02 2.579266e-02 2.577955e-02 2.566683e-02 2.404529e-02 2.274883e-02 2.217340e-02
[209] 2.182055e-02 2.148938e-02 2.129889e-02 2.113968e-02 2.074760e-02 2.036482e-02 2.021474e-02 1.958156e-02
[217] 1.957989e-02 1.915550e-02 1.874930e-02 1.824653e-02 1.815051e-02 1.777744e-02 1.738256e-02 1.698047e-02
[225] 1.680255e-02 1.651913e-02 1.649123e-02 1.632941e-02 1.583052e-02 1.542449e-02 1.540416e-02 1.523179e-02
[233] 1.521319e-02 1.512450e-02 1.461756e-02 1.414812e-02 1.391679e-02 1.356453e-02 1.330262e-02 1.292741e-02
[241] 1.268315e-02 1.191002e-02 1.182657e-02 1.085865e-02 1.028937e-02 1.027793e-02 1.002836e-02 9.490073e-03
[249] 9.339988e-03 9.323001e-03 9.128630e-03 8.862972e-03 8.150101e-03 8.096993e-03 7.885933e-03 7.843733e-03
[257] 7.730901e-03 7.658005e-03 7.340372e-03 7.097781e-03 7.075310e-03 7.043600e-03 6.611943e-03 6.572723e-03
[265] 6.559193e-03 6.298661e-03 6.246030e-03 6.219923e-03 6.197929e-03 6.056845e-03 5.933762e-03 5.928457e-03
[273] 5.426824e-03 5.384982e-03 5.365729e-03 5.153537e-03 5.107641e-03 4.683733e-03 4.575074e-03 4.440069e-03
[281] 4.342556e-03 3.978670e-03 3.902495e-03 3.788829e-03 3.408790e-03 3.358006e-03 3.278315e-03 3.131092e-03
[289] 2.903938e-03 2.818942e-03 2.790630e-03 2.426207e-03 2.129316e-03 2.108276e-03 2.088606e-03 2.066970e-03
[297] 1.958609e-03 1.931846e-03 1.928270e-03 1.909196e-03 1.902163e-03 1.893640e-03 1.857519e-03 1.836479e-03
[305] 1.819253e-03 1.786947e-03 1.782119e-03 1.766324e-03 1.437247e-03 1.436055e-03 1.371384e-03 1.260817e-03
[313] 1.218140e-03 1.216114e-03 1.192451e-03 1.139879e-03 1.114786e-03 1.065195e-03 1.010239e-03 9.912848e-04
[321] 9.871721e-04 9.813309e-04 8.879304e-04 8.859038e-04 8.259416e-04 7.413030e-04 7.013083e-04 6.579757e-04
[329] 6.565452e-04 6.291270e-04 6.148815e-04 6.055832e-04 5.834103e-04 5.728006e-04 5.079508e-04 4.870892e-04
[337] 4.632473e-04 4.383922e-04 4.273057e-04 4.218221e-04 4.158616e-04 3.951192e-04 3.893971e-04 3.885627e-04
[345] 3.870130e-04 3.786087e-04 3.560781e-04 3.457069e-04 3.337860e-04 3.302097e-04 3.198385e-04 2.953410e-04
[353] 2.794862e-04 2.709031e-04 2.655387e-04 2.383590e-04 2.315640e-04 2.263188e-04 2.188087e-04 1.743436e-04
[361] 1.714230e-04 1.705885e-04 1.678467e-04 1.490116e-04 1.462698e-04 1.201630e-04 1.192093e-04 1.164675e-04
[369] 1.130104e-04 1.049042e-04 9.965897e-05 9.477139e-05 9.274483e-05 8.654594e-05 7.283688e-05


Slot "fp":
[[1]]
  [1]   0   0   0   0   1   2   2   2   3   3   4   5   6   6   7   7   7   8   8   8   8   8   9  10  10  11  12  12
 [29]  12  13  14  15  15  16  16  16  16  17  17  18  19  20  21  22  22  22  22  23  24  25  25  26  27  28  29  30
 [57]  31  31  31  32  32  33  34  35  36  37  38  38  39  40  40  40  40  41  42  43  44  45  45  46  47  48  49  49
 [85]  50  51  52  53  54  55  56  56  57  58  59  59  60  60  61  62  63  64  65  66  67  68  69  70  71  72  73  74
[113]  75  75  76  77  78  79  80  81  82  83  84  85  85  86  86  87  88  89  89  90  91  92  93  94  95  96  97  98
[141]  99 100 101 102 103 104 105 106 107 108 109 110 111 112 113 113 114 115 116 116 117 118 119 120 121 122 122 122
[169] 123 124 125 126 127 128 129 130 131 132 132 133 134 135 136 137 138 139 140 141 142 143 144 145 146 147 148 149
[197] 150 151 152 153 154 155 156 157 158 159 160 161 162 163 164 165 166 167 168 168 168 168 169 170 171 172 173 174
[225] 175 176 177 178 179 180 181 182 183 184 185 186 187 188 189 190 191 191 192 193 194 195 196 197 198 199 200 201
[253] 202 203 204 205 206 207 208 209 210 211 212 213 214 215 216 217 218 219 220 221 222 223 224 225 226 227 228 229
[281] 230 231 232 233 234 235 236 237 238 239 240 241 242 243 244 245 246 247 248 249 250 251 252 253 254 255 256 257
[309] 258 259 260 261 262 263 264 265 266 267 268 269 270 271 272 273 274 275 276 277 278 279 280 281 282 283 284 285
[337] 286 287 288 289 290 291 292 293 294 295 296 297 298 299 300 301 302 303 304 305 306 307 308 309 310 311 312 313
[365] 314 315 316 317 318 319 320 321 322 323 324


Slot "tp":
[[1]]
  [1]  0  1  2  3  3  3  4  5  5  6  6  6  6  7  7  8  9  9 10 11 12 13 13 13 14 14 14 15 16 16 16 16 17 17 18 19 20
 [38] 20 21 21 21 21 21 21 22 23 24 24 24 24 25 25 25 25 25 25 25 26 27 27 28 28 28 28 28 28 28 29 29 29 30 31 32 32
 [75] 32 32 32 32 33 33 33 33 33 34 34 34 34 34 34 34 34 35 35 35 35 36 36 37 37 37 37 37 37 37 37 37 37 37 37 37 37
[112] 37 37 38 38 38 38 38 38 38 38 38 38 38 39 39 40 40 40 40 41 41 41 41 41 41 41 41 41 41 41 41 41 41 41 41 41 41
[149] 41 41 41 41 41 41 41 42 42 42 42 43 43 43 43 43 43 43 44 45 45 45 45 45 45 45 45 45 45 45 46 46 46 46 46 46 46
[186] 46 46 46 46 46 46 46 46 46 46 46 46 46 46 46 46 46 46 46 46 46 46 46 46 46 46 46 46 46 46 47 48 49 49 49 49 49
[223] 49 49 49 49 49 49 49 49 49 49 49 49 49 49 49 49 49 49 49 50 50 50 50 50 50 50 50 50 50 50 50 50 50 50 50 50 50
[260] 50 50 50 50 50 50 50 50 50 50 50 50 50 50 50 50 50 50 50 50 50 50 50 50 50 50 50 50 50 50 50 50 50 50 50 50 50
[297] 50 50 50 50 50 50 50 50 50 50 50 50 50 50 50 50 50 50 50 50 50 50 50 50 50 50 50 50 50 50 50 50 50 50 50 50 50
[334] 50 50 50 50 50 50 50 50 50 50 50 50 50 50 50 50 50 50 50 50 50 50 50 50 50 50 50 50 50 50 50 50 50 50 50 50 50
[371] 50 50 50 50 50


Slot "tn":
[[1]]
  [1] 324 324 324 324 323 322 322 322 321 321 320 319 318 318 317 317 317 316 316 316 316 316 315 314 314 313 312 312
 [29] 312 311 310 309 309 308 308 308 308 307 307 306 305 304 303 302 302 302 302 301 300 299 299 298 297 296 295 294
 [57] 293 293 293 292 292 291 290 289 288 287 286 286 285 284 284 284 284 283 282 281 280 279 279 278 277 276 275 275
 [85] 274 273 272 271 270 269 268 268 267 266 265 265 264 264 263 262 261 260 259 258 257 256 255 254 253 252 251 250
[113] 249 249 248 247 246 245 244 243 242 241 240 239 239 238 238 237 236 235 235 234 233 232 231 230 229 228 227 226
[141] 225 224 223 222 221 220 219 218 217 216 215 214 213 212 211 211 210 209 208 208 207 206 205 204 203 202 202 202
[169] 201 200 199 198 197 196 195 194 193 192 192 191 190 189 188 187 186 185 184 183 182 181 180 179 178 177 176 175
[197] 174 173 172 171 170 169 168 167 166 165 164 163 162 161 160 159 158 157 156 156 156 156 155 154 153 152 151 150
[225] 149 148 147 146 145 144 143 142 141 140 139 138 137 136 135 134 133 133 132 131 130 129 128 127 126 125 124 123
[253] 122 121 120 119 118 117 116 115 114 113 112 111 110 109 108 107 106 105 104 103 102 101 100  99  98  97  96  95
[281]  94  93  92  91  90  89  88  87  86  85  84  83  82  81  80  79  78  77  76  75  74  73  72  71  70  69  68  67
[309]  66  65  64  63  62  61  60  59  58  57  56  55  54  53  52  51  50  49  48  47  46  45  44  43  42  41  40  39
[337]  38  37  36  35  34  33  32  31  30  29  28  27  26  25  24  23  22  21  20  19  18  17  16  15  14  13  12  11
[365]  10   9   8   7   6   5   4   3   2   1   0


Slot "fn":
[[1]]
  [1] 50 49 48 47 47 47 46 45 45 44 44 44 44 43 43 42 41 41 40 39 38 37 37 37 36 36 36 35 34 34 34 34 33 33 32 31 30
 [38] 30 29 29 29 29 29 29 28 27 26 26 26 26 25 25 25 25 25 25 25 24 23 23 22 22 22 22 22 22 22 21 21 21 20 19 18 18
 [75] 18 18 18 18 17 17 17 17 17 16 16 16 16 16 16 16 16 15 15 15 15 14 14 13 13 13 13 13 13 13 13 13 13 13 13 13 13
[112] 13 13 12 12 12 12 12 12 12 12 12 12 12 11 11 10 10 10 10  9  9  9  9  9  9  9  9  9  9  9  9  9  9  9  9  9  9
[149]  9  9  9  9  9  9  9  8  8  8  8  7  7  7  7  7  7  7  6  5  5  5  5  5  5  5  5  5  5  5  4  4  4  4  4  4  4
[186]  4  4  4  4  4  4  4  4  4  4  4  4  4  4  4  4  4  4  4  4  4  4  4  4  4  4  4  4  4  4  3  2  1  1  1  1  1
[223]  1  1  1  1  1  1  1  1  1  1  1  1  1  1  1  1  1  1  1  0  0  0  0  0  0  0  0  0  0  0  0  0  0  0  0  0  0
[260]  0  0  0  0  0  0  0  0  0  0  0  0  0  0  0  0  0  0  0  0  0  0  0  0  0  0  0  0  0  0  0  0  0  0  0  0  0
[297]  0  0  0  0  0  0  0  0  0  0  0  0  0  0  0  0  0  0  0  0  0  0  0  0  0  0  0  0  0  0  0  0  0  0  0  0  0
[334]  0  0  0  0  0  0  0  0  0  0  0  0  0  0  0  0  0  0  0  0  0  0  0  0  0  0  0  0  0  0  0  0  0  0  0  0  0
[371]  0  0  0  0  0


Slot "n.pos":
[[1]]
[1] 50


Slot "n.neg":
[[1]]
[1] 324


Slot "n.pos.pred":
[[1]]
  [1]   0   1   2   3   4   5   6   7   8   9  10  11  12  13  14  15  16  17  18  19  20  21  22  23  24  25  26  27
 [29]  28  29  30  31  32  33  34  35  36  37  38  39  40  41  42  43  44  45  46  47  48  49  50  51  52  53  54  55
 [57]  56  57  58  59  60  61  62  63  64  65  66  67  68  69  70  71  72  73  74  75  76  77  78  79  80  81  82  83
 [85]  84  85  86  87  88  89  90  91  92  93  94  95  96  97  98  99 100 101 102 103 104 105 106 107 108 109 110 111
[113] 112 113 114 115 116 117 118 119 120 121 122 123 124 125 126 127 128 129 130 131 132 133 134 135 136 137 138 139
[141] 140 141 142 143 144 145 146 147 148 149 150 151 152 153 154 155 156 157 158 159 160 161 162 163 164 165 166 167
[169] 168 169 170 171 172 173 174 175 176 177 178 179 180 181 182 183 184 185 186 187 188 189 190 191 192 193 194 195
[197] 196 197 198 199 200 201 202 203 204 205 206 207 208 209 210 211 212 213 214 215 216 217 218 219 220 221 222 223
[225] 224 225 226 227 228 229 230 231 232 233 234 235 236 237 238 239 240 241 242 243 244 245 246 247 248 249 250 251
[253] 252 253 254 255 256 257 258 259 260 261 262 263 264 265 266 267 268 269 270 271 272 273 274 275 276 277 278 279
[281] 280 281 282 283 284 285 286 287 288 289 290 291 292 293 294 295 296 297 298 299 300 301 302 303 304 305 306 307
[309] 308 309 310 311 312 313 314 315 316 317 318 319 320 321 322 323 324 325 326 327 328 329 330 331 332 333 334 335
[337] 336 337 338 339 340 341 342 343 344 345 346 347 348 349 350 351 352 353 354 355 356 357 358 359 360 361 362 363
[365] 364 365 366 367 368 369 370 371 372 373 374


Slot "n.neg.pred":
[[1]]
  [1] 374 373 372 371 370 369 368 367 366 365 364 363 362 361 360 359 358 357 356 355 354 353 352 351 350 349 348 347
 [29] 346 345 344 343 342 341 340 339 338 337 336 335 334 333 332 331 330 329 328 327 326 325 324 323 322 321 320 319
 [57] 318 317 316 315 314 313 312 311 310 309 308 307 306 305 304 303 302 301 300 299 298 297 296 295 294 293 292 291
 [85] 290 289 288 287 286 285 284 283 282 281 280 279 278 277 276 275 274 273 272 271 270 269 268 267 266 265 264 263
[113] 262 261 260 259 258 257 256 255 254 253 252 251 250 249 248 247 246 245 244 243 242 241 240 239 238 237 236 235
[141] 234 233 232 231 230 229 228 227 226 225 224 223 222 221 220 219 218 217 216 215 214 213 212 211 210 209 208 207
[169] 206 205 204 203 202 201 200 199 198 197 196 195 194 193 192 191 190 189 188 187 186 185 184 183 182 181 180 179
[197] 178 177 176 175 174 173 172 171 170 169 168 167 166 165 164 163 162 161 160 159 158 157 156 155 154 153 152 151
[225] 150 149 148 147 146 145 144 143 142 141 140 139 138 137 136 135 134 133 132 131 130 129 128 127 126 125 124 123
[253] 122 121 120 119 118 117 116 115 114 113 112 111 110 109 108 107 106 105 104 103 102 101 100  99  98  97  96  95
[281]  94  93  92  91  90  89  88  87  86  85  84  83  82  81  80  79  78  77  76  75  74  73  72  71  70  69  68  67
[309]  66  65  64  63  62  61  60  59  58  57  56  55  54  53  52  51  50  49  48  47  46  45  44  43  42  41  40  39
[337]  38  37  36  35  34  33  32  31  30  29  28  27  26  25  24  23  22  21  20  19  18  17  16  15  14  13  12  11
[365]  10   9   8   7   6   5   4   3   2   1   0


