
===========  nb  ============

An object of class "prediction"
Slot "predictions":
[[1]]
  [1]  7.578115e-01  9.999632e-01  1.000000e+00  8.271139e-01  1.000000e+00  9.999993e-01  9.999999e-01  9.999950e-01  5.626817e-09
 [10]  3.306321e-11  2.519824e-04  1.000000e+00  1.000000e+00  7.350293e-01  1.000000e+00  8.939328e-01  1.000000e+00  9.999926e-01
 [19]  1.020282e-05  2.401193e-01  1.000000e+00  1.880533e-08  1.000000e+00  2.448286e-05  1.000000e+00  4.707480e-06  4.401143e-06
 [28]  1.812801e-08  5.363515e-05  9.885181e-01  1.000000e+00  1.000000e+00  1.000000e+00  2.964516e-05 6.547501e-232  2.499059e-15
 [37]  1.000000e+00  5.896475e-01  1.048914e-01  3.324947e-02  1.000000e+00  1.628420e-03  2.480860e-02 2.115635e-257  1.000000e+00
 [46]  9.732528e-01  2.762090e-04  2.417087e-01  1.000000e+00  1.000000e+00  1.000000e+00  1.929205e-04  1.000000e+00  8.579303e-08
 [55]  1.000000e+00  1.000000e+00  1.000000e+00  2.568633e-08  1.409262e-16  1.747533e-18  1.000000e+00  6.448834e-01  6.775469e-10
 [64]  2.345859e-08  1.000000e+00  7.593929e-05  1.340395e-05  9.826109e-01  1.000000e+00  1.000000e+00  1.000000e+00  1.000000e+00
 [73]  1.000000e+00  6.401991e-05  9.969166e-01  1.000000e+00  1.000000e+00  2.151513e-15  9.917919e-01  1.000000e+00  1.000000e+00
 [82]  1.000000e+00  1.000000e+00  1.266117e-16  2.848904e-14  1.720233e-23  9.994300e-01  5.023557e-03  1.097413e-04  6.555600e-01
 [91]  1.000000e+00  6.415473e-11  1.000000e+00  1.000000e+00  1.074428e-03 6.992533e-237 4.604337e-273 4.376225e-276  4.846518e-01
[100]  5.284650e-07  1.167250e-08  1.336771e-07 2.186386e-207  1.000000e+00  1.577488e-03  5.985527e-06  2.252665e-03  7.413627e-05
[109]  1.000000e+00  1.063049e-10  2.993893e-10  6.733665e-04  1.033493e-04  1.000000e+00  1.000000e+00  2.274945e-03  1.000000e+00
[118]  1.026521e-05  1.000000e+00 1.642356e-241  1.000000e+00  1.000000e+00  2.363805e-03  3.059442e-02  3.165584e-03  1.000000e+00
[127]  1.000000e+00  8.924890e-01  2.600735e-01  3.342702e-03  1.000000e+00  6.632928e-04  9.031432e-02  9.249401e-06  1.000000e+00
[136]  1.000000e+00 7.579847e-234  9.990971e-01  8.611446e-01  7.173158e-05  9.999948e-01  1.000000e+00 2.339669e-177  1.000000e+00
[145]  1.605436e-11  2.288634e-17  9.785766e-18  7.354377e-16  1.542581e-17  2.704704e-18  9.999992e-01  5.583433e-05  1.000000e+00
[154]  1.000000e+00  1.000000e+00  2.489502e-05  1.000000e+00  1.000000e+00  9.999997e-01 4.527222e-181  9.999991e-01  1.000000e+00
[163] 3.582933e-172  9.999991e-01  9.867273e-01  1.199426e-03  2.805457e-01  9.999438e-01  2.480214e-02  9.735619e-01  9.792403e-01
[172]  1.000000e+00  9.999567e-01  9.993858e-01  7.634989e-12  5.966189e-09  1.611538e-06  1.000000e+00  1.297590e-07  1.000000e+00
[181]  1.000000e+00  7.355073e-01  9.474458e-09  9.999999e-01  1.000000e+00  1.439464e-04  1.000000e+00  1.000000e+00  1.000000e+00
[190]  1.370772e-04  1.000000e+00  1.000000e+00  1.000000e+00  1.000000e+00  1.000000e+00  1.000000e+00  2.139103e-01  1.186811e-04
[199]  3.729382e-03  1.000000e+00  9.999996e-01  1.371456e-06  9.421947e-05  1.069260e-16  3.690968e-11  2.531234e-13  1.009827e-03
[208]  1.448909e-07  1.698389e-11  9.999973e-01  4.760204e-02  7.812399e-02  1.000000e+00  1.000000e+00  6.791896e-13  1.481810e-12
[217]  1.000000e+00  9.134849e-13  1.000000e+00  1.000000e+00  9.999953e-01  1.386603e-01  1.000000e+00  1.000000e+00  1.000000e+00
[226]  3.247171e-08  1.931132e-12  9.987513e-01  1.000000e+00  5.468063e-18  5.735998e-09  5.874973e-25  8.837216e-04  2.161443e-22
[235]  1.858395e-17  9.561077e-10  1.000000e+00  9.151980e-11  1.431508e-19  9.491766e-01  1.000000e+00  1.826640e-02  1.000000e+00
[244]  5.411574e-03  7.129967e-09  4.834929e-08 1.036896e-272  1.000000e+00  0.000000e+00  2.622027e-10  3.692421e-08  7.188310e-09
[253]  6.941389e-12  1.000000e+00  6.753793e-15  9.999952e-01  3.217159e-04  2.149637e-08  1.018517e-08  1.000000e+00  1.616013e-26
[262]  3.582340e-05  1.037906e-23  1.000000e+00 6.207743e-234  7.569774e-13  1.000000e+00  1.000000e+00  1.251142e-26  1.000000e+00
[271]  4.448159e-01  1.000000e+00  1.000000e+00 6.808666e-194  2.354263e-12  1.000000e+00  1.142054e-13  1.000000e+00  2.375532e-01
[280]  9.901204e-01  1.000000e+00  2.313145e-01  1.000000e+00  1.112180e-02 1.910597e-277  5.000123e-06  1.000000e+00  1.000000e+00
[289]  1.218711e-05  1.000000e+00  1.000000e+00  1.000000e+00  3.831410e-05  9.999941e-01  1.125590e-08  1.000000e+00  7.206943e-15
[298]  2.211799e-17  1.928602e-09  5.454073e-02  2.905612e-13  9.842385e-01  1.087153e-08  9.999843e-01  3.030564e-13  5.963705e-09
[307]  4.551578e-09  1.000000e+00  1.000000e+00  9.997768e-01  1.000000e+00 5.227812e-206  1.346007e-05  1.062932e-04  9.968195e-01
[316]  1.000000e+00  2.666959e-13  1.000000e+00  1.453887e-17  1.000000e+00  2.156876e-01 1.233705e-189  1.000000e+00  1.000000e+00
[325]  1.000000e+00  1.000000e+00  1.000000e+00 2.075513e-179  1.000000e+00  2.131417e-02  3.622835e-07  1.573637e-03  1.292918e-06
[334]  1.000000e+00  1.000000e+00  4.064677e-04  1.000000e+00  1.000000e+00  1.000000e+00  1.000000e+00  6.024421e-01  5.733812e-01
[343]  1.163667e-01  8.306313e-01  1.000000e+00  1.000000e+00  9.573369e-11  1.876193e-06  3.783873e-01  1.000000e+00  4.183700e-14
[352]  1.268237e-17  8.247597e-17  1.000000e+00  1.000000e+00  4.673091e-18  1.286793e-17  1.890827e-10  2.621181e-08  9.996460e-01
[361]  1.000000e+00 1.727755e-205  8.776078e-08  1.230540e-10 7.379025e-156 1.939244e-214  9.999999e-01  5.553469e-07  1.287880e-09
[370]  1.000000e+00  9.996915e-01  9.999992e-01  9.999995e-01  6.159049e-03


Slot "labels":
[[1]]
  [1] False False False False False False False True  False False False False False False False True  False False False False False False
 [23] False False True  False False False False False False False False False True  False False False True  False True  False False False
 [45] False True  False True  False False False False False False False True  False False False False False False False False False False
 [67] False False False False False True  False False False True  False False False False False False False False False False False False
 [89] False False True  False False False False True  False False False False False False True  False False False False False True  False
[111] False False False False False False True  False False False False False False False False False False False False False False False
[133] True  False False False False False False False False False False False False False False False False False True  False False False
[155] False False True  False False False False False False False False False False True  False False False False False True  False False
[177] False False False False False False False False False False False False True  False True  False False True  False False False False
[199] False True  False False True  False False False False False False True  False True  False False False False False False True  False
[221] False False False False False True  False False False False False False False False False False True  False False True  False False
[243] True  False False False True  False False False False False False True  False False False False False False False False False False
[265] False False False True  False False False False False True  False False False True  False False False False False False True  False
[287] False False False False False True  False False False True  False False False False False False False False False False False False
[309] False False False False False False False False False False False True  False False False False False False False False False False
[331] False False False False True  False False False False False False True  False False False True  False False False False False False
[353] False True  False False False False False False False True  False False False False True  False False True  False False True  False
Levels: False < True


Slot "cutoffs":
[[1]]
  [1]           Inf  1.000000e+00  1.000000e+00  1.000000e+00  1.000000e+00  1.000000e+00  1.000000e+00  1.000000e+00  1.000000e+00
 [10]  1.000000e+00  1.000000e+00  1.000000e+00  1.000000e+00  1.000000e+00  1.000000e+00  1.000000e+00  1.000000e+00  1.000000e+00
 [19]  1.000000e+00  1.000000e+00  1.000000e+00  1.000000e+00  1.000000e+00  1.000000e+00  1.000000e+00  1.000000e+00  1.000000e+00
 [28]  1.000000e+00  1.000000e+00  1.000000e+00  1.000000e+00  1.000000e+00  1.000000e+00  9.999999e-01  9.999999e-01  9.999999e-01
 [37]  9.999997e-01  9.999996e-01  9.999995e-01  9.999993e-01  9.999992e-01  9.999992e-01  9.999991e-01  9.999991e-01  9.999973e-01
 [46]  9.999953e-01  9.999952e-01  9.999950e-01  9.999948e-01  9.999941e-01  9.999926e-01  9.999843e-01  9.999632e-01  9.999567e-01
 [55]  9.999438e-01  9.997768e-01  9.996915e-01  9.996460e-01  9.994300e-01  9.993858e-01  9.990971e-01  9.987513e-01  9.969166e-01
 [64]  9.968195e-01  9.917919e-01  9.901204e-01  9.885181e-01  9.867273e-01  9.842385e-01  9.826109e-01  9.792403e-01  9.735619e-01
 [73]  9.732528e-01  9.491766e-01  8.939328e-01  8.924890e-01  8.611446e-01  8.306313e-01  8.271139e-01  7.578115e-01  7.355073e-01
 [82]  7.350293e-01  6.555600e-01  6.448834e-01  6.024421e-01  5.896475e-01  5.733812e-01  4.846518e-01  4.448159e-01  3.783873e-01
 [91]  2.805457e-01  2.600735e-01  2.417087e-01  2.401193e-01  2.375532e-01  2.313145e-01  2.156876e-01  2.139103e-01  1.386603e-01
[100]  1.163667e-01  1.048914e-01  9.031432e-02  7.812399e-02  5.454073e-02  4.760204e-02  3.324947e-02  3.059442e-02  2.480860e-02
[109]  2.480214e-02  2.131417e-02  1.826640e-02  1.112180e-02  6.159049e-03  5.411574e-03  5.023557e-03  3.729382e-03  3.342702e-03
[118]  3.165584e-03  2.363805e-03  2.274945e-03  2.252665e-03  1.628420e-03  1.577488e-03  1.573637e-03  1.199426e-03  1.074428e-03
[127]  1.009827e-03  8.837216e-04  6.733665e-04  6.632928e-04  4.064677e-04  3.217159e-04  2.762090e-04  2.519824e-04  1.929205e-04
[136]  1.439464e-04  1.370772e-04  1.186811e-04  1.097413e-04  1.062932e-04  1.033493e-04  9.421947e-05  7.593929e-05  7.413627e-05
[145]  7.173158e-05  6.401991e-05  5.583433e-05  5.363515e-05  3.831410e-05  3.582340e-05  2.964516e-05  2.489502e-05  2.448286e-05
[154]  1.346007e-05  1.340395e-05  1.218711e-05  1.026521e-05  1.020282e-05  9.249401e-06  5.985527e-06  5.000123e-06  4.707480e-06
[163]  4.401143e-06  1.876193e-06  1.611538e-06  1.371456e-06  1.292918e-06  5.553469e-07  5.284650e-07  3.622835e-07  1.448909e-07
[172]  1.336771e-07  1.297590e-07  8.776078e-08  8.579303e-08  4.834929e-08  3.692421e-08  3.247171e-08  2.621181e-08  2.568633e-08
[181]  2.345859e-08  2.149637e-08  1.880533e-08  1.812801e-08  1.167250e-08  1.125590e-08  1.087153e-08  1.018517e-08  9.474458e-09
[190]  7.188310e-09  7.129967e-09  5.966189e-09  5.963705e-09  5.735998e-09  5.626817e-09  4.551578e-09  1.928602e-09  1.287880e-09
[199]  9.561077e-10  6.775469e-10  2.993893e-10  2.622027e-10  1.890827e-10  1.230540e-10  1.063049e-10  9.573369e-11  9.151980e-11
[208]  6.415473e-11  3.690968e-11  3.306321e-11  1.698389e-11  1.605436e-11  7.634989e-12  6.941389e-12  2.354263e-12  1.931132e-12
[217]  1.481810e-12  9.134849e-13  7.569774e-13  6.791896e-13  3.030564e-13  2.905612e-13  2.666959e-13  2.531234e-13  1.142054e-13
[226]  4.183700e-14  2.848904e-14  7.206943e-15  6.753793e-15  2.499059e-15  2.151513e-15  7.354377e-16  1.409262e-16  1.266117e-16
[235]  1.069260e-16  8.247597e-17  2.288634e-17  2.211799e-17  1.858395e-17  1.542581e-17  1.453887e-17  1.286793e-17  1.268237e-17
[244]  9.785766e-18  5.468063e-18  4.673091e-18  2.704704e-18  1.747533e-18  1.431508e-19  2.161443e-22  1.720233e-23  1.037906e-23
[253]  5.874973e-25  1.616013e-26  1.251142e-26 7.379025e-156 3.582933e-172 2.339669e-177 2.075513e-179 4.527222e-181 1.233705e-189
[262] 6.808666e-194 1.727755e-205 5.227812e-206 2.186386e-207 1.939244e-214 6.547501e-232 7.579847e-234 6.207743e-234 6.992533e-237
[271] 1.642356e-241 2.115635e-257 1.036896e-272 4.604337e-273 4.376225e-276 1.910597e-277  0.000000e+00


Slot "fp":
[[1]]
  [1]   0  76  78  79  80  81  82  83  84  85  86  87  88  89  90  91  92  92  93  94  95  95  96  97  98  99  99 100 101 102 102 103 104
 [34] 105 105 106 107 108 108 109 109 110 111 112 112 113 114 114 115 116 117 118 119 120 120 121 122 123 124 124 125 126 127 128 129 130
 [67] 131 132 133 134 135 136 136 136 136 137 138 139 140 141 142 143 144 145 146 147 147 148 149 150 151 152 152 153 154 155 156 157 158
[100] 159 159 159 159 160 161 162 163 164 165 166 167 168 169 170 171 172 173 174 175 176 177 178 179 180 181 182 183 184 185 186 187 188
[133] 189 190 191 192 193 194 195 196 197 197 198 199 200 201 202 203 204 205 206 207 208 209 210 211 212 213 214 215 216 217 218 219 220
[166] 221 222 223 224 225 226 227 228 229 230 231 232 232 233 234 235 236 237 238 239 240 241 242 243 244 245 246 247 248 249 250 251 252
[199] 253 254 255 256 257 258 259 260 261 262 263 264 265 266 267 268 269 270 271 272 273 274 275 276 277 278 279 280 281 282 283 284 285
[232] 286 287 288 289 290 291 292 293 294 295 296 297 298 299 300 301 302 303 304 305 306 307 308 309 310 311 312 313 314 315 315 315 316
[265] 316 317 317 318 319 319 320 321 321 322 323 323 324


Slot "tp":
[[1]]
  [1]  0 22 22 22 22 22 22 22 22 22 22 22 22 22 22 22 22 23 23 23 23 24 24 24 24 24 25 25 25 25 26 26 26 26 27 27 27 27 28 28 29 29 29 29 30
 [46] 30 30 31 31 31 31 31 31 31 32 32 32 32 32 33 33 33 33 33 33 33 33 33 33 33 33 33 34 35 36 36 36 36 36 36 36 36 36 36 36 36 37 37 37 37
 [91] 37 37 38 38 38 38 38 38 38 38 39 40 41 41 41 41 41 41 41 41 41 41 41 41 41 41 41 41 41 41 41 41 41 41 41 41 41 41 41 41 41 41 41 41 41
[136] 41 41 41 41 41 41 42 42 42 42 42 42 42 42 42 42 42 42 42 42 42 42 42 42 42 42 42 42 42 42 42 42 42 42 42 42 42 42 42 42 42 42 43 43 43
[181] 43 43 43 43 43 43 43 43 43 43 43 43 43 43 43 43 43 43 43 43 43 43 43 43 43 43 43 43 43 43 43 43 43 43 43 43 43 43 43 43 43 43 43 43 43
[226] 43 43 43 43 43 43 43 43 43 43 43 43 43 43 43 43 43 43 43 43 43 43 43 43 43 43 43 43 43 43 43 43 43 43 43 43 44 45 45 46 46 47 47 47 48
[271] 48 48 49 49 49 50 50


Slot "tn":
[[1]]
  [1] 324 248 246 245 244 243 242 241 240 239 238 237 236 235 234 233 232 232 231 230 229 229 228 227 226 225 225 224 223 222 222 221 220
 [34] 219 219 218 217 216 216 215 215 214 213 212 212 211 210 210 209 208 207 206 205 204 204 203 202 201 200 200 199 198 197 196 195 194
 [67] 193 192 191 190 189 188 188 188 188 187 186 185 184 183 182 181 180 179 178 177 177 176 175 174 173 172 172 171 170 169 168 167 166
[100] 165 165 165 165 164 163 162 161 160 159 158 157 156 155 154 153 152 151 150 149 148 147 146 145 144 143 142 141 140 139 138 137 136
[133] 135 134 133 132 131 130 129 128 127 127 126 125 124 123 122 121 120 119 118 117 116 115 114 113 112 111 110 109 108 107 106 105 104
[166] 103 102 101 100  99  98  97  96  95  94  93  92  92  91  90  89  88  87  86  85  84  83  82  81  80  79  78  77  76  75  74  73  72
[199]  71  70  69  68  67  66  65  64  63  62  61  60  59  58  57  56  55  54  53  52  51  50  49  48  47  46  45  44  43  42  41  40  39
[232]  38  37  36  35  34  33  32  31  30  29  28  27  26  25  24  23  22  21  20  19  18  17  16  15  14  13  12  11  10   9   9   9   8
[265]   8   7   7   6   5   5   4   3   3   2   1   1   0


Slot "fn":
[[1]]
  [1] 50 28 28 28 28 28 28 28 28 28 28 28 28 28 28 28 28 27 27 27 27 26 26 26 26 26 25 25 25 25 24 24 24 24 23 23 23 23 22 22 21 21 21 21 20
 [46] 20 20 19 19 19 19 19 19 19 18 18 18 18 18 17 17 17 17 17 17 17 17 17 17 17 17 17 16 15 14 14 14 14 14 14 14 14 14 14 14 14 13 13 13 13
 [91] 13 13 12 12 12 12 12 12 12 12 11 10  9  9  9  9  9  9  9  9  9  9  9  9  9  9  9  9  9  9  9  9  9  9  9  9  9  9  9  9  9  9  9  9  9
[136]  9  9  9  9  9  9  8  8  8  8  8  8  8  8  8  8  8  8  8  8  8  8  8  8  8  8  8  8  8  8  8  8  8  8  8  8  8  8  8  8  8  8  7  7  7
[181]  7  7  7  7  7  7  7  7  7  7  7  7  7  7  7  7  7  7  7  7  7  7  7  7  7  7  7  7  7  7  7  7  7  7  7  7  7  7  7  7  7  7  7  7  7
[226]  7  7  7  7  7  7  7  7  7  7  7  7  7  7  7  7  7  7  7  7  7  7  7  7  7  7  7  7  7  7  7  7  7  7  7  7  6  5  5  4  4  3  3  3  2
[271]  2  2  1  1  1  0  0


Slot "n.pos":
[[1]]
[1] 50


Slot "n.neg":
[[1]]
[1] 324


Slot "n.pos.pred":
[[1]]
  [1]   0  98 100 101 102 103 104 105 106 107 108 109 110 111 112 113 114 115 116 117 118 119 120 121 122 123 124 125 126 127 128 129 130
 [34] 131 132 133 134 135 136 137 138 139 140 141 142 143 144 145 146 147 148 149 150 151 152 153 154 155 156 157 158 159 160 161 162 163
 [67] 164 165 166 167 168 169 170 171 172 173 174 175 176 177 178 179 180 181 182 183 184 185 186 187 188 189 190 191 192 193 194 195 196
[100] 197 198 199 200 201 202 203 204 205 206 207 208 209 210 211 212 213 214 215 216 217 218 219 220 221 222 223 224 225 226 227 228 229
[133] 230 231 232 233 234 235 236 237 238 239 240 241 242 243 244 245 246 247 248 249 250 251 252 253 254 255 256 257 258 259 260 261 262
[166] 263 264 265 266 267 268 269 270 271 272 273 274 275 276 277 278 279 280 281 282 283 284 285 286 287 288 289 290 291 292 293 294 295
[199] 296 297 298 299 300 301 302 303 304 305 306 307 308 309 310 311 312 313 314 315 316 317 318 319 320 321 322 323 324 325 326 327 328
[232] 329 330 331 332 333 334 335 336 337 338 339 340 341 342 343 344 345 346 347 348 349 350 351 352 353 354 355 356 357 358 359 360 361
[265] 362 363 364 365 366 367 368 369 370 371 372 373 374


Slot "n.neg.pred":
[[1]]
  [1] 374 276 274 273 272 271 270 269 268 267 266 265 264 263 262 261 260 259 258 257 256 255 254 253 252 251 250 249 248 247 246 245 244
 [34] 243 242 241 240 239 238 237 236 235 234 233 232 231 230 229 228 227 226 225 224 223 222 221 220 219 218 217 216 215 214 213 212 211
 [67] 210 209 208 207 206 205 204 203 202 201 200 199 198 197 196 195 194 193 192 191 190 189 188 187 186 185 184 183 182 181 180 179 178
[100] 177 176 175 174 173 172 171 170 169 168 167 166 165 164 163 162 161 160 159 158 157 156 155 154 153 152 151 150 149 148 147 146 145
[133] 144 143 142 141 140 139 138 137 136 135 134 133 132 131 130 129 128 127 126 125 124 123 122 121 120 119 118 117 116 115 114 113 112
[166] 111 110 109 108 107 106 105 104 103 102 101 100  99  98  97  96  95  94  93  92  91  90  89  88  87  86  85  84  83  82  81  80  79
[199]  78  77  76  75  74  73  72  71  70  69  68  67  66  65  64  63  62  61  60  59  58  57  56  55  54  53  52  51  50  49  48  47  46
[232]  45  44  43  42  41  40  39  38  37  36  35  34  33  32  31  30  29  28  27  26  25  24  23  22  21  20  19  18  17  16  15  14  13
[265]  12  11  10   9   8   7   6   5   4   3   2   1   0



===========  rf  ============

An object of class "prediction"
Slot "predictions":
[[1]]
  [1] 0.502 0.462 0.124 0.098 0.192 0.144 0.124 0.174 0.082 0.062 0.062 0.176 0.150 0.094 0.500 0.126 0.168 0.134 0.096 0.126 0.110 0.096
 [23] 0.080 0.160 0.086 0.102 0.110 0.142 0.074 0.102 0.144 0.114 0.094 0.126 0.098 0.074 0.136 0.128 0.116 0.142 0.142 0.116 0.172 0.144
 [45] 0.158 0.132 0.112 0.164 0.136 0.130 0.168 0.096 0.118 0.082 0.136 0.210 0.176 0.112 0.066 0.064 0.098 0.108 0.086 0.116 0.122 0.128
 [67] 0.094 0.228 0.152 0.526 0.192 0.156 0.176 0.094 0.614 0.220 0.132 0.092 0.108 0.102 0.120 0.104 0.108 0.092 0.110 0.076 0.134 0.130
 [89] 0.140 0.098 0.160 0.064 0.126 0.134 0.138 0.148 0.136 0.224 0.186 0.158 0.162 0.108 0.168 0.216 0.106 0.092 0.096 0.104 0.136 0.082
[111] 0.076 0.138 0.122 0.140 0.146 0.082 0.150 0.110 0.540 0.540 0.510 0.182 0.072 0.130 0.062 0.116 0.142 0.124 0.122 0.064 0.148 0.078
[133] 0.118 0.078 0.126 0.156 0.144 0.112 0.142 0.068 0.126 0.128 0.160 0.096 0.124 0.080 0.092 0.098 0.086 0.076 0.156 0.118 0.130 0.166
[155] 0.536 0.102 0.128 0.150 0.138 0.212 0.110 0.286 0.232 0.178 0.200 0.080 0.100 0.154 0.092 0.390 0.192 0.146 0.112 0.100 0.058 0.104
[177] 0.136 0.108 0.102 0.146 0.068 0.390 0.090 0.102 0.128 0.084 0.130 0.128 0.074 0.162 0.140 0.134 0.120 0.132 0.162 0.150 0.120 0.072
[199] 0.102 0.126 0.134 0.082 0.122 0.052 0.066 0.110 0.140 0.118 0.114 0.148 0.110 0.148 0.126 0.112 0.078 0.088 0.118 0.078 0.154 0.200
[221] 0.122 0.104 0.120 0.122 0.096 0.086 0.068 0.114 0.062 0.104 0.072 0.076 0.110 0.076 0.086 0.084 0.078 0.124 0.100 0.224 0.158 0.098
[243] 0.174 0.118 0.086 0.032 0.134 0.108 0.144 0.090 0.120 0.100 0.092 0.106 0.058 0.532 0.140 0.104 0.136 0.106 0.074 0.104 0.106 0.082
[265] 0.084 0.116 0.116 0.108 0.078 0.116 0.138 0.174 0.122 0.110 0.068 0.110 0.074 0.168 0.100 0.588 0.190 0.092 0.426 0.388 0.224 0.122
[287] 0.146 0.170 0.080 0.472 0.158 0.170 0.078 0.124 0.094 0.138 0.078 0.054 0.096 0.080 0.076 0.142 0.086 0.134 0.062 0.100 0.074 0.136
[309] 0.140 0.166 0.108 0.094 0.104 0.120 0.136 0.086 0.080 0.120 0.074 0.226 0.078 0.138 0.120 0.076 0.170 0.126 0.122 0.114 0.144 0.132
[331] 0.074 0.128 0.100 0.138 0.116 0.058 0.142 0.126 0.116 0.144 0.450 0.136 0.114 0.196 0.132 0.152 0.078 0.108 0.106 0.100 0.106 0.034
[353] 0.080 0.108 0.096 0.026 0.056 0.074 0.094 0.134 0.106 0.082 0.108 0.124 0.138 0.136 0.140 0.072 0.090 0.216 0.116 0.520 0.136 0.094


Slot "labels":
[[1]]
  [1] False False False False False False False True  False False False False False False False True  False False False False False False
 [23] False False True  False False False False False False False False False True  False False False True  False True  False False False
 [45] False True  False True  False False False False False False False True  False False False False False False False False False False
 [67] False False False False False True  False False False True  False False False False False False False False False False False False
 [89] False False True  False False False False True  False False False False False False True  False False False False False True  False
[111] False False False False False False True  False False False False False False False False False False False False False False False
[133] True  False False False False False False False False False False False False False False False False False True  False False False
[155] False False True  False False False False False False False False False False True  False False False False False True  False False
[177] False False False False False False False False False False False False True  False True  False False True  False False False False
[199] False True  False False True  False False False False False False True  False True  False False False False False False True  False
[221] False False False False False True  False False False False False False False False False False True  False False True  False False
[243] True  False False False True  False False False False False False True  False False False False False False False False False False
[265] False False False True  False False False False False True  False False False True  False False False False False False True  False
[287] False False False False False True  False False False True  False False False False False False False False False False False False
[309] False False False False False False False False False False False True  False False False False False False False False False False
[331] False False False False True  False False False False False False True  False False False True  False False False False False False
[353] False True  False False False False False False False True  False False False False True  False False True  False False True  False
Levels: False < True


Slot "cutoffs":
[[1]]
 [1]   Inf 0.614 0.588 0.540 0.536 0.532 0.526 0.520 0.510 0.502 0.500 0.472 0.462 0.450 0.426 0.390 0.388 0.286 0.232 0.228 0.226 0.224
[23] 0.220 0.216 0.212 0.210 0.200 0.196 0.192 0.190 0.186 0.182 0.178 0.176 0.174 0.172 0.170 0.168 0.166 0.164 0.162 0.160 0.158 0.156
[45] 0.154 0.152 0.150 0.148 0.146 0.144 0.142 0.140 0.138 0.136 0.134 0.132 0.130 0.128 0.126 0.124 0.122 0.120 0.118 0.116 0.114 0.112
[67] 0.110 0.108 0.106 0.104 0.102 0.100 0.098 0.096 0.094 0.092 0.090 0.088 0.086 0.084 0.082 0.080 0.078 0.076 0.074 0.072 0.068 0.066
[89] 0.064 0.062 0.058 0.056 0.054 0.052 0.034 0.032 0.026


Slot "fp":
[[1]]
 [1]   0   1   2   4   5   6   7   8   9  10  11  12  13  14  15  17  18  19  20  21  21  22  22  23  24  24  26  27  30  31  32  33  34  37
[35]  38  39  41  43  45  45  48  50  54  55  55  56  59  60  64  71  77  82  89  98 105 108 113 119 127 134 142 150 155 163 168 173 182 191
[69] 197 205 212 219 224 232 240 247 250 251 257 260 266 273 282 289 297 301 305 307 310 315 318 319 320 321 322 323 324


Slot "tp":
[[1]]
 [1]  0  0  0  0  0  0  0  0  0  0  0  0  0  0  0  0  0  0  0  0  1  3  4  5  5  6  6  6  6  6  6  6  6  6  8  8  9 11 11 12 12 13 13 15 17
[46] 18 19 22 22 22 23 25 26 29 30 32 32 33 35 35 36 36 37 39 39 39 40 42 43 43 43 44 45 45 45 45 45 45 47 47 48 48 49 49 50 50 50 50 50 50
[91] 50 50 50 50 50 50 50


Slot "tn":
[[1]]
 [1] 324 323 322 320 319 318 317 316 315 314 313 312 311 310 309 307 306 305 304 303 303 302 302 301 300 300 298 297 294 293 292 291 290 287
[35] 286 285 283 281 279 279 276 274 270 269 269 268 265 264 260 253 247 242 235 226 219 216 211 205 197 190 182 174 169 161 156 151 142 133
[69] 127 119 112 105 100  92  84  77  74  73  67  64  58  51  42  35  27  23  19  17  14   9   6   5   4   3   2   1   0


Slot "fn":
[[1]]
 [1] 50 50 50 50 50 50 50 50 50 50 50 50 50 50 50 50 50 50 50 50 49 47 46 45 45 44 44 44 44 44 44 44 44 44 42 42 41 39 39 38 38 37 37 35 33
[46] 32 31 28 28 28 27 25 24 21 20 18 18 17 15 15 14 14 13 11 11 11 10  8  7  7  7  6  5  5  5  5  5  5  3  3  2  2  1  1  0  0  0  0  0  0
[91]  0  0  0  0  0  0  0


Slot "n.pos":
[[1]]
[1] 50


Slot "n.neg":
[[1]]
[1] 324


Slot "n.pos.pred":
[[1]]
 [1]   0   1   2   4   5   6   7   8   9  10  11  12  13  14  15  17  18  19  20  21  22  25  26  28  29  30  32  33  36  37  38  39  40  43
[35]  46  47  50  54  56  57  60  63  67  70  72  74  78  82  86  93 100 107 115 127 135 140 145 152 162 169 178 186 192 202 207 212 222 233
[69] 240 248 255 263 269 277 285 292 295 296 304 307 314 321 331 338 347 351 355 357 360 365 368 369 370 371 372 373 374


Slot "n.neg.pred":
[[1]]
 [1] 374 373 372 370 369 368 367 366 365 364 363 362 361 360 359 357 356 355 354 353 352 349 348 346 345 344 342 341 338 337 336 335 334 331
[35] 328 327 324 320 318 317 314 311 307 304 302 300 296 292 288 281 274 267 259 247 239 234 229 222 212 205 196 188 182 172 167 162 152 141
[69] 134 126 119 111 105  97  89  82  79  78  70  67  60  53  43  36  27  23  19  17  14   9   6   5   4   3   2   1   0


