
===========  gbm  ============

   [1]     1     2     6     7    11    13    14    15    24    26    30    31    32    33    35    36    37    38    40
  [20]    41    42    44    45    50    51    52    54    57    62    63    64    65    66    68    69    70    71    74
  [39]    75    76    78    79    80    83    91    98   100   101   103   104   105   106   107   109   110   112   113
  [58]   115   116   118   119   120   125   126   127   129   130   131   134   136   137   139   140   142   143   144
  [77]   148   150   152   153   156   161   163   164   165   169   171   173   174   178   179   180   181   182   190
  [96]   191   193   195   199   202   204   206   207   211   212   213   215   216   218   219   221   222   223   224
 [115]   226   227   228   230   241   243   246   249   250   252   253   256   257   259   260   261   266   267   268
 [134]   270   271   273   274   275   276   283   286   287   293   296   297   298   299   301   309   310   311   312
 [153]   319   322   323   325   327   329   331   333   335   336   337   339   342   344   345   352   356   357   359
 [172]   361   363   364   366   367   371   372   374   375   376   378   383   384   385   389   390   395   398   400
 [191]   401   403   404   406   407   408   418   419   421   423   424   425   426   428   430   431   432   433   434
 [210]   435   438   443   452   462   463   464   467   475   477   479   481   483   484   491   492   499   501   506
 [229]   507   512   514   518   521   522   526   531   533   536   538   540   541   542   543   544   545   546   549
 [248]   552   553   561   562   563   568   570   574   577   581   585   588   590   591   592   593   606   607   609
 [267]   612   613   618   621   625   626   627   630   633   634   641   642   643   645   646   656   658   659   663
 [286]   666   667   671   673   674   678   680   689   690   691   696   698   703   705   707   710   711   713   719
 [305]   721   724   726   727   730   732   733   734   736   738   739   742   743   754   760   762   764   768   771
 [324]   782   785   786   792   793   795   797   801   803   805   806   809   812   815   816   822   828   829   832
 [343]   833   834   861   863   864   866   869   870   871   872   874   878   887   889   895   901   902   909   912
 [362]   918   919   920   930   932   934   936   937   939   940   943   950   952   954   955   958   961   963   965
 [381]   973   974   982   983  1012  1014  1015  1020  1022  1026  1029  1046  1050  1070  1076  1079  1081  1097  1108
 [400]  1116  1123  1126  1137  1150  1159  1165  1169  1170  1171  1174  1176  1182  1184  1187  1202  1203  1204  1212
 [419]  1214  1218  1219  1220  1224  1229  1233  1239  1241  1243  1248  1249  1252  1258  1261  1266  1277  1288  1295
 [438]  1314  1331  1336  1348  1352  1355  1357  1361  1364  1369  1377  1381  1397  1404  1405  1416  1417  1420  1422
 [457]  1423  1427  1429  1430  1432  1467  1468  1470  1476  1477  1481  1486  1502  1509  1510  1518  1529  1536  1538
 [476]  1542  1547  1561  1566  1572  1590  1596  1601  1607  1610  1612  1614  1617  1619  1632  1642  1645  1654  1656
 [495]  1662  1672  1693  1708  1713  1714  1719  1740  1749  1752  1753  1755  1761  1763  1771  1785  1790  1796  1797
 [514]  1801  1802  1804  1819  1820  1823  1831  1854  1855  1858  1869  1872  1873  1887  1905  1909  1912  1923  1924
 [533]  1934  1940  1986  1989  1993  2001  2002  2008  2012  2013  2015  2019  2027  2037  2045  2049  2056  2064  2079
 [552]  2080  2095  2122  2125  2127  2135  2142  2145  2148  2150  2166  2176  2178  2179  2180  2185  2187  2194  2195
 [571]  2197  2201  2209  2210  2230  2246  2257  2260  2263  2267  2273  2275  2278  2281  2298  2300  2307  2318  2323
 [590]  2334  2345  2352  2361  2387  2396  2413  2418  2428  2434  2437  2441  2445  2467  2479  2480  2481  2483  2493
 [609]  2498  2500  2511  2515  2524  2540  2545  2548  2558  2566  2568  2571  2572  2575  2591  2597  2609  2611  2627
 [628]  2639  2643  2672  2675  2690  2699  2703  2710  2725  2754  2767  2772  2805  2806  2815  2849  2853  2854  2872
 [647]  2878  2892  2899  2911  2921  2965  2972  2984  3001  3003  3010  3011  3016  3017  3020  3047  3059  3075  3111
 [666]  3134  3138  3162  3166  3178  3188  3196  3223  3224  3232  3234  3243  3253  3254  3260  3261  3314  3373  3427
 [685]  3441  3450  3452  3495  3504  3531  3544  3556  3561  3569  3588  3596  3597  3601  3630  3650  3665  3667  3671
 [704]  3692  3695  3696  3723  3748  3769  3806  3823  3833  3841  3851  3895  3917  3926  3931  3940  3945  3976  3982
 [723]  4002  4011  4023  4048  4060  4061  4084  4103  4112  4125  4128  4145  4149  4171  4178  4179  4191  4193  4217
 [742]  4259  4301  4315  4326  4329  4341  4344  4360  4377  4379  4389  4403  4415  4419  4445  4453  4459  4460  4487
 [761]  4504  4506  4542  4552  4587  4589  4591  4612  4627  4697  4700  4709  4712  4714  4720  4722  4745  4768  4771
 [780]  4775  4819  4822  4841  4856  4864  4908  4914  4935  4936  4944  4946  4950  4981  4986  5003  5005  5006  5009
 [799]  5015  5031  5034  5084  5105  5130  5134  5144  5152  5162  5169  5182  5190  5228  5251  5257  5262  5302  5316
 [818]  5333  5338  5340  5342  5377  5387  5391  5399  5410  5413  5416  5431  5462  5476  5480  5499  5502  5508  5531
 [837]  5535  5542  5572  5590  5599  5620  5632  5642  5671  5688  5699  5765  5778  5795  5826  5833  5846  5879  5907
 [856]  5909  5920  5922  5932  5975  5976  5995  6004  6051  6077  6097  6104  6109  6114  6140  6147  6169  6183  6203
 [875]  6206  6244  6251  6253  6257  6258  6279  6312  6320  6321  6322  6326  6339  6366  6377  6378  6381  6424  6450
 [894]  6456  6481  6523  6531  6533  6536  6542  6576  6594  6649  6682  6724  6728  6732  6780  6784  6792  6798  6815
 [913]  6833  6846  6850  6894  6901  6902  6904  6910  6926  6930  6980  6993  7007  7008  7024  7034  7063  7082  7116
 [932]  7177  7183  7185  7189  7194  7216  7219  7230  7264  7268  7269  7285  7330  7340  7353  7367  7370  7455  7462
 [951]  7475  7496  7572  7603  7606  7616  7624  7633  7682  7684  7695  7764  7768  7771  7773  7806  7821  7826  7847
 [970]  7848  7849  7850  7852  7859  7861  7862  7863  7865  7866  7867  7868  7871  7872  7873  7876  7880  7881  7883
 [989]  7885  7886  7889  7892  7893  7895  7898  7906  7908  7911  7912  7913  7915  7916  7919  7920  7922  7933  7935
[1008]  7936  7937  7941  7943  7947  7948  7950  7951  7955  7956  7961  7963  7967  7968  7969  7970  7978  7980  7986
[1027]  7990  7991  7992  7993  7994  7995  7996  7999  8000  8002  8003  8007  8013  8017  8020  8021  8026  8027  8029
[1046]  8030  8031  8033  8034  8035  8038  8040  8043  8053  8054  8055  8058  8059  8063  8064  8065  8066  8067  8068
[1065]  8070  8077  8078  8080  8081  8087  8088  8089  8091  8092  8095  8099  8101  8102  8110  8114  8115  8117  8118
[1084]  8121  8124  8125  8126  8129  8133  8134  8135  8136  8137  8138  8139  8140  8141  8143  8144  8147  8151  8152
[1103]  8153  8156  8161  8162  8164  8166  8169  8170  8172  8174  8175  8176  8179  8180  8181  8185  8188  8189  8190
[1122]  8191  8194  8195  8222  8224  8226  8227  8229  8231  8235  8238  8242  8246  8248  8251  8256  8258  8260  8271
[1141]  8279  8283  8284  8285  8286  8290  8291  8292  8293  8296  8300  8306  8320  8321  8322  8325  8328  8329  8332
[1160]  8333  8334  8337  8338  8341  8348  8349  8350  8354  8355  8356  8359  8367  8371  8380  8386  8389  8390  8393
[1179]  8395  8396  8397  8401  8402  8408  8409  8417  8418  8419  8420  8421  8423  8431  8435  8443  8446  8449  8456
[1198]  8458  8459  8462  8463  8464  8465  8469  8470  8474  8476  8481  8482  8489  8492  8493  8494  8495  8503  8504
[1217]  8510  8513  8519  8521  8524  8529  8531  8534  8535  8536  8537  8539  8543  8544  8545  8549  8551  8558  8563
[1236]  8566  8570  8575  8580  8582  8585  8597  8608  8609  8610  8615  8617  8620  8626  8627  8631  8635  8641  8645
[1255]  8657  8660  8661  8662  8676  8685  8686  8688  8689  8693  8694  8696  8698  8704  8706  8707  8709  8710  8715
[1274]  8717  8718  8723  8728  8731  8754  8755  8756  8757  8764  8765  8773  8775  8781  8787  8789  8790  8794  8795
[1293]  8802  8804  8812  8813  8821  8826  8831  8834  8836  8837  8838  8839  8852  8856  8862  8872  8875  8879  8883
[1312]  8886  8889  8892  8895  8899  8901  8903  8905  8914  8923  8924  8927  8935  8941  8945  8953  8956  8957  8964
[1331]  8965  8967  8971  8976  8992  9008  9012  9018  9031  9035  9037  9040  9051  9052  9053  9055  9057  9062  9063
[1350]  9064  9075  9112  9113  9116  9123  9126  9130  9133  9135  9147  9154  9159  9160  9165  9167  9174  9180  9189
[1369]  9190  9197  9199  9202  9215  9232  9235  9238  9248  9273  9300  9313  9322  9323  9325  9327  9328  9341  9347
[1388]  9351  9353  9355  9366  9379  9381  9390  9399  9401  9405  9419  9420  9423  9425  9427  9435  9444  9446  9457
[1407]  9462  9463  9467  9469  9480  9481  9486  9489  9494  9495  9496  9507  9513  9520  9532  9535  9542  9557  9562
[1426]  9564  9579  9591  9601  9602  9610  9614  9620  9623  9624  9630  9631  9635  9638  9644  9645  9646  9654  9659
[1445]  9666  9668  9669  9670  9671  9679  9687  9689  9695  9698  9710  9715  9741  9743  9751  9758  9760  9765  9782
[1464]  9783  9788  9790  9794  9806  9838  9843  9864  9867  9868  9873  9877  9886  9892  9899  9904  9907  9909  9912
[1483]  9924  9926  9933  9940  9971  9984  9994 10000 10001 10013 10016 10039 10044 10045 10048 10050 10052 10055 10062
[1502] 10084 10096 10112 10114 10135 10141 10144 10145 10149 10162 10169 10172 10182 10190 10192 10196 10199 10208 10229
[1521] 10230 10233 10249 10251 10253 10254 10277 10278 10290 10296 10297 10299 10301 10308 10310 10312 10315 10331 10332
[1540] 10333 10337 10345 10350 10395 10398 10407 10409 10410 10423 10424 10449 10496 10500 10501 10547 10549 10554 10555
[1559] 10560 10567 10580 10619 10629 10676 10682 10696 10699 10712 10722 10762 10766 10779 10782 10794 10852 10872 10894
[1578] 10932 10940 10946 10979 10982 10988 10997 11016 11018 11020 11041 11065 11073 11079 11080 11093 11106 11138 11143
[1597] 11166 11169 11178 11189 11193 11198 11203 11204 11222 11234 11235 11239 11243 11255 11260 11265 11269 11275 11284
[1616] 11306 11312 11352 11361 11383 11432 11443 11447 11456 11466 11470 11475 11482 11494 11497 11505 11507 11571 11572
[1635] 11583 11591 11596 11621 11640 11669 11718 11721 11723 11726 11729 11730 11736 11753 11757 11761 11774 11781 11792
[1654] 11814 11815 11867 11869 11929 11964 11965 11967 11984 11997 12002 12004 12038 12047 12050 12053 12063 12078 12096
[1673] 12110 12166 12174 12180 12217 12219 12228 12248 12291 12300 12304 12315 12401 12411 12467 12513 12531 12561 12584
[1692] 12614 12640 12644 12669 12674 12678 12679 12681 12700 12708 12735 12740 12744 12746 12786 12809 12815 12862 12883
[1711] 12889 12915 12916 12920 12945 12950 12954 12967 12968 12972 12976 12977 12985 12995 13021 13031 13032 13047 13058
[1730] 13061 13081 13094 13105 13129 13138 13147 13152 13186 13195 13199 13219 13251 13274 13286 13288 13298 13299 13300
[1749] 13310 13341 13344 13345 13354 13367 13382 13406 13427 13444 13484 13526 13542 13543 13596 13601 13638 13679 13724
[1768] 13851 13852 13883 13888 13908 13914 13926 13937 13960 13967 13969 13973 13981 13988 13991 14027 14028 14032 14046
[1787] 14063 14068 14081 14083 14096 14100 14132 14133 14142 14257 14261 14262 14265 14279 14295 14308 14311 14320 14324
[1806] 14341 14343 14348 14353 14374 14398 14404 14410 14421 14429 14439 14497 14506 14530 14536 14544 14551 14554 14587
[1825] 14590 14595 14608 14645 14669 14673 14682 14689 14695 14711 14751 14757 14776 14780 14787 14814 14829 14837 14859
[1844] 14862 14888 14901 14928 14942 14955 15022 15048 15104 15108 15136 15139 15159 15161 15170 15183 15191 15199 15212
[1863] 15215 15231 15236 15239 15240 15261 15282 15295 15304 15361 15370 15384 15390 15407 15419 15427 15467 15475 15504
[1882] 15506 15529 15535 15544 15606 15626 15629 15654 15674 15690 15691 15693 15694 15697 15698 15699 15700 15701 15706
[1901] 15707 15708 15709 15710 15712 15714 15716 15717 15720 15727 15728 15729 15733 15734 15735 15737 15741 15743 15744
[1920] 15745 15747 15751 15752 15753 15754 15759 15761 15762 15763 15764 15777 15778 15779 15780 15784 15786 15788 15795
[1939] 15796 15798 15799 15800 15802 15810 15811 15812 15814 15815 15820 15821 15823 15829 15830 15832 15833 15834 15837
[1958] 15838 15839 15840 15841 15842 15843 15845 15846 15847 15848 15849 15852 15853 15855 15857 15858 15859 15860 15861
[1977] 15864 15866 15867 15881 15882 15883 15886 15890 15893 15901 15904 15908 15910 15911 15912 15913 15914 15915 15916
[1996] 15917 15927 15928 15929 15930 15932 15933 15934 15935 15939 15941 15942 15943 15947 15948 15951 15953 15954 15955
[2015] 15958 15959 15965 15967 15968 15970 15973 15974 15977 15982 15983 15984 15987 15988 15989 15990 15992 15993 15994
[2034] 15999 16000 16006 16008 16010 16012 16014 16015 16031 16032 16033 16037 16038 16040 16041 16043 16044 16045 16046
[2053] 16047 16050 16052 16055 16056 16060 16061 16065 16066 16067 16071 16077 16079 16081 16082 16086 16087 16088 16090
[2072] 16091 16093 16103 16106 16108 16110 16117 16118 16120 16121 16124 16125 16127 16131 16133 16134 16135 16141 16142
[2091] 16143 16146 16147 16149 16150 16153 16154 16155 16161 16162 16163 16176 16177 16179 16180 16181 16187 16189 16198
[2110] 16199 16202 16207 16208 16211 16214 16217 16218 16219 16227 16229 16231 16239 16240 16241 16244 16255 16259 16271
[2129] 16275 16280 16281 16282 16287 16290 16301 16302 16304 16308 16314 16316 16317 16321 16322 16323 16325 16327 16332
[2148] 16335 16338 16340 16341 16343 16352 16354 16357 16358 16364 16365 16368 16376 16377 16386 16391 16393 16394 16395
[2167] 16403 16405 16417 16418 16423 16426 16428 16431 16432 16433 16439 16441 16444 16445 16446 16451 16452 16454 16455
[2186] 16459 16462 16463 16464 16469 16470 16475 16476 16479 16481 16485 16486 16489 16491 16498 16499 16501 16502 16513
[2205] 16514 16523 16524 16525 16531 16532 16535 16539 16552 16553 16556 16559 16560 16561 16562 16563 16566 16567 16568
[2224] 16569 16572 16573 16580 16582 16585 16596 16598 16602 16608 16612 16619 16620 16623 16628 16632 16633 16636 16641
[2243] 16643 16652 16657 16668 16677 16678 16685 16688 16693 16694 16701 16704 16705 16713 16717 16718 16735 16737 16741
[2262] 16748 16749 16753 16756 16760 16773 16776 16778 16780 16783 16785 16788 16792 16794 16811 16816 16821 16829 16841
[2281] 16843 16852 16857 16865 16877 16878 16883 16885 16887 16891 16894 16897 16907 16909 16915 16927 16928 16931 16935
[2300] 16937 16938 16947 16963 16973 16995 17004 17011 17018 17019 17024 17038 17040 17044 17051 17052 17054 17062 17066
[2319] 17075 17078 17079 17087 17101 17104 17117 17136 17144 17145 17158 17162 17163 17179 17186 17196 17215 17216 17227
[2338] 17232 17247 17249 17252 17260 17263 17273 17276 17287 17289 17292 17299 17301 17306 17310 17314 17316 17328 17339
[2357] 17344 17358 17360 17361 17388 17389 17392 17397 17398 17399 17404 17405 17433 17434 17440 17443 17452 17457 17466
[2376] 17467 17477 17478 17484 17485 17487 17494 17496 17498 17502 17503 17505 17506 17510 17513 17516 17523 17524 17525
[2395] 17534 17543 17547 17548 17552 17556 17560 17564 17574 17579 17580 17581 17585 17592 17609 17611 17613 17617 17622
[2414] 17640 17676 17681 17696 17697 17745 17767 17771 17773 17822 17827 17828 17832 17845 17846 17850 17852 17863 17865
[2433] 17872 17876 17890 17891 17909 17917 17923 17949 17950 17958 17978 17984 17995 18002 18013 18015 18021 18023 18024
[2452] 18027 18029 18034 18055 18056 18057 18061 18063 18073 18076 18095 18099 18106 18109 18114 18117 18139 18158 18163
[2471] 18185 18200 18203 18207 18209 18273 18293 18298 18299 18330 18337 18338 18340 18353 18354 18362 18367 18376 18385
[2490] 18402 18405 18409 18411 18430 18431 18437 18444 18449 18454 18461 18464 18469 18471 18485 18487 18512 18520 18532
[2509] 18543 18544 18563 18569 18583 18592 18632 18664 18709 18715 18736 18742 18744 18748 18765 18800 18807 18811 18816
[2528] 18839 18841 18850 18855 18882 18884 18894 18895 18909 18915 18930 18941 18942 18948 18952 18965 18966 19010 19050
[2547] 19052 19053 19068 19089 19137 19138 19141 19150 19179 19195 19214 19216 19219 19241 19266 19280 19293 19307 19391
[2566] 19402 19403 19428 19437 19455 19480 19491 19503 19505 19531 19559 19597 19601 19627 19647 19683 19701 19702 19711
[2585] 19718 19719 19720 19724 19737 19764 19769 19776 19781 19784 19796 19813 19872 19884 19893 19903 19905 20017 20020
[2604] 20037 20050 20058 20060 20074 20080 20093 20100 20131 20160 20238 20264 20265 20292 20300 20317 20353 20357 20362
[2623] 20370 20419 20424 20426 20457 20464 20472 20501 20513 20554 20561 20566 20577 20591 20596 20609 20613 20628 20661
[2642] 20679 20686 20703 20709 20713 20727 20732 20735 20739 20757 20765 20770 20789 20800 20814 20821 20825 20827 20864
[2661] 20910 20952 20966 20971 20990 20994 21013 21019 21041 21080 21084 21103 21106 21115 21144 21148 21149 21172 21212
[2680] 21218 21236 21271 21273 21275 21288 21305 21312 21333 21358 21387 21411 21472 21479 21488 21541 21582 21624 21628
[2699] 21640 21649 21714 21720 21740 21745 21752 21758 21759 21769 21776 21792 21797 21821 21850 21858 21863 21877 21882
[2718] 21890 21892 21894 21904 21909 21938 21939 21955 21985 22001 22011 22014 22026 22036 22043 22051 22085 22102 22134
[2737] 22142 22155 22158 22168 22170 22182 22192 22208 22223 22240 22254 22284 22310 22312 22316 22317 22362 22368 22379
[2756] 22386 22454 22480 22490 22545 22546 22550 22570 22636 22644 22645 22656 22670 22687 22691 22694 22696 22697 22722
[2775] 22730 22734 22739 22745 22749 22766 22796 22801 22806 22858 22861 22867 22885 22894 22920 22943 23010 23016 23017
[2794] 23033 23059 23086 23129 23147 23174 23196 23197 23222 23227 23301 23320 23339 23394 23402 23413 23425 23432 23448
[2813] 23449 23461 23463 23464 23465 23467 23469 23472 23482 23483 23484 23485 23486 23487 23488 23490 23494 23495 23496
[2832] 23497 23500 23503 23504 23505 23506 23512 23513 23517 23518 23519 23521 23523 23524 23526 23527 23532 23533 23535
[2851] 23538 23541 23545 23552 23554 23555 23556 23557 23558 23560 23561 23562 23563 23567 23568 23570 23571 23575 23576
[2870] 23577 23578 23579 23580 23582 23583 23584 23588 23589 23591 23593 23595 23598 23599 23601 23602 23606 23608 23610
[2889] 23611 23612 23619 23620 23626 23627 23628 23629 23632 23634 23637 23640 23642 23644 23650 23651 23655 23656 23657
[2908] 23659 23661 23662 23665 23666 23667 23668 23669 23670 23671 23676 23677 23678 23681 23686 23688 23689 23691 23692
[2927] 23693 23695 23697 23698 23701 23703 23704 23707 23713 23715 23717 23718 23719 23720 23721 23722 23728 23733 23734
[2946] 23735 23736 23738 23742 23745 23747 23748 23749 23750 23753 23755 23760 23761 23762 23763 23765 23767 23770 23771
[2965] 23772 23775 23780 23787 23789 23792 23793 23794 23795 23796 23797 23799 23800 23801 23802 23803 23804 23807 23813
[2984] 23814 23815 23817 23820 23827 23830 23832 23835 23837 23838 23845 23853 23854 23856 23866 23870 23872 23881 23882
[3003] 23895 23896 23897 23900 23911 23918 23927 23930 23931 23933 23934 23936 23938 23940 23944 23946 23947 23949 23953
[3022] 23954 23956 23958 23960 23962 23966 23971 23974 23985 23986 23988 23990 23995 23996 24003 24004 24006 24020 24022
[3041] 24023 24035 24039 24040 24047 24057 24070 24072 24082 24088 24090 24097 24098 24099 24105 24113 24124 24128 24130
[3060] 24131 24142 24143 24146 24147 24149 24150 24155 24163 24165 24166 24167 24169 24170 24171 24173 24177 24183 24184
[3079] 24186 24188 24193 24194 24195 24200 24231 24232 24234 24235 24243 24246 24249 24252 24258 24260 24262 24265 24267
[3098] 24272 24276 24277 24279 24282 24288 24293 24294 24295 24296 24306 24307 24309 24311 24335 24340 24344 24347 24348
[3117] 24351 24354 24355 24362 24364 24368 24370 24373 24381 24382 24383 24398 24399 24413 24414 24415 24423 24424 24427
[3136] 24434 24440 24442 24444 24445 24458 24461 24463 24464 24465 24475 24476 24479 24480 24482 24483 24485 24486 24495
[3155] 24504 24514 24515 24520 24522 24525 24530 24541 24542 24543 24546 24559 24562 24564 24584 24588 24589 24601 24603
[3174] 24604 24625 24629 24630 24641 24652 24657 24659 24660 24669 24677 24681 24684 24686 24688 24689 24698 24700 24702
[3193] 24715 24721 24722 24726 24728 24729 24732 24739 24743 24745 24754 24755 24761 24762 24775 24776 24806 24809 24810
[3212] 24814 24815 24826 24827 24838 24840 24842 24845 24853 24855 24875 24886 24890 24893 24895 24898 24900 24905 24922
[3231] 24927 24928 24946 24950 24957 24962 24963 24968 24971 24977 24980 24991 25001 25036 25037 25040 25042 25049 25053
[3250] 25058 25066 25070 25071 25076 25077 25085 25086 25092 25098 25102 25103 25106 25107 25109 25111 25113 25130 25132
[3269] 25133 25134 25140 25180 25186 25202 25208 25211 25224 25226 25229 25231 25236 25256 25259 25265 25283 25291 25294
[3288] 25296 25311 25313 25314 25318 25325 25335 25346 25348 25349 25355 25357 25378 25383 25385 25432 25451 25465 25475
[3307] 25487 25489 25490 25491 25519 25537 25538 25549 25564 25570 25585 25588 25591 25605 25610 25622 25655 25664 25673
[3326] 25678 25679 25690 25698 25712 25713 25730 25735 25739 25753 25754 25755 25758 25760 25761 25785 25810 25821 25827
[3345] 25832 25834 25839 25849 25866 25878 25897 25911 25912 25917 25923 25933 25946 25947 25953 25985 25990 26026 26031
[3364] 26039 26049 26052 26060 26070 26079 26113 26117 26127 26132 26134 26140 26148 26159 26166 26173 26189 26191 26199
[3383] 26213 26220 26225 26226 26263 26281 26308 26309 26311 26326 26340 26345 26383 26418 26446 26483 26501 26529 26598
[3402] 26610 26621 26627 26632 26633 26638 26656 26658 26659 26660 26663 26695 26702 26710 26713 26716 26725 26770 26789
[3421] 26799 26807 26814 26815 26823 26842 26843 26845 26850 26871 26875 26919 26935 26939 26952 26963 26965 26970 26978
[3440] 26987 26997 27001 27028 27033 27058 27059 27060 27083 27093 27130 27138 27156 27179 27187 27200 27205 27211 27241
[3459] 27251 27260 27277 27295 27302 27318 27324 27332 27342 27367 27373 27374 27378 27379 27418 27479 27485 27492 27528
[3478] 27541 27549 27565 27576 27587 27603 27620 27643 27645 27673 27679 27680 27694 27738 27753 27760 27767 27774 27782
[3497] 27785 27786 27811 27819 27825 27830 27834 27835 27841 27843 27852 27893 27912 27929 27955 28012 28038 28044 28048
[3516] 28050 28067 28081 28082 28093 28120 28127 28146 28173 28243 28245 28257 28258 28259 28262 28269 28329 28338 28401
[3535] 28444 28449 28460 28487 28500 28506 28515 28517 28523 28536 28543 28555 28571 28584 28612 28643 28647 28657 28668
[3554] 28679 28722 28740 28765 28772 28820 28851 28863 28874 28912 28920 28923 28935 28938 28942 28950 28953 28967 28968
[3573] 28989 28994 28996 29003 29004 29042 29058 29060 29075 29077 29101 29114 29121 29185 29199 29205 29264 29274 29278
[3592] 29282 29283 29307 29324 29328 29353 29354 29371 29406 29415 29427 29454 29464 29469 29487 29489 29502 29505 29556
[3611] 29560 29565 29573 29577 29590 29598 29609 29624 29644 29650 29706 29712 29730 29751 29788 29819 29827 29846 29851
[3630] 29853 29858 29864 29888 29895 29906 29967 29988 29991 29997 30008 30021 30030 30031 30059 30061 30077 30140 30177
[3649] 30197 30253 30311 30313 30318 30341 30347 30362 30406 30422 30429 30450 30452 30457 30459 30485 30486 30487 30520
[3668] 30527 30579 30595 30641 30659 30674 30695 30698 30742 30752 30774 30778 30781 30866 30868 30869 30876 30913 30920
[3687] 30923 30927 30937 30940 30954 30979 31047 31052 31060 31080 31085 31094 31132 31157 31168 31176 31182 31190 31201
[3706] 31242 31277 31289 31304 31312 31325 31337 31338 31339 31341 31345 31346 31352 31353 31354 31355 31356 31358 31360
[3725] 31363 31367 31370 31375 31376 31377 31378 31384 31389 31392 31393 31395 31396 31397 31398 31399 31400 31402 31403
[3744] 31404 31406 31408 31409 31410 31411 31414 31415 31416 31418 31419 31426 31427 31428 31432 31436 31437 31442 31443
[3763] 31444 31446 31447 31449 31451 31454 31455 31458 31459 31461 31462 31465 31466 31467 31469 31470 31473 31476 31479
[3782] 31486 31488 31489 31490 31493 31495 31496 31499 31501 31503 31504 31505 31506 31511 31513 31514 31519 31520 31521
[3801] 31522 31525 31529 31530 31533 31536 31537 31539 31540 31541 31544 31548 31549 31550 31555 31557 31558 31559 31560
[3820] 31561 31562 31563 31566 31568 31569 31571 31576 31578 31579 31580 31581 31582 31586 31592 31596 31597 31599 31600
[3839] 31601 31602 31604 31606 31614 31616 31617 31618 31620 31621 31625 31626 31627 31633 31636 31637 31638 31643 31651
[3858] 31658 31663 31664 31665 31666 31670 31672 31674 31675 31678 31679 31684 31685 31687 31688 31696 31698 31699 31700
[3877] 31701 31706 31707 31708 31715 31718 31719 31721 31722 31724 31725 31727 31728 31732 31734 31736 31740 31741 31742
[3896] 31743 31744 31745 31750 31760 31764 31771 31772 31773 31775 31778 31782 31785 31787 31789 31790 31791 31797 31798
[3915] 31802 31808 31809 31810 31811 31821 31826 31827 31831 31838 31839 31841 31849 31850 31851 31853 31855 31856 31858
[3934] 31860 31861 31863 31864 31865 31866 31869 31874 31875 31876 31878 31886 31887 31895 31897 31899 31901 31902 31903
[3953] 31904 31909 31910 31911 31916 31918 31920 31925 31937 31938 31939 31942 31943 31944 31949 31954 31957 31958 31959
[3972] 31963 31965 31969 31975 31976 31981 31986 31990 31993 31999 32003 32009 32021 32027 32028 32032 32033 32034 32036
[3991] 32037 32038 32039 32048 32051 32063 32065 32067 32076 32077 32079 32103 32104 32110 32116 32117 32120 32121 32131
[4010] 32134 32135 32136 32141 32143 32149 32155 32159 32160 32163 32164 32174 32178 32182 32185 32188 32194 32199 32201
[4029] 32203 32205 32206 32207 32208 32209 32211 32218 32219 32223 32229 32231 32232 32238 32245 32246 32248 32258 32264
[4048] 32266 32289 32292 32293 32296 32301 32303 32304 32306 32310 32311 32317 32327 32328 32329 32331 32333 32336 32340
[4067] 32341 32350 32357 32364 32366 32368 32373 32381 32382 32389 32393 32401 32406 32408 32409 32411 32438 32456 32459
[4086] 32460 32467 32497 32498 32500 32513 32522 32530 32532 32533 32549 32555 32556 32557 32560 32570 32581 32589 32595
[4105] 32601 32605 32623 32636 32648 32653 32658 32661 32672 32692 32695 32698 32704 32705 32709 32726 32744 32749 32753
[4124] 32771 32782 32785 32786 32788 32833 32835 32836 32843 32848 32858 32867 32869 32870 32871 32885 32887 32890 32898
[4143] 32909 32912 32915 32918 32926 32936 32937 32941 32954 32961 32990 32992 32994 33001 33004 33005 33019 33024 33032
[4162] 33052 33058 33062 33065 33071 33073 33087 33089 33095 33106 33149 33150 33152 33155 33164 33167 33169 33175 33189
[4181] 33210 33213 33218 33223 33225 33229 33230 33233 33250 33261 33262 33266 33275 33280 33289 33298 33313 33318 33323
[4200] 33334 33336 33337 33341 33351 33365 33388 33389 33397 33402 33405 33407 33410 33411 33434 33437 33485 33493 33494
[4219] 33513 33520 33543 33550 33560 33567 33568 33598 33605 33613 33634 33654 33660 33670 33707 33715 33728 33733 33741
[4238] 33751 33752 33756 33758 33801 33804 33814 33841 33859 33865 33866 33896 33913 33931 33940 33982 33986 33999 34006
[4257] 34023 34024 34057 34063 34109 34132 34161 34246 34292 34304 34327 34336 34378 34383 34396 34407 34427 34460 34462
[4276] 34482 34488 34493 34505 34521 34531 34543 34548 34553 34554 34562 34616 34618 34625 34658 34666 34668 34674 34677
[4295] 34686 34713 34719 34725 34729 34738 34754 34763 34777 34780 34782 34784 34791 34804 34805 34817 34830 34833 34876
[4314] 34881 34911 34918 34920 34923 34937 34940 34947 34950 34951 35014 35053 35072 35087 35113 35114 35118 35127 35128
[4333] 35150 35160 35185 35197 35211 35258 35274 35275 35286 35297 35318 35330 35335 35360 35362 35367 35391 35438 35486
[4352] 35511 35516 35518 35519 35530 35554 35566 35582 35587 35592 35616 35642 35647 35648 35658 35693 35735 35748 35768
[4371] 35783 35787 35799 35813 35832 35844 35856 35871 35891 35909 35917 35918 35926 35937 35939 35977 36004 36024 36028
[4390] 36032 36052 36073 36086 36097 36128 36153 36159 36168 36171 36182 36189 36199 36201 36257 36274 36277 36278 36291
[4409] 36329 36376 36397 36402 36406 36441 36471 36483 36495 36496 36499 36506 36512 36541 36548 36573 36600 36605 36606
[4428] 36626 36682 36695 36714 36774 36806 36830 36841 36848 36857 36868 36878 36886 36897 36941 36977 36995 37016 37029
[4447] 37032 37048 37053 37061 37122 37128 37135 37144 37146 37168 37220 37221 37251 37253 37259 37272 37290 37291 37299
[4466] 37321 37376 37397 37398 37402 37427 37437 37441 37477 37481 37489 37512 37526 37549 37571 37582 37617 37633 37678
[4485] 37680 37698 37767 37780 37806 37813 37832 37844 37859 37863 37880 37886 37921 37944 37976 37997 37998 38026 38028
[4504] 38030 38031 38050 38052 38055 38086 38094 38105 38124 38133 38149 38151 38156 38178 38183 38184 38215 38222 38240
[4523] 38258 38280 38288 38289 38307 38310 38332 38344 38390 38430 38448 38453 38471 38492 38536 38537 38561 38566 38570
[4542] 38572 38583 38593 38623 38637 38656 38662 38686 38690 38726 38731 38739 38753 38757 38759 38772 38800 38807 38813
[4561] 38882 38891 38896 38905 38944 38967 38996 39015 39027 39030 39031 39041 39048 39059 39074 39076 39123 39134 39135
[4580] 39147 39176 39184 39198 39214 39224 39256 39258 39276 39277 39297 39306 39310 39311 39313 39314 39318 39319 39321
[4599] 39325 39328 39330 39334 39335 39336 39337 39339 39340 39341 39342 39347 39348 39350 39351 39353 39354 39355 39356
[4618] 39357 39358 39359 39361 39363 39364 39365 39367 39368 39369 39370 39371 39375 39376 39377 39378 39383 39384 39385
[4637] 39390 39391 39393 39394 39395 39397 39398 39400 39401 39402 39405 39407 39415 39416 39418 39419 39420 39421 39424
[4656] 39425 39428 39429 39431 39432 39435 39438 39439 39445 39446 39447 39449 39450 39451 39453 39455 39458 39459 39460
[4675] 39461 39462 39463 39464 39465 39469 39470 39471 39472 39479 39481 39482 39485 39486 39487 39490 39492 39493 39494
[4694] 39495 39496 39497 39498 39499 39504 39507 39508 39509 39510 39513 39514 39518 39520 39521 39522 39524 39526 39528
[4713] 39529 39533 39535 39538 39539 39543 39544 39549 39551 39552 39553 39556 39557 39558 39559 39569 39570 39574 39575
[4732] 39597 39598 39599 39601 39603 39604 39605 39606 39607 39608 39609 39610 39616 39618 39620 39621 39622 39623 39625
[4751] 39629 39632 39637 39640 39643 39644 39646 39647 39654 39662 39663 39665 39666 39667 39672 39673 39676 39679 39686
[4770] 39687 39688 39691 39693 39695 39697 39702 39705 39708 39709 39712 39719 39721 39722 39723 39727 39729 39731 39732
[4789] 39733 39736 39738 39739 39740 39743 39749 39751 39759 39769 39779 39782 39785 39792 39793 39795 39798 39800 39807
[4808] 39808 39809 39815 39820 39823 39828 39829 39830 39836 39838 39841 39842 39845 39855 39863 39867 39870 39871 39872
[4827] 39873 39877 39879 39880 39881 39890 39892 39894 39898 39899 39900 39911 39912 39919 39926 39927 39936 39944 39945
[4846] 39946 39952 39953 39954 39962 39963 39965 39968 39969 39973 39974 39975 39980 39982 39984 39995 39996 40011 40014
[4865] 40030 40031 40044 40046 40049 40051 40054 40059 40062 40063 40065 40066 40067 40068 40069 40071 40073 40078 40083
[4884] 40095 40106 40107 40110 40111 40114 40115 40116 40118 40120 40125 40126 40127 40129 40134 40136 40138 40141 40144
[4903] 40148 40156 40160 40166 40168 40171 40176 40180 40182 40187 40190 40191 40197 40202 40204 40207 40212 40216 40219
[4922] 40220 40221 40222 40231 40232 40234 40236 40247 40250 40254 40255 40258 40263 40264 40266 40283 40287 40290 40291
[4941] 40293 40294 40301 40305 40319 40321 40327 40331 40336 40337 40339 40340 40344 40346 40350 40359 40366 40368 40377
[4960] 40378 40379 40381 40383 40389 40393 40394 40400 40406 40410 40411 40413 40419 40421 40422 40424 40425 40428 40429
[4979] 40432 40436 40437 40441 40443 40464 40466 40467 40468 40471 40476 40481 40484 40487 40489 40492 40498 40504 40510
[4998] 40519 40524 40541 40545 40547 40550 40560 40563 40568 40569 40570 40571 40583 40588 40589 40591 40592 40593 40596
[5017] 40600 40601 40605 40606 40607 40614 40619 40630 40634 40639 40657 40658 40666 40670 40671 40687 40688 40689 40691
[5036] 40708 40713 40715 40730 40756 40757 40761 40767 40771 40773 40777 40782 40783 40788 40793 40798 40801 40806 40818
[5055] 40821 40839 40840 40841 40846 40850 40855 40857 40861 40865 40868 40869 40870 40883 40884 40890 40894 40897 40899
[5074] 40907 40918 40919 40921 40923 40956 40957 40960 40965 40967 40975 40997 41004 41008 41012 41017 41032 41036 41043
[5093] 41046 41055 41080 41082 41107 41115 41121 41128 41132 41133 41138 41142 41143 41163 41164 41186 41196 41204 41213
[5112] 41222 41228 41238 41242 41254 41258 41269 41271 41272 41283 41287 41291 41292 41293 41299 41304 41308 41316 41318
[5131] 41321 41324 41327 41333 41339 41341 41346 41358 41363 41371 41386 41390 41391 41404 41424 41426 41429 41430 41439
[5150] 41461 41482 41486 41490 41497 41505 41531 41534 41544 41545 41563 41571 41574 41591 41605 41681 41701 41705 41708
[5169] 41712 41717 41756 41788 41797 41800 41807 41813 41814 41829 41839 41840 41841 41844 41861 41868 41880 41881 41891
[5188] 41921 41927 41941 41946 41947 41949 41964 41967 41978 41995 42008 42029 42043 42055 42057 42064 42113 42132 42153
[5207] 42175 42181 42210 42222 42300 42313 42330 42335 42367 42372 42375 42376 42394 42401 42416 42427 42430 42455 42458
[5226] 42468 42478 42479 42480 42499 42501 42502 42504 42512 42513 42516 42552 42578 42599 42604 42613 42616 42637 42650
[5245] 42661 42667 42673 42682 42683 42747 42756 42768 42771 42794 42798 42813 42831 42840 42842 42844 42857 42867 42877
[5264] 42885 42900 42912 42925 42933 42935 42949 42952 42953 42955 42991 43005 43028 43031 43049 43052 43068 43093 43104
[5283] 43152 43161 43170 43176 43197 43209 43232 43285 43287 43290 43292 43293 43295 43313 43333 43345 43353 43366 43400
[5302] 43402 43407 43433 43434 43452 43466 43481 43482 43502 43505 43521 43562 43565 43567 43619 43622 43652 43701 43705
[5321] 43725 43733 43744 43798 43809 43861 43881 43910 43941 43942 43971 43976 43999 44003 44030 44060 44067 44112 44124
[5340] 44126 44131 44153 44186 44224 44246 44264 44266 44272 44278 44286 44297 44300 44340 44344 44348 44439 44454 44466
[5359] 44470 44471 44481 44482 44487 44502 44512 44513 44516 44517 44546 44549 44556 44565 44580 44599 44600 44628 44647
[5378] 44651 44690 44743 44744 44751 44770 44772 44773 44779 44781 44803 44807 44809 44814 44817 44856 44857 44875 44882
[5397] 44884 44895 44973 44987 44993 45028 45030 45059 45079 45107 45130 45143 45144 45160 45164 45185 45188 45231 45232
[5416] 45246 45249 45257 45354 45375 45385 45436 45442 45446 45454 45476 45493 45510 45534 45547 45569 45588 45600 45607
[5435] 45639 45641 45662 45685 45708 45722 45744 45745 45776 45787 45794 45804 45805 45810 45816 45830 45864 45882 45884
[5454] 45910 45912 45954 45977 45979 45987 46011 46014 46051 46072 46134 46153 46168 46198 46222 46269 46272 46297 46304
[5473] 46361 46371 46375 46376 46380 46387 46392 46393 46404 46406 46413 46415 46455 46468 46482 46485 46521 46583 46589
[5492] 46622 46631 46636 46660 46666 46687 46693 46711 46736 46737 46745 46749 46771 46783 46785 46796 46802 46804 46816
[5511] 46819 46821 46827 46832 46838 46856 46868 46871 46875 46876 46877 46903 46916 47002 47020 47022 47026 47028 47031
[5530] 47033 47034 47035 47036 47038 47039 47040 47044 47045 47046 47048 47050 47051 47052 47054 47055 47057 47059 47062
[5549] 47063 47065 47066 47067 47070 47072 47073 47074 47076 47078 47080 47082 47086 47087 47088 47090 47091 47095 47096
[5568] 47104 47108 47119 47120 47121 47123 47124 47125 47126 47128 47131 47135 47136 47139 47145 47147 47148 47149 47150
[5587] 47151 47152 47154 47155 47156 47162 47163 47164 47166 47168 47169 47173 47174 47175 47177 47178 47180 47181 47185
[5606] 47188 47191 47192 47193 47197 47200 47201 47221 47222 47223 47225 47235 47237 47238 47239 47240 47241 47243 47245
[5625] 47246 47248 47249 47251 47252 47253 47254 47255 47256 47259 47261 47263 47265 47266 47269 47270 47271 47272 47275
[5644] 47276 47278 47280 47281 47282 47283 47288 47295 47297 47299 47301 47302 47303 47307 47311 47312 47313 47319 47320
[5663] 47321 47322 47324 47326 47327 47328 47329 47330 47332 47333 47341 47344 47351 47352 47353 47354 47357 47358 47359
[5682] 47360 47361 47363 47365 47368 47369 47370 47371 47373 47376 47377 47378 47379 47381 47387 47390 47392 47393 47395
[5701] 47396 47398 47399 47402 47405 47412 47418 47419 47421 47423 47427 47429 47430 47431 47434 47435 47440 47441 47443
[5720] 47444 47447 47448 47450 47451 47452 47458 47459 47464 47473 47474 47475 47486 47487 47490 47491 47500 47501 47502
[5739] 47509 47511 47512 47514 47516 47518 47521 47534 47536 47540 47541 47542 47552 47553 47554 47555 47556 47557 47559
[5758] 47564 47570 47574 47575 47577 47579 47580 47581 47589 47591 47594 47601 47602 47606 47609 47611 47614 47617 47619
[5777] 47622 47623 47624 47625 47626 47628 47629 47630 47634 47635 47640 47648 47661 47662 47666 47671 47672 47677 47682
[5796] 47692 47693 47697 47698 47705 47706 47713 47718 47719 47722 47723 47727 47730 47739 47741 47743 47745 47747 47753
[5815] 47761 47765 47767 47768 47774 47777 47778 47786 47787 47788 47789 47790 47798 47800 47803 47804 47806 47808 47809
[5834] 47810 47811 47813 47815 47819 47824 47828 47829 47830 47831 47843 47845 47848 47849 47855 47856 47857 47858 47860
[5853] 47862 47867 47875 47880 47881 47883 47887 47889 47890 47891 47894 47895 47912 47913 47914 47919 47920 47921 47930
[5872] 47932 47938 47946 47950 47952 47954 47970 47971 47982 48005 48006 48012 48018 48023 48038 48042 48047 48054 48063
[5891] 48065 48066 48071 48075 48083 48087 48089 48096 48099 48102 48104 48108 48112 48114 48117 48118 48123 48124 48132
[5910] 48133 48156 48167 48182 48188 48191 48195 48196 48204 48208 48213 48216 48219 48235 48245 48246 48259 48261 48264
[5929] 48268 48269 48274 48279 48290 48295 48297 48298 48308 48311 48313 48314 48316 48318 48354 48379 48380 48387 48388
[5948] 48390 48410 48415 48416 48419 48429 48430 48437 48438 48445 48454 48463 48484 48491 48492 48496 48499 48505 48508
[5967] 48511 48518 48519 48526 48545 48547 48553 48556 48578 48580 48587 48595 48598 48605 48606 48616 48618 48620 48621
[5986] 48646 48651 48652 48657 48658 48659 48666 48690 48695 48707 48723 48733 48761 48766 48768 48769 48788 48792 48795
[6005] 48796 48797 48798 48800 48807 48815 48837 48840 48843 48849 48857 48859 48870 48890 48906 48909 48911 48914 48915
[6024] 48922 48926 48931 48937 48941 48948 48952 48961 48963 48967 48968 48974 48977 49003 49010 49026 49041 49069 49071
[6043] 49092 49098 49109 49114 49120 49125 49127 49128 49138 49144 49151 49167 49187 49194 49195 49196 49228 49233 49236
[6062] 49247 49252 49257 49258 49267 49289 49293 49294 49295 49320 49345 49351 49358 49385 49386 49394 49401 49409 49412
[6081] 49433 49452 49454 49482 49504 49529 49532 49555 49566 49567 49576 49584 49585 49598 49607 49619 49627 49669 49674
[6100] 49685 49693 49701 49703 49706 49720 49726 49748 49759 49762 49811 49813 49830 49835 49859 49867 49877 49881 49886
[6119] 49892 49893 49895 49921 49922 49932 49953 49956 49965 49986 49988 49990 50019 50024 50033 50050 50058 50059 50081
[6138] 50091 50095 50110 50117 50118 50121 50122 50139 50143 50153 50163 50165 50171 50199 50224 50228 50298 50300 50304
[6157] 50308 50313 50369 50373 50389 50397 50409 50411 50457 50493 50507 50509 50519 50532 50561 50568 50576 50608 50611
[6176] 50624 50627 50631 50647 50661 50680 50704 50705 50727 50739 50769 50780 50805 50812 50823 50836 50840 50868 50884
[6195] 50885 50889 50896 50898 50908 50912 50925 50943 50955 50982 50986 50994 51006 51009 51016 51033 51110 51119 51142
[6214] 51150 51163 51171 51178 51179 51193 51210 51213 51216 51219 51220 51223 51229 51240 51250 51271 51273 51317 51342
[6233] 51386 51387 51422 51446 51453 51463 51471 51481 51489 51491 51494 51501 51506 51510 51521 51562 51584 51589 51595
[6252] 51598 51612 51635 51640 51642 51651 51652 51672 51708 51710 51725 51739 51741 51767 51775 51784 51855 51878 51880
[6271] 51882 51890 51894 51919 51933 51948 51949 51966 51990 52004 52017 52028 52071 52085 52117 52120 52132 52137 52147
