
===========  xgbTree  ============

    [1]     2     3     4     5     6     8    10    11    12    13    15    16    20    21    22    23    24
   [18]    25    30    38    39    40    41    42    43    45    46    50    58    60    62    64    66    69
   [35]    70    71    72    75    77    78    79    87    91    92    93    96    97   100   107   108   109
   [52]   111   112   114   120   121   124   126   129   131   132   133   134   137   138   140   148   149
   [69]   150   153   154   155   158   160   161   162   166   168   169   171   172   176   178   180   183
   [86]   184   185   187   190   191   196   198   205   206   211   212   218   219   222   223   224   225
  [103]   226   228   229   230   231   233   237   242   244   254   255   256   259   260   264   266   269
  [120]   275   276   277   288   289   292   294   297   298   301   304   305   306   307   311   317   318
  [137]   319   320   322   323   324   325   328   334   337   338   343   344   345   346   347   348   350
  [154]   353   356   357   359   360   362   363   366   367   372   374   375   379   383   384   388   389
  [171]   391   393   394   395   397   399   400   401   402   403   406   409   414   415   418   419   420
  [188]   425   426   431   432   433   441   443   444   445   446   447   449   450   451   452   454   456
  [205]   458   459   460   464   465   468   470   475   479   483   484   488   490   491   495   496   498
  [222]   499   500   503   506   511   513   515   517   518   520   521   523   527   534   535   537   538
  [239]   541   548   549   550   552   553   558   563   574   575   576   580   581   583   584   586   589
  [256]   590   592   596   604   608   611   613   614   619   620   623   625   627   628   630   633   634
  [273]   637   638   639   640   641   643   650   653   654   655   656   658   661   662   663   665   666
  [290]   668   670   671   675   676   677   678   681   682   693   695   698   699   700   701   702   703
  [307]   706   708   712   715   717   718   719   721   722   723   729   730   732   734   735   738   746
  [324]   747   749   751   753   754   758   760   766   771   772   773   774   775   782   783   784   788
  [341]   790   793   794   798   807   809   810   811   814   818   819   821   823   825   827   828   829
  [358]   836   837   838   841   842   843   844   849   857   860   861   862   863   865   866   868   871
  [375]   879   880   881   883   884   885   886   892   894   897   899   904   911   912   913   914   915
  [392]   917   920   922   924   925   926   930   932   935   936   939   950   953   958   960   961   962
  [409]   968   969   970   978   979   985   988   998   999  1000  1006  1009  1010  1011  1012  1017  1018
  [426]  1020  1022  1024  1025  1026  1029  1034  1035  1039  1048  1053  1058  1061  1062  1063  1065  1066
  [443]  1070  1073  1077  1079  1085  1090  1091  1094  1097  1098  1100  1102  1104  1107  1108  1109  1117
  [460]  1118  1119  1120  1124  1125  1128  1134  1136  1137  1144  1145  1147  1149  1151  1153  1156  1157
  [477]  1160  1162  1163  1165  1166  1167  1169  1170  1172  1173  1177  1178  1184  1186  1188  1190  1198
  [494]  1199  1200  1201  1204  1205  1206  1207  1208  1210  1212  1213  1215  1216  1218  1225  1226  1231
  [511]  1233  1235  1237  1240  1242  1243  1248  1249  1251  1252  1254  1255  1257  1259  1265  1266  1267
  [528]  1269  1270  1272  1274  1276  1279  1280  1281  1282  1284  1286  1288  1290  1292  1293  1295  1297
  [545]  1298  1299  1300  1301  1302  1304  1307  1308  1310  1312  1313  1314  1316  1317  1318  1320  1323
  [562]  1325  1326  1328  1329  1330  1334  1349  1351  1357  1358  1359  1362  1363  1365  1366  1371  1372
  [579]  1373  1374  1376  1377  1378  1383  1384  1388  1392  1394  1396  1397  1401  1402  1403  1404  1407
  [596]  1408  1409  1411  1415  1416  1427  1428  1429  1431  1432  1433  1434  1435  1436  1437  1439  1440
  [613]  1441  1443  1448  1449  1451  1455  1456  1457  1459  1460  1461  1462  1463  1467  1468  1471  1475
  [630]  1477  1478  1479  1480  1481  1488  1489  1492  1495  1497  1503  1506  1510  1511  1516  1517  1518
  [647]  1522  1524  1528  1529  1531  1540  1542  1543  1544  1545  1556  1558  1560  1561  1562  1569  1570
  [664]  1576  1578  1579  1583  1586  1588  1589  1590  1593  1594  1600  1606  1607  1610  1611  1612  1613
  [681]  1615  1620  1621  1622  1631  1632  1633  1634  1636  1639  1641  1642  1644  1645  1646  1647  1651
  [698]  1652  1653  1659  1662  1665  1667  1668  1670  1678  1681  1682  1683  1684  1685  1686  1691  1693
  [715]  1695  1703  1704  1705  1707  1709  1712  1713  1714  1716  1721  1723  1725  1727  1728  1729  1730
  [732]  1737  1738  1744  1749  1750  1751  1752  1754  1756  1758  1759  1760  1763  1766  1768  1769  1775
  [749]  1785  1789  1790  1795  1798  1800  1806  1808  1811  1812  1817  1818  1819  1823  1824  1825  1826
  [766]  1827  1828  1829  1831  1832  1836  1837  1838  1841  1844  1846  1848  1849  1850  1851  1854  1856
  [783]  1857  1860  1862  1864  1866  1868  1869  1870  1878  1879  1881  1884  1885  1887  1890  1891  1893
  [800]  1899  1900  1905  1906  1908  1909  1910  1911  1916  1917  1919  1929  1931  1936  1937  1938  1944
  [817]  1945  1947  1953  1954  1956  1957  1961  1962  1963  1964  1966  1968  1970  1971  1972  1976  1979
  [834]  1984  1985  1987  1990  1993  1995  1996  2000  2001  2003  2004  2007  2010  2011  2012  2014  2016
  [851]  2018  2021  2024  2025  2035  2039  2041  2043  2044  2048  2049  2051  2057  2059  2064  2120  2124
  [868]  2127  2128  2129  2130  2131  2133  2135  2139  2142  2144  2147  2151  2152  2153  2155  2157  2158
  [885]  2159  2160  2161  2163  2164  2165  2167  2169  2172  2176  2178  2182  2183  2184  2185  2187  2189
  [902]  2190  2191  2192  2196  2198  2200  2203  2207  2208  2209  2210  2216  2218  2221  2222  2225  2227
  [919]  2231  2234  2236  2243  2247  2248  2249  2250  2254  2256  2257  2258  2262  2263  2271  2272  2274
  [936]  2275  2279  2281  2284  2287  2288  2295  2304  2305  2307  2308  2309  2310  2312  2314  2322  2323
  [953]  2333  2336  2337  2339  2341  2344  2345  2347  2349  2352  2353  2354  2355  2357  2359  2362  2363
  [970]  2364  2366  2367  2368  2369  2372  2375  2376  2380  2384  2385  2388  2390  2393  2394  2399  2404
  [987]  2407  2408  2411  2412  2413  2414  2415  2416  2417  2418  2419  2421  2435  2438  2439  2441  2442
 [1004]  2443  2444  2445  2456  2458  2461  2463  2465  2466  2468  2472  2473  2474  2479  2480  2481  2482
 [1021]  2483  2484  2486  2490  2496  2501  2502  2506  2508  2509  2510  2511  2513  2515  2517  2526  2531
 [1038]  2532  2536  2537  2538  2539  2541  2542  2543  2544  2545  2547  2548  2550  2554  2556  2559  2560
 [1055]  2561  2567  2569  2574  2579  2581  2582  2585  2596  2623  2624  2632  2634  2635  2638  2639  2641
 [1072]  2643  2644  2646  2649  2651  2652  2653  2657  2663  2664  2665  2667  2668  2671  2674  2677  2679
 [1089]  2680  2682  2683  2692  2697  2699  2702  2705  2707  2708  2710  2717  2719  2720  2722  2723  2724
 [1106]  2726  2728  2729  2739  2741  2742  2743  2746  2750  2752  2753  2755  2758  2762  2764  2766  2767
 [1123]  2768  2769  2772  2774  2778  2780  2782  2785  2788  2790  2791  2796  2797  2798  2800  2802  2803
 [1140]  2804  2805  2806  2811  2818  2819  2820  2822  2823  2824  2829  2835  2837  2838  2845  2846  2847
 [1157]  2848  2850  2852  2855  2858  2859  2863  2864  2868  2869  2873  2874  2877  2878  2879  2880  2881
 [1174]  2882  2891  2892  2893  2894  2897  2900  2901  2904  2905  2906  2908  2909  2910  2911  2912  2913
 [1191]  2920  2926  2928  2929  2935  2939  2941  2944  2946  2952  2953  2957  2970  2971  2975  2976  2979
 [1208]  2980  2981  2983  2987  2989  2997  2999  3002  3003  3005  3011  3017  3019  3020  3024  3025  3028
 [1225]  3030  3031  3032  3033  3034  3035  3036  3038  3039  3046  3053  3055  3061  3064  3068  3069  3074
 [1242]  3075  3076  3079  3082  3083  3086  3087  3092  3093  3097  3098  3102  3104  3109  3111  3114  3120
 [1259]  3123  3124  3126  3127  3128  3129  3130  3131  3132  3133  3134  3135  3139  3146  3148  3150  3152
 [1276]  3154  3156  3157  3158  3166  3170  3171  3172  3175  3176  3179  3180  3183  3187  3189  3192  3193
 [1293]  3194  3196  3197  3198  3199  3200  3201  3203  3205  3212  3214  3217  3219  3221  3222  3223  3225
 [1310]  3226  3227  3229  3231  3232  3238  3239  3240  3241  3242  3245  3249  3250  3251  3254  3256  3259
 [1327]  3262  3265  3267  3268  3269  3270  3271  3276  3278  3279  3280  3281  3283  3284  3286  3292  3295
 [1344]  3316  3317  3319  3321  3323  3325  3326  3328  3329  3331  3333  3334  3335  3339  3352  3353  3355
 [1361]  3365  3366  3369  3370  3371  3372  3374  3391  3399  3400  3401  3402  3405  3406  3407  3408  3409
 [1378]  3411  3412  3414  3415  3416  3417  3436  3437  3443  3444  3449  3450  3451  3452  3456  3457  3460
 [1395]  3461  3466  3468  3471  3472  3474  3475  3476  3479  3486  3489  3490  3497  3530  3532  3535  3536
 [1412]  3540  3541  3542  3543  3545  3546  3548  3549  3554  3562  3563  3568  3570  3571  3572  3573  3577
 [1429]  3581  3582  3583  3588  3595  3603  3604  3605  3607  3608  3609  3610  3611  3612  3613  3616  3617
 [1446]  3618  3619  3626  3627  3629  3631  3634  3636  3645  3647  3648  3650  3654  3656  3659  3660  3664
 [1463]  3665  3668  3669  3671  3673  3679  3682  3697  3701  3702  3704  3705  3706  3710  3717  3722  3723
 [1480]  3725  3726  3728  3730  3731  3733  3734  3765  3767  3768  3770  3771  3775  3776  3777  3781  3782
 [1497]  3783  3784  3798  3800  3802  3803  3805  3807  3808  3810  3816  3819  3820  3821  3824  3825  3827
 [1514]  3831  3832  3836  3838  3839  3840  3843  3845  3846  3847  3848  3849  3851  3852  3865  3867  3868
 [1531]  3869  3870  3871  3873  3874  3875  3883  3884  3885  3886  3895  3896  3903  3905  3906  3909  3912
 [1548]  3913  3914  3915  3918  3920  3922  3926  3928  3929  3934  3939  3944  3950  3951  3953  3954  3958
 [1565]  3959  3960  3962  3964  3965  3970  3975  3976  3977  3979  3982  3984  3985  3988  3991  3993  3994
 [1582]  3996  3998  4001  4002  4007  4008  4011  4012  4013  4016  4018  4022  4024  4027  4029  4033  4034
 [1599]  4035  4036  4039  4042  4044  4046  4047  4051  4058  4059  4077  4080  4081  4083  4085  4086  4087
 [1616]  4096  4100  4101  4104  4105  4107  4108  4109  4110  4119  4120  4122  4124  4126  4133  4139  4140
 [1633]  4144  4145  4146  4147  4150  4152  4153  4154  4155  4156  4157  4158  4159  4160  4164  4165  4166
 [1650]  4167  4170  4172  4174  4175  4179  4185  4186  4187  4188  4190  4194  4195  4196  4198  4201  4203
 [1667]  4204  4205  4207  4211  4212  4214  4215  4216  4219  4223  4224  4226  4227  4228  4230  4233  4234
 [1684]  4235  4236  4238  4240  4243  4249  4250  4252  4255  4259  4272  4273  4278  4279  4280  4290  4291
 [1701]  4292  4293  4296  4301  4302  4306  4308  4309  4312  4318  4319  4320  4321  4322  4334  4339  4344
 [1718]  4345  4346  4347  4348  4351  4352  4353  4355  4359  4361  4363  4364  4366  4367  4369  4370  4380
 [1735]  4382  4383  4387  4388  4391  4392  4393  4394  4397  4401  4402  4403  4406  4408  4412  4416  4417
 [1752]  4418  4426  4427  4429  4431  4433  4434  4435  4436  4437  4438  4439  4442  4443  4448  4450  4451
 [1769]  4454  4455  4456  4457  4460  4461  4463  4465  4466  4467  4473  4474  4476  4477  4481  4483  4488
 [1786]  4492  4499  4502  4508  4509  4510  4512  4513  4514  4524  4526  4527  4529  4531  4532  4539  4540
 [1803]  4541  4546  4549  4551  4552  4555  4557  4558  4560  4561  4562  4563  4570  4572  4573  4574  4575
 [1820]  4577  4583  4585  4586  4588  4591  4594  4600  4605  4606  4607  4611  4612  4614  4615  4616  4618
 [1837]  4619  4621  4623  4631  4641  4647  4649  4650  4651  4657  4658  4659  4661  4662  4663  4665  4666
 [1854]  4669  4670  4671  4674  4700  4707  4721  4726  4729  4732  4733  4736  4737  4739  4742  4746  4747
 [1871]  4752  4753  4755  4756  4758  4759  4760  4765  4775  4781  4783  4791  4793  4796  4800  4801  4806
 [1888]  4807  4811  4813  4814  4815  4817  4819  4822  4835  4838  4839  4841  4842  4844  4845  4847  4848
 [1905]  4849  4851  4854  4859  4860  4863  4864  4865  4870  4875  4877  4878  4885  4886  4887  4888  4889
 [1922]  4909  4910  4911  4912  4913  4915  4916  4919  4920  4921  4923  4924  4929  4932  4936  4937  4939
 [1939]  4940  4946  4947  4949  4951  4952  4957  4967  4968  4969  4972  4975  4977  4981  4982  4986  4987
 [1956]  4988  4990  4991  4992  4994  4996  5000  5001  5006  5007  5008  5011  5014  5018  5020  5023  5037
 [1973]  5039  5042  5044  5045  5046  5052  5053  5054  5055  5057  5061  5062  5065  5067  5068  5070  5081
 [1990]  5087  5088  5097  5099  5101  5102  5103  5104  5106  5108  5110  5111  5114  5120  5132  5143  5145
 [2007]  5146  5148  5150  5151  5153  5154  5155  5158  5159  5160  5161  5162  5164  5165  5169  5171  5172
 [2024]  5173  5176  5177  5178  5179  5181  5184  5187  5190  5193  5196  5197  5198  5199  5200  5201  5202
 [2041]  5205  5206  5212  5215  5219  5230  5231  5233  5235  5239  5243  5245  5248  5250  5251  5254  5255
 [2058]  5259  5261  5264  5270  5272  5277  5278  5279  5287  5289  5290  5291  5292  5294  5295  5306  5310
 [2075]  5311  5314  5316  5317  5318  5321  5324  5329  5333  5335  5337  5338  5341  5343  5346  5351  5354
 [2092]  5357  5358  5360  5361  5364  5367  5368  5375  5377  5381  5383  5385  5387  5388  5391  5394  5395
 [2109]  5396  5397  5400  5401  5403  5404  5406  5408  5409  5410  5412  5418  5419  5427  5429  5434  5442
 [2126]  5444  5445  5446  5447  5448  5449  5453  5462  5465  5466  5467  5475  5478  5479  5480  5482  5483
 [2143]  5484  5485  5486  5489  5491  5498  5500  5502  5503  5504  5507  5509  5512  5513  5516  5518  5520
 [2160]  5524  5526  5527  5529  5530  5531  5532  5537  5538  5540  5543  5544  5545  5546  5547  5558  5560
 [2177]  5562  5564  5569  5570  5571  5579  5581  5582  5583  5590  5591  5592  5595  5597  5600  5603  5607
 [2194]  5609  5610  5621  5623  5625  5627  5630  5631  5633  5634  5635  5636  5638  5641  5642  5644  5645
 [2211]  5648  5651  5656  5657  5658  5659  5660  5661  5663  5666  5668  5670  5674  5675  5676  5680  5683
 [2228]  5686  5689  5692  5693  5694  5697  5708  5710  5713  5717  5724  5726  5727  5728  5731  5740  5745
 [2245]  5746  5747  5749  5752  5756  5757  5758  5760  5762  5764  5766  5770  5774  5776  5778  5779  5780
 [2262]  5781  5782  5783  5784  5791  5793  5799  5802  5803  5804  5805  5806  5807  5808  5816  5818  5820
 [2279]  5821  5822  5824  5835  5837  5838  5840  5843  5846  5847  5849  5851  5853  5854  5855  5858  5859
 [2296]  5861  5863  5866  5867  5869  5870  5875  5876  5878  5879  5880  5881  5885  5886  5889  5890  5892
 [2313]  5893  5895  5897  5903  5904  5906  5907  5908  5919  5921  5922  5923  5925  5926  5927  5928  5929
 [2330]  5933  5935  5941  5947  5950  5951  5952  5954  5961  5962  5966  5967  5968  5970  5971  5974  5978
 [2347]  5979  5980  5981  5982  5988  5989  5991  5992  5994  5995  5996  5998  5999  6000  6003  6008  6009
 [2364]  6010  6013  6015  6016  6021  6023  6024  6026  6027  6029  6032  6034  6039  6043  6045  6046  6054
 [2381]  6059  6061  6062  6064  6065  6066  6068  6069  6077  6081  6085  6087  6091  6092  6094  6095  6097
 [2398]  6104  6110  6111  6113  6115  6118  6119  6120  6121  6122  6123  6124  6126  6129  6140  6143  6145
 [2415]  6146  6148  6151  6153  6159  6165  6166  6169  6171  6172  6178  6181  6182  6187  6192  6197  6201
 [2432]  6202  6204  6205  6206  6207  6209  6214  6215  6216  6217  6219  6222  6226  6235  6236  6239  6240
 [2449]  6241  6243  6245  6246  6251  6255  6259  6261  6263  6264  6265  6266  6267  6276  6277  6278  6281
 [2466]  6282  6283  6285  6286  6290  6295  6296  6297  6302  6303  6304  6305  6307  6310  6313  6316  6320
 [2483]  6322  6324  6326  6329  6330  6332  6335  6336  6337  6338  6340  6349  6350  6352  6354  6355  6358
 [2500]  6359  6360  6361  6366  6367  6368  6370  6371  6372  6374  6375  6378  6379  6383  6384  6385  6386
 [2517]  6388  6389  6391  6393  6397  6398  6408  6409  6410  6411  6419  6425  6426  6427  6428  6431  6432
 [2534]  6433  6436  6438  6442  6443  6451  6452  6457  6459  6463  6464  6467  6469  6471  6472  6475  6476
 [2551]  6477  6480  6490  6491  6498  6499  6502  6503  6504  6505  6506  6507  6511  6512  6515  6518  6519
 [2568]  6520  6524  6525  6539  6540  6542  6544  6553  6555  6556  6558  6565  6566  6571  6575  6576  6578
 [2585]  6579  6580  6583  6586  6587  6588  6589  6590  6592  6594  6595  6597  6600  6601  6603  6604  6607
 [2602]  6608  6610  6611  6614  6615  6616  6617  6618  6619  6621  6625  6627  6628  6635  6637  6641  6642
 [2619]  6647  6648  6649  6651  6652  6653  6655  6657  6658  6661  6662  6664  6665  6667  6669  6670  6673
 [2636]  6676  6680  6685  6686  6690  6694  6696  6697  6699  6700  6701  6703  6709  6714  6715  6718  6721
 [2653]  6722  6723  6726  6732  6736  6737  6744  6751  6752  6761  6763  6766  6769  6771  6772  6775  6777
 [2670]  6778  6779  6780  6782  6784  6786  6788  6789  6790  6791  6793  6796  6801  6805  6807  6810  6811
 [2687]  6812  6813  6816  6818  6821  6823  6825  6826  6828  6832  6833  6834  6837  6838  6839  6840  6842
 [2704]  6847  6848  6856  6857  6859  6861  6869  6870  6871  6872  6875  6876  6877  6881  6884  6889  6890
 [2721]  6891  6892  6901  6902  6905  6911  6912  6914  6928  6938  6939  6941  6944  6951  6952  6953  6954
 [2738]  6956  6957  6958  6960  6966  6967  6971  6974  6975  6977  6979  6981  6986  6994  6995  6997  6998
 [2755]  7005  7006  7007  7015  7018  7019  7024  7027  7029  7033  7034  7035  7036  7037  7038  7039  7040
 [2772]  7042  7044  7047  7049  7050  7051  7054  7057  7060  7061  7062  7072  7073  7074  7076  7082  7083
 [2789]  7084  7085  7086  7092  7093  7094  7099  7102  7103  7105  7107  7109  7112  7113  7116  7117  7125
 [2806]  7126  7131  7132  7135  7136  7137  7138  7139  7140  7143  7147  7148  7149  7150  7151  7153  7155
 [2823]  7156  7158  7160  7162  7163  7169  7170  7173  7174  7176  7179  7183  7185  7186  7187  7190  7198
 [2840]  7199  7200  7202  7204  7206  7208  7219  7225  7227  7229  7230  7237  7239  7241  7242  7244  7245
 [2857]  7246  7247  7248  7250  7253  7254  7258  7259  7261  7268  7278  7282  7283  7286  7292  7296  7298
 [2874]  7301  7303  7307  7309  7317  7323  7325  7326  7328  7329  7331  7334  7340  7341  7344  7352  7356
 [2891]  7357  7358  7359  7361  7368  7369  7376  7384  7385  7386  7387  7389  7391  7392  7395  7397  7398
 [2908]  7400  7401  7402  7403  7404  7405  7408  7414  7415  7419  7421  7422  7423  7424  7425  7427  7432
 [2925]  7437  7438  7439  7443  7444  7445  7446  7449  7453  7459  7460  7465  7466  7467  7469  7472  7473
 [2942]  7476  7479  7480  7482  7483  7485  7486  7490  7500  7512  7513  7514  7518  7527  7531  7534  7535
 [2959]  7539  7544  7545  7551  7555  7556  7557  7558  7559  7561  7562  7563  7567  7568  7569  7571  7572
 [2976]  7574  7576  7579  7580  7586  7587  7588  7589  7600  7602  7606  7607  7610  7611  7614  7615  7617
 [2993]  7618  7625  7626  7627  7628  7629  7631  7633  7634  7635  7638  7641  7644  7646  7652  7653  7657
 [3010]  7660  7662  7663  7665  7671  7674  7675  7677  7678  7680  7692  7693  7695  7697  7698  7703  7709
 [3027]  7714  7716  7717  7721  7725  7726  7728  7729  7732  7734  7736  7737  7739  7743  7744  7750  7755
 [3044]  7757  7760  7761  7764  7766  7768  7771  7773  7774  7775  7776  7777  7780  7783  7784  7785  7789
 [3061]  7790  7791  7792  7793  7796  7798  7801  7805  7806  7810  7811  7813  7816  7819  7820  7821  7822
 [3078]  7823  7828  7829  7831  7833  7835  7837  7840  7841  7842  7843  7844  7845  7852  7858  7860  7861
 [3095]  7862  7866  7868  7873  7881  7883  7884  7887  7890  7892  7894  7898  7899  7900  7901  7904  7909
 [3112]  7924  7925  7926  7928  7930  7932  7935  7945  7946  7951  7952  7954  7956  7957  7959  7963  7964
 [3129]  7965  7966  7970  7971  7972  7974  7975  7976  7977  7980  7988  7989  7991  7995  7996  8000  8001
 [3146]  8004  8005  8006  8007  8010  8011  8013  8019  8024  8026  8028  8029  8035  8039  8040  8047  8048
 [3163]  8049  8050  8051  8052  8056  8060  8061  8068  8074  8076  8079  8082  8083  8085  8086  8087  8088
 [3180]  8089  8093  8094  8095  8096  8098  8103  8104  8106  8108  8109  8116  8120  8121  8122  8126  8127
 [3197]  8128  8130  8135  8140  8142  8144  8146  8150  8155  8157  8158  8160  8161  8167  8168  8172  8173
 [3214]  8175  8176  8177  8179  8180  8183  8184  8185  8189  8191  8192  8193  8194  8195  8199  8200  8204
 [3231]  8206  8207  8208  8209  8210  8211  8212  8213  8214  8215  8219  8220  8221  8224  8226  8227  8228
 [3248]  8232  8236  8237  8239  8244  8245  8247  8250  8251  8252  8255  8263  8269  8272  8274  8275  8278
 [3265]  8279  8281  8284  8288  8290  8293  8294  8303  8308  8309  8311  8316  8321  8322  8323  8325  8326
 [3282]  8327  8331  8332  8336  8337  8346  8347  8348  8353  8354  8355  8356  8359  8363  8364  8365  8369
 [3299]  8373  8381  8385  8386  8387  8388  8389  8392  8393  8394  8395  8397  8398  8400  8402  8403  8406
 [3316]  8410  8411  8412  8413  8416  8422  8423  8424  8428  8431  8432  8433  8434  8436  8438  8440  8441
 [3333]  8442  8443  8444  8445  8448  8449  8452  8457  8459  8461  8462  8464  8474  8476  8479  8480  8481
 [3350]  8482  8486  8487  8488  8491  8492  8495  8496  8499  8505  8506  8511  8514  8516  8519  8520  8521
 [3367]  8523  8527  8529  8530  8532  8533  8535  8536  8537  8539  8540  8541  8543  8544  8545  8546  8547
 [3384]  8549  8550  8553  8554  8558  8560  8564  8566  8567  8569  8572  8581  8582  8583  8584  8586  8587
 [3401]  8589  8590  8591  8594  8595  8597  8599  8607  8609  8610  8612  8613  8614  8616  8618  8619  8621
 [3418]  8622  8623  8624  8627  8630  8631  8632  8636  8637  8638  8645  8647  8652  8653  8654  8660  8661
 [3435]  8663  8670  8672  8673  8674  8675  8676  8681  8682  8689  8691  8699  8700  8702  8703  8708  8710
 [3452]  8713  8716  8721  8722  8724  8732  8733  8734  8735  8737  8738  8739  8740  8741  8742  8745  8746
 [3469]  8748  8749  8751  8753  8757  8760  8761  8764  8768  8770  8772  8779  8781  8783  8784  8785  8786
 [3486]  8788  8789  8791  8793  8799  8800  8801  8803  8805  8807  8808  8815  8820  8822  8824  8826  8827
 [3503]  8832  8833  8834  8840  8848  8850  8855  8857  8864  8867  8869  8870  8872  8876  8880  8889  8890
 [3520]  8894  8895  8896  8900  8901  8904  8905  8910  8913  8917  8918  8919  8920  8922  8923  8924  8925
 [3537]  8934  8935  8936  8937  8939  8941  8943  8945  8946  8947  8949  8951  8953  8962  8963  8967  8969
 [3554]  8971  8972  8974  8975  8977  8986  8987  8988  8989  8995  8996  9000  9002  9003  9004  9006  9013
 [3571]  9014  9015  9016  9017  9018  9028  9033  9034  9035  9044  9048  9049  9051  9052  9056  9057  9059
 [3588]  9060  9063  9067  9068  9069  9070  9072  9074  9075  9079  9080  9081  9083  9084  9086  9088  9095
 [3605]  9098  9101  9102  9103  9106  9108  9109  9110  9117  9119  9120  9121  9128  9129  9130  9133  9135
 [3622]  9136  9137  9138  9140  9151  9152  9159  9160  9165  9166  9168  9170  9172  9176  9184  9185  9188
 [3639]  9189  9190  9191  9195  9200  9201  9209  9210  9212  9215  9219  9223  9225  9227  9230  9232  9233
 [3656]  9235  9238  9245  9248  9250  9253  9255  9256  9257  9259  9261  9263  9264  9266  9267  9270  9272
 [3673]  9274  9275  9276  9278  9279  9286  9288  9297  9298  9299  9300  9310  9311  9313  9315  9316  9317
 [3690]  9318  9321  9324  9325  9326  9327  9328  9331  9335  9339  9340  9341  9344  9345  9348  9349  9351
 [3707]  9356  9357  9361  9364  9366  9367  9368  9369  9370  9376  9377  9378  9380  9384  9386  9387  9389
 [3724]  9390  9391  9392  9395  9397  9400  9404  9410  9411  9412  9415  9416  9418  9419  9421  9427  9428
 [3741]  9429  9433  9434  9436  9437  9439  9441  9449  9451  9455  9456  9458  9460  9462  9463  9464  9467
 [3758]  9468  9469  9470  9473  9474  9477  9480  9481  9483  9484  9486  9491  9494  9495  9497  9498  9501
 [3775]  9502  9503  9509  9512  9513  9514  9517  9526  9528  9529  9530  9533  9534  9536  9538  9541  9542
 [3792]  9543  9544  9547  9551  9555  9556  9558  9559  9563  9564  9567  9568  9573  9574  9583  9585  9587
 [3809]  9588  9589  9591  9593  9595  9596  9597  9598  9599  9600  9602  9603  9606  9607  9611  9613  9614
 [3826]  9615  9623  9625  9631  9636  9637  9638  9639  9640  9656  9657  9662  9664  9665  9666  9667  9669
 [3843]  9671  9672  9679  9680  9684  9688  9689  9692  9694  9696  9697  9699  9707  9708  9713  9715  9717
 [3860]  9719  9720  9721  9722  9727  9730  9733  9734  9737  9740  9741  9742  9743  9744  9746  9747  9749
 [3877]  9755  9756  9757  9761  9762  9765  9766  9767  9769  9775  9776  9778  9779  9780  9781  9783  9784
 [3894]  9786  9787  9789  9791  9792  9793  9798  9799  9801  9803  9804  9806  9807  9808  9809  9811  9813
 [3911]  9814  9815  9816  9821  9822  9829  9830  9834  9835  9836  9839  9842  9845  9847  9850  9851  9855
 [3928]  9859  9860  9861  9862  9864  9865  9867  9868  9869  9871  9874  9876  9877  9883  9884  9885  9886
 [3945]  9887  9888  9889  9892  9897  9901  9903  9904  9905  9907  9912  9914  9916  9920  9921  9923  9924
 [3962]  9925  9926  9931  9944  9951  9952  9962  9963  9965  9966  9967  9968  9970  9974  9975  9977  9978
 [3979]  9981  9982  9984  9985  9986  9990  9991  9992  9995 10000 10002 10005 10008 10009 10010 10012 10014
 [3996] 10015 10022 10027 10032 10033 10034 10035 10040 10042 10043 10048 10049 10050 10051 10052 10053 10054
 [4013] 10055 10056 10057 10058 10059 10061 10063 10066 10067 10068 10069 10070 10072 10078 10082 10086 10087
 [4030] 10089 10090 10091 10096 10103 10104 10105 10107 10108 10112 10123 10126 10129 10130 10139 10141 10143
 [4047] 10144 10145 10147 10150 10156 10158 10159 10162 10163 10165 10166 10167 10169 10172 10173 10178 10184
 [4064] 10185 10187 10190 10192 10193 10195 10200 10202 10203 10207 10208 10209 10215 10220 10221 10225 10227
 [4081] 10229 10230 10232 10234 10236 10237 10238 10239 10246 10247 10248 10251 10257 10259 10261 10262 10272
 [4098] 10273 10277 10278 10282 10283 10284 10286 10289 10290 10292 10295 10297 10301 10303 10308 10309 10311
 [4115] 10312 10318 10322 10323 10324 10327 10334 10336 10338 10341 10342 10345 10347 10349 10351 10357 10358
 [4132] 10359 10365 10367 10369 10374 10376 10379 10382 10384 10385 10390 10391 10394 10395 10396 10397 10398
 [4149] 10401 10403 10408 10409 10414 10415 10417 10421 10422 10423 10425 10426 10428 10432 10436 10437 10438
 [4166] 10439 10444 10445 10447 10448 10450 10453 10457 10458 10459 10460 10462 10465 10467 10468 10469 10470
 [4183] 10471 10472 10473 10474 10476 10478 10483 10488 10492 10494 10500 10502 10508 10511 10512 10514 10518
 [4200] 10521 10522 10523 10524 10525 10529 10535 10536 10537 10538 10539 10541 10543 10545 10548 10551 10554
 [4217] 10555 10556 10566 10569 10573 10575 10576 10577 10579 10580 10581 10582 10584 10586 10589 10591 10592
 [4234] 10593 10595 10596 10599 10603 10604 10608 10610 10612 10614 10616 10618 10621 10622 10625 10626 10627
 [4251] 10628 10629 10631 10635 10638 10640 10642 10644 10645 10647 10649 10650 10651 10652 10661 10663 10664
 [4268] 10665 10666 10667 10668 10669 10671 10678 10680 10683 10684 10689 10694 10695 10696 10697 10700 10702
 [4285] 10703 10704 10705 10706 10707 10708 10709 10710 10713 10715 10716 10719 10720 10743 10744 10745 10747
 [4302] 10751 10755 10756 10757 10758 10761 10766 10767 10769 10774 10775 10776 10778 10782 10784 10789 10790
 [4319] 10792 10796 10797 10798 10801 10806 10810 10811 10813 10816 10817 10825 10826 10831 10833 10834 10836
 [4336] 10838 10840 10844 10854 10855 10857 10859 10861 10864 10866 10868 10869 10871 10874 10875 10881 10883
 [4353] 10885 10886 10887 10888 10893 10894 10896 10898 10901 10902 10903 10904 10909 10912 10913 10914 10915
 [4370] 10916 10919 10924 10925 10929 10935 10936 10937 10940 10941 10942 10943 10944 10946 10948 10950 10951
 [4387] 10952 10953 10954 10955 10957 10958 10959 10961 10964 10970 10971 10973 10974 10975 10976 10978 10979
 [4404] 10981 10985 10986 10987 10991 10994 10995 10996 10997 11001 11002 11004 11005 11007 11009 11010 11027
 [4421] 11028 11031 11038 11040 11042 11044 11056 11057 11059 11060 11061 11066 11067 11073 11080 11096 11097
 [4438] 11099 11102 11106 11107 11111 11113 11114 11118 11119 11121 11123 11125 11129 11134 11137 11139 11140
 [4455] 11141 11142 11144 11145 11146 11149 11158 11161 11162 11163 11165 11170 11172 11174 11177 11182 11188
 [4472] 11190 11191 11192 11195 11202 11203 11217 11219 11220 11221 11223 11226 11230 11237 11238 11239 11242
 [4489] 11243 11244 11245 11248 11251 11252 11253 11254 11255 11256 11258 11260 11264 11267 11268 11274 11276
 [4506] 11277 11278 11280 11281 11282 11284 11289 11290 11293 11296 11298 11301 11303 11305 11306 11309 11310
 [4523] 11311 11313 11314 11315 11316 11318 11320 11321 11324 11342 11347 11351 11353 11364 11371 11372 11373
 [4540] 11374 11375 11377 11378 11379 11384 11386 11390 11394 11403 11404 11405 11406 11407 11414 11416 11417
 [4557] 11418 11426 11430 11432 11437 11438 11440 11441 11445 11448 11450 11456 11457 11458 11460 11465 11468
 [4574] 11470 11471 11473 11474 11475 11477 11479 11480 11482 11483 11484 11485 11486 11488 11489 11491 11493
 [4591] 11496 11501 11502 11503 11504 11507 11508 11509 11510 11513 11516 11517 11518 11519 11521 11522 11526
 [4608] 11529 11530 11538 11540 11542 11546 11547 11548 11557 11561 11563 11565 11567 11569 11570 11572 11579
 [4625] 11580 11586 11587 11589 11590 11592 11593 11594 11598 11599 11604 11605 11607 11610 11616 11618 11619
 [4642] 11620 11623 11627 11628 11629 11630 11634 11636 11637 11642 11646 11648 11653 11655 11656 11657 11659
 [4659] 11660 11661 11663 11667 11669 11674 11678 11679 11684 11688 11694 11695 11697 11698 11701 11703 11705
 [4676] 11707 11710 11714 11715 11719 11720 11721 11722 11724 11732 11736 11739 11741 11742 11744 11746 11747
 [4693] 11754 11755 11760 11763 11765 11767 11768 11770 11771 11772 11774 11776 11777 11780 11781 11782 11784
 [4710] 11790 11791 11794 11795 11796 11800 11804 11805 11806 11807 11816 11817 11821 11822 11824 11825 11827
 [4727] 11832 11833 11834 11836 11840 11842 11844 11845 11846 11847 11848 11850 11852 11853 11854 11855 11856
 [4744] 11859 11861 11864 11866 11867 11868 11871 11872 11874 11875 11876 11878 11879 11893 11895 11896 11900
 [4761] 11905 11911 11914 11920 11924 11925 11926 11928 11933 11937 11939 11940 11941 11946 11947 11954 11956
 [4778] 11957 11958 11962 11965 11969 11972 11974 11977 11978 11979 11980 11988 11989 11994 11995 11997 12000
 [4795] 12004 12005 12006 12008 12013 12014 12018 12023 12025 12027 12028 12030 12039 12043 12044 12045 12046
 [4812] 12048 12049 12051 12052 12055 12056 12057 12059 12060 12061 12071 12075 12076 12082 12085 12089 12093
 [4829] 12094 12097 12098 12099 12100 12111 12112 12115 12116 12117 12118 12119 12120 12122 12123 12124 12126
 [4846] 12127 12128 12129 12131 12133 12135 12136 12138 12139 12141 12142 12143 12146 12147 12148 12150 12151
 [4863] 12154 12159 12160 12166 12172 12174 12175 12180 12182 12183 12186 12188 12190 12192 12193 12200 12201
 [4880] 12205 12206 12207 12215 12216 12217 12218 12220 12225 12226 12231 12232 12234 12235 12237 12238 12240
 [4897] 12241 12243 12245 12246 12247 12250 12252 12253 12262 12265 12266 12267 12269 12272 12276 12280 12281
 [4914] 12283 12290 12291 12297 12301 12304 12305 12307 12309 12310 12311 12312 12314 12316 12317 12320 12327
 [4931] 12328 12331 12338 12339 12340 12341 12344 12345 12346 12352 12353 12355 12359 12366 12368 12377 12382
 [4948] 12385 12386 12387 12388 12391 12392 12397 12398 12401 12404 12406 12408 12411 12413 12420 12423 12425
 [4965] 12427 12431 12434 12457 12459 12461 12463 12464 12466 12474 12475 12479 12480 12481 12483 12485 12486
 [4982] 12493 12495 12496 12497 12498 12502 12503 12505 12506 12507 12509 12510 12514 12515 12516 12525 12527
 [4999] 12530 12531 12532 12537 12538 12552 12554 12556 12558 12559 12560 12563 12564 12567 12568 12571 12582
 [5016] 12585 12586 12588 12590 12591 12592 12593 12594 12598 12601 12603 12606 12608 12611 12613 12615 12617
 [5033] 12619 12627 12631 12632 12635 12636 12638 12643 12647 12648 12649 12654 12655 12657 12659 12660 12663
 [5050] 12664 12666 12669 12675 12678 12680 12684 12688 12691 12698 12701 12704 12705 12709 12710 12713 12714
 [5067] 12716 12717 12719 12720 12722 12723 12726 12729 12730 12731 12732 12733 12734 12741 12742 12743 12747
 [5084] 12753 12755 12756 12764 12765 12767 12774 12777 12789 12791 12792 12793 12795 12800 12802 12803 12805
 [5101] 12807 12811 12812 12813 12814 12816 12817 12818 12820 12821 12822 12824 12828 12829 12831 12835 12836
 [5118] 12840 12842 12845 12848 12849 12851 12853 12855 12857 12860 12861 12863 12864 12867 12876 12877 12878
 [5135] 12879 12881 12884 12885 12888 12889 12893 12895 12896 12902 12905 12908 12909 12910 12911 12912 12915
 [5152] 12917 12918 12920 12924 12926 12927 12928 12929 12930 12932 12934 12935 12936 12937 12941 12942 12943
 [5169] 12946 12948 12950 12951 12952 12954 12957 12959 12960 12963 12965 12969 12971 12972 12974 12975 12988
 [5186] 12990 12991 12993 12994 12995 12996 13000 13001 13004 13006 13007 13008 13009 13016 13019 13020 13026
 [5203] 13028 13029 13038 13040 13044 13048 13050 13055 13056 13058 13060 13061 13067 13068 13069 13071 13072
 [5220] 13073 13080 13084 13086 13092 13093 13095 13096 13102 13105 13106 13107 13111 13113 13114 13115 13116
 [5237] 13118 13123 13126 13130 13134 13135 13136 13138 13139 13141 13142 13143 13146 13150 13152 13153 13156
 [5254] 13157 13161 13162 13164 13165 13166 13167 13168 13171 13173 13175 13176 13177 13188 13190 13191 13193
 [5271] 13195 13197 13202 13203 13207 13208 13210 13212 13213 13214 13216 13217 13222 13225 13228 13230 13231
 [5288] 13232 13233 13234 13235 13236 13239 13241 13243 13244 13245 13246 13248 13250 13251 13252 13254 13256
 [5305] 13257 13261 13262 13264 13266 13267 13268 13269 13285 13287 13291 13294 13295 13296 13297 13299 13300
 [5322] 13302 13304 13306 13307 13309 13331 13333 13334 13335 13339 13340 13344 13346 13356 13360 13361 13366
 [5339] 13367 13372 13373 13374 13376 13388 13389 13393 13394 13396 13406 13410 13411 13412 13413 13415 13416
 [5356] 13418 13419 13420 13428 13431 13433 13437 13440 13452 13454 13457 13460 13468 13471 13474 13476 13479
 [5373] 13497 13498 13499 13521 13522 13524 13525 13529 13536 13537 13541 13547 13549 13553 13554 13555 13557
 [5390] 13559 13560 13561 13563 13575 13576 13578 13579 13581 13582 13584 13585 13588 13590 13595 13597 13598
 [5407] 13602 13604 13605 13606 13611 13612 13614 13618 13619 13622 13627 13628 13630 13631 13632 13644 13646
 [5424] 13653 13660 13665 13666 13668 13669 13670 13673 13676 13678 13683 13684 13686 13688 13689 13693 13695
 [5441] 13701 13702 13703 13704 13710 13712 13713 13715 13716 13717 13718 13720 13722 13726 13727 13729 13730
 [5458] 13734 13737 13738 13739 13741 13742 13743 13745 13747 13749 13751 13753 13754 13757 13758 13766 13770
 [5475] 13771 13772 13773 13774 13777 13778 13779 13781 13782 13783 13784 13786 13789 13795 13797 13798 13799
 [5492] 13800 13801 13802 13803 13804 13807 13808 13810 13811 13812 13824 13825 13827 13829 13831 13832 13833
 [5509] 13834 13836 13837 13839 13840 13841 13848 13851 13852 13858 13860 13861 13872 13876 13883 13885 13888
 [5526] 13889 13892 13893 13899 13900 13901 13905 13906 13910 13912 13916 13919 13920 13921 13930 13937 13938
 [5543] 13942 13944 13948 13952 13955 13963 13964 13966 13968 13970 13971 13972 13973 13981 13984 13985 13988
 [5560] 13989 13991 13992 13996 13997 13998 14002 14010 14011 14015 14016 14017 14019 14020 14021 14022 14023
 [5577] 14024 14025 14026 14027 14029 14031 14039 14052 14053 14055 14057 14061 14064 14066 14067 14068 14069
 [5594] 14071 14072 14079 14082 14083 14085 14087 14091 14095 14099 14100 14101 14102 14103 14107 14109 14110
 [5611] 14112 14113 14117 14119 14120 14121 14124 14129 14133 14135 14145 14152 14162 14163 14167 14171 14172
 [5628] 14173 14174 14175 14181 14183 14187 14188 14194 14195 14196 14197 14200 14202 14203 14204 14205 14207
 [5645] 14210 14212 14213 14215 14219 14220 14221 14223 14224 14227 14228 14231 14232 14233 14238 14240 14250
 [5662] 14253 14257 14258 14259 14260 14261 14262 14263 14264 14265 14267 14270 14276 14277 14279 14280 14282
 [5679] 14283 14289 14291 14295 14296 14302 14306 14308 14310 14311 14312 14313 14314 14315 14316 14317 14318
 [5696] 14320 14325 14326 14331 14332 14333 14334 14335 14337 14338 14342 14345 14347 14349 14352 14353 14354
 [5713] 14359 14361 14364 14367 14370 14371 14376 14377 14378 14379 14388 14391 14393 14396 14399 14400 14401
 [5730] 14407 14423 14434 14435 14436 14438 14439 14440 14443 14447 14464 14467 14468 14471 14472 14474 14475
 [5747] 14477 14478 14479 14480 14481 14484 14489 14490 14491 14492 14493 14494 14497 14498 14501 14504 14505
 [5764] 14507 14510 14511 14513 14516 14518 14519 14520 14521 14523 14525 14527 14528 14529 14530 14531 14532
 [5781] 14533 14536 14537 14543 14544 14546 14548 14549 14550 14551 14554 14556 14558 14559 14561 14563 14565
 [5798] 14568 14574 14576 14579 14584 14586 14588 14590 14592 14593 14594 14598 14599 14602 14611 14612 14613
 [5815] 14620 14622 14623 14625 14628 14629 14630 14633 14637 14642 14643 14648 14650 14652 14656 14658 14660
 [5832] 14663 14665 14667 14668 14674 14675 14676 14682 14684 14686 14688 14689 14690 14691 14692 14693 14696
 [5849] 14699 14701 14703 14704 14705 14706 14707 14710 14711 14712 14716 14718 14720 14721 14722 14723 14731
 [5866] 14732 14733 14734 14735 14739 14740 14751 14753 14761 14762 14763 14764 14769 14771 14773 14774 14776
 [5883] 14778 14781 14782 14783 14786 14787 14789 14790 14792 14794 14795 14797 14798 14799 14800 14802 14803
 [5900] 14804 14805 14806 14807 14809 14812 14813 14817 14820 14821 14822 14828 14829 14831 14832 14835 14836
 [5917] 14838 14839 14841 14844 14845 14848 14849 14852 14853 14857 14859 14861 14862 14864 14865 14868 14870
 [5934] 14872 14875 14878 14888 14890 14891 14893 14894 14899 14900 14901 14908 14909 14910 14912 14913 14923
 [5951] 14925 14926 14944 14945 14947 14948 14950 14953 14954 14957 14967 14968 14969 14970 14978 14980 14991
 [5968] 14992 15006 15008 15011 15012 15015 15018 15020 15022 15024 15032 15040 15041 15042 15051 15059 15063
 [5985] 15065 15066 15067 15068 15070 15072 15073 15074 15075 15076 15081 15085 15089 15094 15095 15098 15110
 [6002] 15119 15120 15122 15123 15124 15125 15129 15131 15133 15135 15136 15137 15138 15142 15159 15161 15168
 [6019] 15170 15172 15173 15184 15187 15192 15209 15210 15211 15213 15215 15221 15223 15227 15229 15231 15232
 [6036] 15236 15258 15259 15262 15266 15268 15270 15271 15273 15275 15276 15277 15279 15281 15282 15284 15285
 [6053] 15286 15288 15296 15298 15300 15301 15302 15303 15304 15308 15310 15311 15315 15319 15320 15322 15323
 [6070] 15328 15329 15334 15335 15337 15338 15339 15341 15342 15343 15345 15347 15349 15351 15352 15358 15365
 [6087] 15377 15378 15379 15380 15383 15384 15386 15388 15390 15392 15394 15395 15398 15400 15401 15403 15407
 [6104] 15409 15410 15411 15412 15413 15414 15416 15418 15420 15423 15433 15435 15438 15439 15441 15445 15451
 [6121] 15453 15454 15455 15456 15458 15460 15462 15463 15464 15465 15467 15469 15470 15471 15472 15478 15479
 [6138] 15480 15481 15483 15484 15490 15491 15493 15494 15498 15500 15502 15506 15508 15510 15511 15512 15513
 [6155] 15514 15515 15518 15519 15521 15523 15524 15525 15526 15527 15528 15530 15532 15535 15540 15541 15542
 [6172] 15544 15550 15554 15556 15557 15561 15562 15571 15577 15578 15581 15584 15585 15586 15589 15590 15592
 [6189] 15593 15597 15598 15604 15609 15611 15612 15613 15614 15615 15619 15624 15625 15627 15628 15632 15633
 [6206] 15637 15638 15639 15644 15654 15656 15657 15665 15668 15670 15671 15673 15675 15680 15682 15683 15686
 [6223] 15690 15691 15696 15700 15701 15702 15705 15708 15710 15713 15714 15717 15725 15726 15728 15730 15732
 [6240] 15736 15737 15738 15741 15751 15753 15754 15755 15758 15760 15762 15763 15766 15767 15771 15774 15777
 [6257] 15782 15790 15794 15796 15797 15802 15803 15804 15806 15807 15808 15809 15810 15812 15816 15817 15818
 [6274] 15819 15820 15824 15826 15827 15829 15830 15831 15834 15835 15838 15839 15841 15846 15847 15849 15850
 [6291] 15851 15855 15856 15857 15865 15866 15871 15873 15875 15879 15882 15887 15893 15896 15903 15904 15906
 [6308] 15910 15913 15914 15916 15917 15919 15921 15924 15928 15933 15935 15936 15939 15940 15945 15947 15952
 [6325] 15953 15955 15956 15957 15958 15959 15960 15964 15965 15966 15970 15972 15973 15974 15975 15976 15977
 [6342] 15978 15979 15980 15982 15983 15984 15990 15992 15993 15994 15996 15997 15999 16001 16004 16008 16009
 [6359] 16018 16024 16026 16030 16032 16033 16035 16036 16038 16039 16040 16042 16044 16045 16048 16050 16051
 [6376] 16054 16058 16060 16061 16062 16063 16064 16067 16069 16070 16074 16076 16080 16090 16093 16095 16096
 [6393] 16101 16102 16104 16109 16114 16118 16120 16121 16124 16126 16127 16128 16129 16134 16135 16136 16137
 [6410] 16139 16140 16141 16143 16144 16148 16149 16150 16151 16152 16155 16157 16161 16162 16174 16175 16176
 [6427] 16180 16184 16187 16190 16205 16213 16215 16218 16220 16229 16230 16231 16232 16233 16234 16236 16238
 [6444] 16242 16243 16244 16245 16249 16252 16254 16255 16256 16257 16258 16259 16261 16262 16264 16265 16266
 [6461] 16267 16268 16270 16272 16273 16274 16276 16287 16301 16303 16305 16308 16309 16310 16313 16314 16317
 [6478] 16323 16330 16332 16335 16338 16349 16358 16359 16362 16364 16371 16377 16378 16380 16385 16388 16389
 [6495] 16392 16396 16397 16400 16406 16407 16410 16412 16414 16417 16419 16422 16423 16424 16425 16427 16429
 [6512] 16430 16431 16433 16434 16435 16438 16439 16440 16441 16442 16443 16447 16449 16451 16452 16453 16454
 [6529] 16457 16458 16459 16460 16462 16463 16465 16466 16467 16468 16469 16470 16472 16482 16486 16487 16495
 [6546] 16499 16500 16501 16503 16504 16506 16507 16510 16511 16513 16514 16516 16518 16527 16528 16529 16530
 [6563] 16534 16535 16539 16542 16544 16546 16548 16549 16553 16554 16645 16646 16649 16650 16653 16654 16656
 [6580] 16659 16662 16663 16668 16670 16671 16678 16679 16680 16682 16685 16687 16688 16692 16695 16698 16699
 [6597] 16700 16705 16709 16711 16712 16713 16716 16717 16718 16719 16724 16729 16730 16731 16732 16744 16750
 [6614] 16751 16755 16756 16757 16760 16761 16763 16765 16775 16777 16778 16779 16780 16783 16785 16787 16788
 [6631] 16790 16791 16793 16795 16805 16806 16807 16808 16809 16811 16812 16825 16828 16830 16833 16834 16835
 [6648] 16836 16837 16838 16841 16842 16848 16854 16856 16861 16863 16864 16867 16872 16873 16879 16884 16885
 [6665] 16886 16889 16891 16892 16894 16895 16897 16905 16906 16909 16913 16928 16929 16933 16935 16943 16944
 [6682] 16946 16947 16952 16953 16955 16957 16960 16961 16963 16964 16965 16966 16967 16971 16974 16975 16981
 [6699] 16983 16988 16989 16992 16996 16999 17000 17001 17003 17004 17005 17007 17008 17009 17013 17017 17018
 [6716] 17020 17021 17023 17025 17027 17028 17029 17031 17033 17039 17040 17045 17046 17047 17048 17052 17053
 [6733] 17054 17055 17056 17057 17059 17060 17062 17065 17067 17068 17069 17071 17073 17077 17079 17080 17082
 [6750] 17084 17089 17094 17095 17104 17106 17108 17113 17114 17116 17117 17119 17121 17122 17125 17127 17128
 [6767] 17129 17130 17132 17133 17134 17136 17137 17139 17140 17141 17149 17150 17152 17153 17154 17159 17161
 [6784] 17162 17164 17166 17167 17171 17172 17175 17176 17177 17178 17184 17189 17190 17191 17192 17196 17202
 [6801] 17206 17207 17211 17212 17214 17220 17221 17222 17224 17225 17227 17228 17229 17234 17238 17242 17243
 [6818] 17244 17247 17251 17254 17258 17263 17264 17265 17268 17269 17272 17273 17274 17276 17279 17280 17282
 [6835] 17283 17284 17286 17287 17291 17292 17293 17294 17295 17298 17300 17301 17302 17303 17315 17319 17322
 [6852] 17323 17326 17327 17328 17332 17334 17335 17336 17341 17342 17344 17347 17348 17351 17353 17356 17360
 [6869] 17361 17363 17365 17366 17369 17370 17372 17373 17375 17378 17385 17389 17391 17394 17395 17401 17403
 [6886] 17404 17407 17410 17412 17414 17415 17416 17419 17420 17422 17423 17424 17427 17428 17431 17433 17435
 [6903] 17436 17438 17439 17440 17441 17442 17444 17457 17460 17462 17463 17465 17468 17470 17471 17472 17481
 [6920] 17482 17487 17491 17494 17502 17504 17505 17506 17508 17509 17511 17512 17515 17516 17522 17524 17526
 [6937] 17528 17530 17535 17537 17541 17545 17548 17549 17550 17551 17552 17555 17556 17557 17558 17559 17560
 [6954] 17562 17566 17570 17572 17584 17585 17590 17592 17593 17595 17596 17597 17598 17599 17605 17612 17613
 [6971] 17616 17621 17627 17629 17630 17631 17633 17634 17635 17638 17640 17641 17643 17644 17645 17649 17652
 [6988] 17653 17654 17655 17659 17660 17662 17663 17664 17666 17671 17683 17690 17691 17692 17700 17707 17708
 [7005] 17710 17712 17714 17716 17717 17720 17723 17731 17736 17740 17744 17748 17750 17751 17755 17761 17770
 [7022] 17773 17777 17778 17782 17784 17789 17792 17793 17794 17797 17798 17809 17812 17813 17816 17817 17819
 [7039] 17820 17826 17827 17829 17830 17835 17836 17843 17844 17846 17848 17852 17853 17854 17857 17858 17863
 [7056] 17864 17866 17870 17871 17872 17873 17874 17880 17882 17884 17885 17886 17888 17891 17892 17894 17895
 [7073] 17897 17901 17903 17904 17905 17908 17909 17910 17913 17914 17917 17920 17922 17923 17924 17926 17928
 [7090] 17929 17931 17932 17934 17937 17942 17943 17947 17949 17950 17951 17952 17954 17957 17958 17961 17962
 [7107] 17963 17964 17965 17967 17968 17970 17973 17975 17976 17986 17987 17988 17990 17991 17992 17993 17994
 [7124] 17997 17999 18001 18011 18012 18014 18017 18018 18023 18024 18026 18031 18032 18033 18035 18040 18044
 [7141] 18045 18050 18052 18056 18057 18058 18061 18063 18065 18066 18067 18071 18072 18073 18075 18083 18084
 [7158] 18089 18092 18094 18096 18097 18099 18101 18102 18112 18115 18119 18122 18126 18130 18133 18138 18143
 [7175] 18144 18145 18149 18150 18152 18158 18163 18164 18165 18167 18171 18183 18186 18189 18190 18193 18194
 [7192] 18197 18200 18201 18202 18206 18209 18211 18212 18213 18214 18215 18225 18228 18233 18238 18241 18244
 [7209] 18245 18246 18247 18250 18253 18255 18257 18258 18260 18265 18269 18275 18276 18277 18283 18284 18286
 [7226] 18290 18291 18292 18302 18306 18307 18308 18309 18311 18312 18314 18315 18316 18320 18323 18326 18327
 [7243] 18328 18332 18337 18338 18344 18345 18349 18353 18358 18359 18362 18366 18367 18372 18373 18375 18377
 [7260] 18378 18380 18383 18384 18385 18387 18395 18398 18399 18404 18405 18408 18410 18412 18415 18417 18420
 [7277] 18425 18427 18431 18438 18442 18444 18446 18447 18448 18449 18452 18458 18459 18461 18462 18463 18469
 [7294] 18474 18475 18488 18490 18491 18493 18495 18496 18497 18504 18515 18516 18520 18521 18522 18524 18525
 [7311] 18526 18527 18537 18538 18539 18540 18542 18544 18545 18546 18550 18551 18558 18562 18570 18571 18573
 [7328] 18577 18585 18587 18588 18593 18599 18600 18602 18605 18606 18608 18612 18613 18614 18615 18616 18618
 [7345] 18620 18622 18623 18628 18630 18631 18632 18634 18636 18637 18640 18642 18643 18647 18648 18649 18650
 [7362] 18658 18659 18661 18662 18664 18672 18677 18678 18682 18683 18684 18686 18687 18688 18689 18691 18692
 [7379] 18696 18697 18698 18701 18702 18704 18705 18713 18714 18715 18718 18719 18720 18722 18724 18726 18729
 [7396] 18731 18736 18739 18743 18744 18746 18749 18752 18766 18768 18773 18776 18777 18779 18780 18781 18782
 [7413] 18787 18789 18790 18794 18798 18799 18803 18804 18808 18809 18811 18814 18815 18816 18817 18825 18829
 [7430] 18831 18836 18845 18848 18850 18851 18853 18856 18857 18858 18859 18860 18862 18864 18866 18868 18871
 [7447] 18873 18874 18875 18876 18880 18881 18885 18893 18898 18903 18905 18906 18909 18912 18923 18924 18925
 [7464] 18926 18928 18930 18934 18942 18944 18945 18950 18952 18957 18958 18963 18964 18965 18966 18969 18971
 [7481] 18972 18974 18976 18978 18982 18983 18984 18988 18999 19003 19004 19006 19008 19010 19014 19015 19017
 [7498] 19018 19023 19024 19029 19033 19034 19036 19044 19045 19047 19053 19054 19062 19066 19067 19070 19072
 [7515] 19073 19074 19075 19076 19077 19084 19085 19086 19087 19089 19094 19095 19098 19099 19101 19104 19106
 [7532] 19108 19109 19110 19111 19112 19130 19137 19138 19139 19140 19141 19143 19144 19146 19148 19150 19154
 [7549] 19156 19158 19159 19162 19163 19167 19169 19170 19172 19174 19177 19180 19183 19185 19188 19189 19196
 [7566] 19197 19198 19200 19210 19215 19221 19222 19224 19227 19231 19234 19237 19242 19243 19244 19245 19248
 [7583] 19250 19251 19252 19253 19255 19262 19263 19267 19268 19271 19273 19312 19313 19314 19317 19323 19324
 [7600] 19326 19327 19332 19334 19341 19342 19346 19348 19350 19352 19354 19358 19362 19364 19366 19372 19374
 [7617] 19375 19376 19378 19379 19380 19381 19382 19383 19385 19386 19387 19388 19389 19393 19397 19399 19401
 [7634] 19402 19404 19407 19408 19415 19416 19418 19419 19421 19422 19424 19425 19426 19427 19428 19430 19432
 [7651] 19434 19435 19437 19438 19439 19444 19446 19447 19448 19450 19451 19453 19458 19464 19469 19470 19476
 [7668] 19477 19478 19482 19483 19484 19485 19486 19491 19493 19495 19499 19500 19501 19503 19504 19510 19512
 [7685] 19514 19515 19517 19518 19519 19520 19532 19534 19536 19537 19539 19540 19541 19545 19546 19548 19550
 [7702] 19551 19554 19555 19556 19558 19559 19565 19566 19575 19578 19579 19580 19581 19584 19585 19588 19592
 [7719] 19593 19594 19597 19598 19600 19603 19606 19608 19609 19613 19616 19623 19624 19627 19633 19635 19636
 [7736] 19638 19639 19641 19642 19649 19650 19652 19657 19658 19663 19666 19674 19675 19676 19677 19679 19681
 [7753] 19690 19691 19693 19696 19697 19705 19706 19708 19710 19716 19721 19723 19725 19729 19730 19731 19739
 [7770] 19741 19754 19757 19758 19759 19760 19762 19766 19767 19768 19771 19774 19776 19779 19780 19781 19782
 [7787] 19784 19785 19786 19789 19790 19791 19793 19794 19795 19797 19798 19799 19809 19815 19818 19819 19821
 [7804] 19822 19829 19831 19832 19834 19835 19836 19838 19840 19843 19844 19851 19854 19858 19863 19865 19868
 [7821] 19870 19871 19872 19881 19882 19883 19889 19890 19893 19895 19896 19897 19900 19902 19903 19907 19908
 [7838] 19914 19918 19920 19921 19922 19923 19930 19931 19935 19938 19945 19947 19949 19952 19957 19958 19960
 [7855] 19961 19965 19966 19967 19972 19974 19977 19983 19984 19985 19987 19991 19996 20001 20002 20004 20005
 [7872] 20008 20011 20012 20013 20015 20016 20018 20019 20020 20021 20022 20024 20026 20029 20038 20040 20041
 [7889] 20043 20045 20049 20059 20062 20067 20069 20070 20071 20073 20076 20080 20081 20085 20088 20089 20091
 [7906] 20093 20099 20100 20101 20102 20104 20106 20109 20113 20115 20117 20118 20121 20128 20131 20134 20136
 [7923] 20137 20138 20141 20142 20143 20144 20146 20147 20161 20162 20163 20171 20172 20174 20177 20178 20181
 [7940] 20182 20183 20184 20185 20187 20190 20194 20195 20197 20201 20203 20210 20211 20213 20215 20217 20221
 [7957] 20223 20226 20237 20242 20243 20244 20246 20247 20248 20250 20251 20255 20256 20261 20262 20266 20268
 [7974] 20272 20273 20282 20283 20285 20286 20290 20292 20293 20294 20297 20298 20300 20301 20304 20306 20307
 [7991] 20309 20312 20314 20315 20316 20320 20322 20324 20325 20328 20332 20338 20345 20347 20349 20350 20354
 [8008] 20361 20362 20365 20366 20367 20368 20385 20386 20388 20389 20390 20391 20393 20394 20395 20399 20400
 [8025] 20405 20407 20414 20415 20416 20418 20420 20421 20423 20424 20427 20431 20432 20436 20452 20453 20463
 [8042] 20464 20465 20470 20471 20475 20476 20477 20482 20483 20488 20494 20495 20496 20497 20498 20499 20500
 [8059] 20503 20504 20515 20517 20520 20521 20532 20535 20538 20539 20540 20547 20555 20556 20560 20561 20563
 [8076] 20564 20566 20570 20571 20572 20585 20591 20593 20597 20603 20604 20607 20609 20611 20614 20615 20618
 [8093] 20619 20620 20621 20622 20625 20631 20633 20634 20635 20636 20638 20639 20641 20646 20648 20649 20651
 [8110] 20656 20658 20659 20667 20669 20670 20671 20673 20676 20681 20682 20683 20684 20685 20688 20698 20700
 [8127] 20701 20703 20704 20706 20711 20713 20714 20717 20719 20720 20721 20722 20725 20726 20733 20739 20744
 [8144] 20745 20746 20747 20748 20749 20751 20752 20757 20758 20759 20760 20761 20771 20772 20778 20782 20783
 [8161] 20786 20788 20789 20790 20791 20794 20795 20806 20807 20810 20811 20812 20816 20820 20821 20822 20824
 [8178] 20827 20834 20835 20841 20842 20843 20845 20846 20847 20848 20851 20852 20853 20854 20855 20856 20857
 [8195] 20860 20861 20864 20870 20871 20872 20877 20885 20886 20888 20890 20894 20897 20899 20902 20905 20906
 [8212] 20907 20908 20909 20910 20912 20913 20914 20915 20924 20929 20936 20939 20940 20941 20943 20944 20950
 [8229] 20952 20954 20955 20957 20964 20966 20968 20969 20970 20974 20975 20976 20979 20980 20981 20984 20985
 [8246] 20986 20996 20997 20999 21001 21002 21004 21007 21009 21017 21018 21019 21022 21029 21030 21034 21037
 [8263] 21042 21044 21046 21049 21052 21054 21055 21056 21065 21068 21070 21072 21074 21084 21085 21092 21096
 [8280] 21100 21102 21108 21109 21111 21116 21120 21123 21125 21129 21133 21137 21140 21141 21147 21150 21152
 [8297] 21153 21154 21155 21156 21157 21158 21159 21160 21161 21164 21167 21168 21169 21171 21172 21183 21184
 [8314] 21187 21192 21196 21197 21198 21200 21201 21203 21204 21207 21209 21214 21216 21218 21219 21224 21226
 [8331] 21227 21229 21232 21235 21237 21238 21239 21241 21245 21247 21252 21253 21254 21256 21259 21260 21261
 [8348] 21264 21265 21266 21268 21269 21271 21272 21273 21275 21282 21283 21289 21291 21296 21303 21308 21312
 [8365] 21316 21323 21331 21332 21334 21335 21336 21338 21351 21353 21354 21355 21356 21360 21361 21363 21364
 [8382] 21366 21369 21373 21375 21378 21379 21380 21382 21385 21386 21388 21389 21390 21392 21405 21406 21407
 [8399] 21408 21412 21423 21424 21425 21437 21438 21440 21441 21442 21444 21452 21454 21456 21458 21461 21463
 [8416] 21464 21465 21468 21475 21477 21478 21481 21483 21484 21485 21489 21495 21497 21499 21500 21503 21504
 [8433] 21509 21510 21515 21516 21517 21520 21524 21525 21527 21528 21529 21530 21532 21536 21539 21540 21541
 [8450] 21542 21543 21548 21549 21550 21555 21557 21558 21559 21563 21564 21566 21570 21574 21575 21583 21599
 [8467] 21603 21610 21611 21613 21614 21618 21619 21621 21626 21628 21638 21641 21642 21645 21646 21647 21648
 [8484] 21649 21652 21656 21658 21665 21668 21671 21672 21674 21675 21676 21692 21697 21699 21704 21705 21707
 [8501] 21708 21709 21711 21720 21753 21756 21757 21758 21760 21762 21763 21764 21765 21768 21770 21771 21774
 [8518] 21780 21781 21784 21785 21790 21794 21795 21800 21805 21806 21809 21810 21811 21812 21814 21815 21816
 [8535] 21817 21821 21823 21824 21826 21827 21829 21830 21832 21833 21836 21847 21849 21850 21853 21858 21859
 [8552] 21861 21864 21867 21868 21869 21872 21875 21876 21877 21878 21881 21882 21883 21889 21890 21891 21896
 [8569] 21897 21899 21900 21901 21906 21907 21909 21910 21926 21929 21935 21936 21937 21943 21944 21947 21948
 [8586] 21949 21952 21958 21959 21960 21961 21962 21963 21964 21965 21966 21970 21971 21974 21976 21978 21979
 [8603] 21984 21988 21991 21992 21993 21995 21998 22004 22006 22007 22008 22016 22017 22032 22033 22034 22035
 [8620] 22037 22039 22041 22044 22047 22050 22052 22054 22060 22061 22063 22064 22069 22077 22083 22084 22085
 [8637] 22086 22087 22089 22091 22092 22094 22095 22101 22105 22108 22109 22110 22111 22116 22117 22119 22121
 [8654] 22123 22124 22126 22128 22132 22134 22139 22140 22141 22143 22144 22147 22148 22153 22154 22161 22162
 [8671] 22167 22170 22171 22172 22173 22179 22181 22182 22184 22186 22189 22191 22197 22202 22205 22207 22211
 [8688] 22214 22215 22219 22220 22221 22223 22225 22227 22230 22232 22233 22235 22244 22245 22246 22247 22248
 [8705] 22250 22251 22255 22256 22258 22259 22261 22264 22265 22267 22271 22273 22274 22281 22285 22289 22290
 [8722] 22291 22293 22294 22302 22304 22305 22307 22311 22318 22319 22320 22323 22324 22326 22328 22333 22337
 [8739] 22339 22341 22345 22346 22347 22350 22351 22352 22356 22358 22359 22360 22362 22365 22369 22371 22372
 [8756] 22379 22381 22382 22384 22385 22386 22388 22389 22390 22391 22396 22397 22398 22400 22405 22414 22422
 [8773] 22426 22437 22439 22441 22443 22446 22449 22452 22455 22456 22457 22465 22468 22476 22482 22483 22486
 [8790] 22488 22489 22490 22495 22496 22498 22499 22501 22503 22504 22520 22524 22527 22528 22535 22538 22546
 [8807] 22549 22550 22551 22556 22559 22560 22561 22562 22563 22580 22583 22584 22585 22587 22594 22598 22606
 [8824] 22608 22619 22620 22622 22625 22627 22628 22629 22630 22633 22635 22638 22639 22641 22642 22643 22644
 [8841] 22646 22647 22654 22658 22659 22664 22665 22672 22673 22674 22678 22681 22683 22684 22685 22686 22689
 [8858] 22690 22692 22695 22696 22698 22705 22708 22709 22710 22713 22719 22722 22725 22731 22732 22734 22741
 [8875] 22742 22743 22744 22745 22751 22752 22753 22755 22756 22757 22759 22761 22768 22775 22778 22780 22784
 [8892] 22785 22787 22788 22789 22796 22797 22799 22801 22802 22805 22808 22809 22813 22815 22816 22817 22819
 [8909] 22820 22821 22825 22827 22831 22834 22844 22846 22847 22848 22855 22862 22863 22865 22866 22872 22873
 [8926] 22874 22875 22876 22877 22879 22882 22883 22884 22887 22888 22889 22891 22892 22894 22896 22897 22899
 [8943] 22900 22901 22905 22908 22909 22912 22913 22916 22919 22920 22923 22927 22931 22934 22941 22943 22944
 [8960] 22945 22952 22961 22962 22965 22966 22967 22969 22973 22975 22977 22979 22985 22988 22990 22995 22996
 [8977] 22999 23004 23008 23009 23010 23011 23012 23013 23014 23015 23018 23024 23026 23028 23030 23031 23032
 [8994] 23035 23052 23053 23057 23059 23061 23063 23067 23068 23069 23070 23071 23072 23074 23077 23079 23080
 [9011] 23083 23086 23087 23088 23089 23095 23098 23099 23102 23103 23110 23113 23114 23115 23117 23121 23122
 [9028] 23125 23126 23129 23136 23138 23140 23141 23142 23144 23148 23156 23158 23160 23161 23174 23175 23177
 [9045] 23181 23187 23189 23193 23194 23196 23199 23207 23208 23209 23210 23211 23213 23214 23222 23223 23224
 [9062] 23235 23239 23241 23242 23264 23266 23267 23269 23270 23273 23278 23281 23282 23284 23285 23286 23287
 [9079] 23290 23293 23301 23308 23309 23310 23314 23316 23317 23328 23335 23337 23338 23343 23345 23349 23352
 [9096] 23354 23356 23357 23359 23360 23363 23364 23365 23366 23375 23376 23382 23383 23385 23389 23390 23394
 [9113] 23398 23406 23408 23409 23410 23411 23427 23436 23442 23444 23446 23456 23457 23459 23460 23465 23466
 [9130] 23468 23470 23471 23472 23475 23494 23495 23501 23503 23504 23509 23510 23515 23519 23520 23522 23523
 [9147] 23524 23537 23538 23539 23541 23542 23544 23545 23547 23549 23551 23552 23553 23560 23565 23575 23581
 [9164] 23583 23584 23585 23587 23588 23590 23594 23601 23604 23606 23607 23611 23618 23626 23637 23640 23641
 [9181] 23652 23657 23659 23662 23663 23665 23666 23668 23671 23672 23675 23683 23685 23686 23687 23690 23691
 [9198] 23693 23696 23698 23699 23701 23704 23706 23708 23717 23718 23719 23722 23724 23731 23734 23735 23736
 [9215] 23737 23738 23739 23741 23745 23746 23747 23748 23749 23750 23751 23753 23755 23758 23759 23762 23766
 [9232] 23771 23772 23775 23781 23782 23783 23789 23795 23796 23797 23802 23803 23804 23805 23809 23811 23821
 [9249] 23825 23827 23832 23833 23835 23837 23840 23841 23842 23848 23856 23864 23865 23867 23870 23872 23873
 [9266] 23875 23876 23878 23880 23881 23883 23884 23889 23891 23892 23893 23899 23900 23912 23913 23915 23918
 [9283] 23920 23921 23924 23926 23927 23928 23929 23931 23933 23934 23935 23939 23941 23942 23945 23947 23949
 [9300] 23950 23952 23954 23959 23965 23969 23970 23973 23979 23984 23985 23990 23991 23992 23993 23995 23996
 [9317] 24002 24003 24005 24009 24011 24013 24016 24018 24019 24020 24021 24023 24024 24026 24027 24030 24033
 [9334] 24037 24042 24043 24044 24045 24047 24048 24051 24052 24055 24058 24060 24062 24065 24067 24075 24076
 [9351] 24078 24079 24086 24087 24089 24090 24093 24097 24105 24107 24110 24113 24114 24115 24117 24118 24122
 [9368] 24123 24124 24125 24126 24128 24129 24131 24134 24136 24137 24138 24141 24143 24149 24152 24155 24160
 [9385] 24164 24166 24168 24171 24173 24174 24175 24176 24177 24178 24180 24181 24187 24189 24192 24195 24197
 [9402] 24198 24205 24206 24208 24214 24217 24218 24220 24222 24223 24224 24227 24230 24231 24233 24234 24238
 [9419] 24239 24243 24247 24248 24251 24255 24261 24262 24266 24267 24271 24273 24274 24275 24277 24278 24279
 [9436] 24280 24282 24285 24287 24288 24289 24292 24302 24303 24305 24306 24308 24310 24311 24313 24314 24315
 [9453] 24317 24318 24319 24320 24321 24322 24324 24326 24327 24328 24329 24330 24332 24333 24337 24340 24344
 [9470] 24355 24356 24358 24359 24360 24361 24365 24366 24367 24368 24369 24371 24372 24373 24374 24378 24381
 [9487] 24383 24385 24388 24389 24390 24396 24400 24405 24407 24408 24410 24412 24414 24416 24417 24423 24425
 [9504] 24426 24434 24436 24438 24441 24442 24445 24446 24448 24454 24455 24459 24461 24462 24464 24465 24469
 [9521] 24471 24474 24477 24478 24490 24515 24516 24518 24519 24521 24522 24523 24524 24525 24526 24531 24545
 [9538] 24546 24549 24550 24555 24556 24560 24561 24564 24566 24567 24568 24569 24570 24571 24581 24582 24585
 [9555] 24587 24589 24591 24596 24599 24600 24603 24605 24611 24618 24619 24622 24625 24627 24628 24633 24634
 [9572] 24635 24636 24641 24642 24644 24645 24648 24649 24656 24658 24660 24661 24662 24665 24668 24672 24673
 [9589] 24674 24676 24677 24680 24681 24683 24684 24685 24686 24689 24693 24696 24708 24709 24710 24711 24712
 [9606] 24713 24714 24716 24719 24721 24725 24726 24728 24730 24731 24733 24735 24736 24737 24738 24742 24743
 [9623] 24745 24749 24750 24751 24752 24754 24758 24759 24762 24763 24764 24765 24766 24768 24770 24771 24773
 [9640] 24776 24777 24778 24780 24781 24785 24786 24787 24789 24790 24796 24798 24799 24802 24804 24806 24809
 [9657] 24810 24813 24815 24816 24817 24823 24825 24828 24834 24836 24838 24839 24842 24844 24845 24851 24853
 [9674] 24854 24856 24857 24858 24859 24860 24862 24863 24865 24866 24867 24868 24870 24872 24876 24877 24878
 [9691] 24880 24881 24882 24883 24885 24886 24888 24892 24893 24895 24898 24902 24904 24905 24910 24911 24914
 [9708] 24915 24919 24924 24926 24927 24931 24932 24933 24934 24936 24941 24946 24947 24962 24963 24971 24972
 [9725] 24976 24977 24979 24983 24984 24986 24992 24993 24996 24997 24998 24999 25000 25009 25010 25016 25020
 [9742] 25025 25026 25027 25028 25036 25037 25044 25045 25046 25047 25048 25049 25052 25056 25059 25061 25064
 [9759] 25065 25066 25067 25069 25070 25071 25075 25078 25079 25080 25082 25083 25084 25087 25093 25094 25102
 [9776] 25106 25111 25112 25114 25115 25116 25118 25120 25121 25130 25132 25136 25139 25144 25145 25152 25153
 [9793] 25155 25158 25160 25161 25162 25164 25165 25166 25168 25169 25172 25175 25179 25183 25188 25190 25193
 [9810] 25198 25203 25215 25217 25231 25233 25236 25237 25238 25240 25247 25251 25252 25253 25254 25255 25264
 [9827] 25269 25272 25273 25274 25279 25281 25282 25284 25285 25290 25294 25295 25297 25299 25302 25304 25308
 [9844] 25312 25313 25315 25320 25323 25324 25326 25327 25333 25337 25339 25340 25341 25342 25343 25344 25345
 [9861] 25346 25347 25349 25351 25354 25357 25359 25360 25363 25364 25366 25367 25371 25375 25376 25378 25380
 [9878] 25382 25385 25386 25387 25388 25389 25392 25395 25397 25398 25400 25401 25404 25405 25406 25408 25409
 [9895] 25412 25416 25419 25420 25421 25422 25424 25425 25429 25430 25432 25434 25436 25439 25444 25445 25446
 [9912] 25448 25459 25460 25461 25464 25466 25467 25468 25470 25471 25472 25474 25475 25476 25479 25481 25482
 [9929] 25484 25486 25487 25499 25500 25502 25503 25505 25507 25508 25511 25512 25514 25518 25520 25524 25532
 [9946] 25533 25534 25536 25537 25538 25539 25540 25541 25554 25564 25574 25579 25580 25581 25583 25584 25585
 [9963] 25586 25588 25589 25591 25592 25593 25594 25595 25596 25597 25598 25599 25600 25601 25605 25606 25610
 [9980] 25620 25621 25622 25623 25625 25628 25632 25638 25639 25641 25643 25649 25650 25652 25654 25656 25657
 [9997] 25658 25663 25668 25673
 [ reached getOption("max.print") -- omitted 56978 entries ]
