
===========  earth  ============

   [1]     6    20    29    36    49    53    57    58    59    62    64    73    85    86    90   100   104   119   152
  [20]   175   180   183   206   214   223   235   251   252   266   271   276   298   299   316   322   339   345   354
  [39]   355   369   380   381   388   390   408   422   450   451   502   503   575   601   602   607   643   646   655
  [58]   661   672   674   676   683   688   697   699   719   732   773   780   809   811   812   816   817   820   827
  [77]   828   849   851   857   865   866   868   882   914   916   920   929   948   958   963   996   998  1006  1008
  [96]  1019  1030  1038  1060  1081  1087  1092  1093  1114  1136  1140  1141  1152  1173  1174  1175  1177  1181  1182
 [115]  1185  1187  1192  1195  1201  1208  1209  1229  1253  1257  1293  1300  1310  1313  1316  1318  1330  1333  1336
 [134]  1337  1343  1374  1377  1379  1382  1384  1385  1386  1388  1390  1392  1411  1424  1425  1434  1439  1440  1448
 [153]  1486  1488  1489  1493  1497  1514  1519  1521  1523  1527  1528  1529  1530  1532  1533  1540  1541  1549  1555
 [172]  1556  1564  1566  1568  1570  1575  1578  1579  1583  1586  1599  1606  1608  1611  1614  1621  1657  1661  1663
 [191]  1665  1670  1674  1676  1681  1685  1687  1693  1695  1696  1697  1699  1713  1728  1745  1748  1754  1764  1771
 [210]  1774  1778  1797  1805  1816  1817  1826  1841  1848  1857  1859  1861  1863  1867  1871  1882  1889  1900  1901
 [229]  1902  1912  1916  1936  1938  1940  1945  1948  1958  1969  1987  1993  2001  2006  2010  2011  2017  2018  2019
 [248]  2043  2044  2045  2057  2068  2080  2085  2099  2102  2105  2109  2118  2130  2154  2155  2156  2166  2168  2169
 [267]  2170  2179  2183  2184  2186  2188  2189  2192  2203  2205  2210  2221  2228  2229  2230  2232  2241  2243  2244
 [286]  2248  2257  2258  2351  2354  2365  2366  2384  2391  2401  2404  2427  2431  2437  2439  2443  2445  2455  2462
 [305]  2466  2467  2470  2479  2486  2489  2490  2491  2493  2494  2495  2499  2509  2510  2515  2519  2538  2540  2542
 [324]  2543  2545  2546  2570  2574  2597  2601  2605  2609  2614  2619  2626  2627  2631  2636  2651  2663  2681  2682
 [343]  2688  2700  2702  2711  2716  2717  2718  2726  2727  2744  2745  2748  2756  2758  2763  2766  2768  2769  2774
 [362]  2775  2781  2782  2784  2787  2799  2802  2819  2821  2822  2831  2844  2848  2870  2874  2880  2888  2895  2896
 [381]  2900  2916  2917  2919  2922  2931  2938  2939  2944  2947  2951  2965  2975  2977  2983  3011  3012  3013  3019
 [400]  3020  3023  3026  3033  3035  3040  3045  3050  3082  3083  3097  3102  3113  3114  3119  3120  3126  3127  3128
 [419]  3130  3143  3155  3157  3159  3161  3162  3166  3169  3176  3193  3214  3229  3234  3247  3249  3254  3259  3265
 [438]  3270  3283  3294  3328  3332  3346  3348  3369  3373  3375  3381  3387  3396  3440  3446  3447  3448  3456  3457
 [457]  3472  3474  3481  3483  3487  3500  3501  3508  3512  3516  3519  3524  3545  3547  3555  3556  3572  3577  3587
 [476]  3609  3611  3614  3617  3619  3662  3671  3684  3687  3689  3693  3694  3695  3697  3713  3720  3722  3725  3745
 [495]  3757  3767  3769  3773  3782  3788  3795  3799  3805  3806  3809  3816  3831  3838  3842  3848  3850  3864  3871
 [514]  3875  3890  3896  3900  3925  3935  3937  3939  3948  3949  3951  3958  3963  3964  3972  3982  3983  3985  3993
 [533]  4007  4015  4017  4018  4019  4046  4052  4061  4075  4086  4087  4088  4089  4117  4125  4126  4132  4135  4146
 [552]  4151  4152  4154  4155  4160  4170  4177  4181  4184  4192  4195  4201  4205  4206  4217  4219  4231  4237  4245
 [571]  4249  4259  4261  4265  4272  4274  4275  4277  4280  4293  4295  4308  4356  4364  4369  4370  4382  4384  4385
 [590]  4387  4407  4418  4422  4426  4454  4455  4472  4474  4484  4486  4491  4496  4503  4509  4522  4523  4529  4540
 [609]  4541  4548  4551  4562  4564  4567  4568  4569  4575  4578  4586  4587  4597  4601  4604  4607  4616  4627  4632
 [628]  4641  4643  4644  4647  4651  4653  4666  4696  4701  4721  4722  4726  4729  4730  4742  4746  4747  4750  4760
 [647]  4761  4768  4771  4778  4779  4780  4782  4791  4797  4798  4827  4833  4837  4844  4845  4846  4863  4869  4874
 [666]  4875  4879  4880  4884  4888  4907  4919  4924  4931  4940  4942  4957  4961  4963  4964  4965  4974  4979  4998
 [685]  5003  5006  5014  5019  5025  5030  5031  5053  5058  5064  5068  5069  5074  5079  5083  5084  5087  5095  5102
 [704]  5119  5125  5131  5133  5138  5145  5150  5163  5167  5168  5194  5198  5199  5201  5209  5210  5215  5219  5221
 [723]  5224  5227  5240  5242  5256  5282  5292  5303  5323  5330  5331  5332  5337  5339  5356  5366  5368  5388  5397
 [742]  5399  5411  5414  5437  5438  5440  5447  5448  5457  5460  5463  5472  5475  5478  5484  5487  5489  5522  5548
 [761]  5550  5551  5552  5571  5577  5579  5586  5588  5592  5599  5602  5609  5627  5628  5648  5652  5664  5680  5689
 [780]  5692  5693  5697  5704  5716  5724  5725  5745  5748  5749  5751  5753  5755  5759  5761  5772  5775  5783  5788
 [799]  5804  5812  5827  5834  5838  5841  5852  5853  5875  5876  5893  5895  5896  5902  5910  5913  5917  5919  5921
 [818]  5922  5928  5937  5942  5946  5959  5961  5965  5966  5970  5973  5974  5975  5993  5999  6004  6015  6019  6029
 [837]  6030  6032  6048  6060  6062  6064  6065  6066  6084  6088  6097  6098  6099  6113  6114  6115  6119  6121  6133
 [856]  6139  6144  6145  6147  6154  6162  6164  6171  6180  6207  6212  6224  6230  6240  6242  6247  6251  6255  6258
 [875]  6260  6267  6269  6272  6274  6288  6300  6309  6315  6317  6321  6322  6326  6349  6351  6366  6383  6402  6406
 [894]  6417  6420  6444  6445  6462  6466  6473  6508  6509  6527  6547  6551  6554  6557  6562  6569  6571  6574  6576
 [913]  6583  6594  6595  6596  6597  6598  6602  6604  6611  6612  6613  6616  6620  6623  6628  6630  6633  6638  6640
 [932]  6643  6649  6653  6655  6659  6667  6676  6684  6685  6693  6697  6698  6699  6705  6706  6712  6720  6741  6743
 [951]  6756  6758  6759  6771  6802  6811  6817  6821  6825  6831  6840  6844  6851  6856  6857  6859  6870  6877  6878
 [970]  6879  6880  6882  6885  6886  6892  6896  6902  6906  6918  6928  6948  6950  6962  6989  6991  6992  6993  6994
 [989]  7008  7009  7012  7022  7023  7030  7039  7041  7048  7049  7054  7062  7066  7067  7072  7074  7077  7088  7091
[1008]  7095  7099  7105  7107  7112  7114  7115  7117  7129  7135  7136  7137  7139  7144  7146  7159  7160  7169  7172
[1027]  7174  7178  7183  7187  7188  7194  7196  7198  7200  7201  7202  7203  7205  7207  7215  7223  7224  7235  7253
[1046]  7257  7277  7278  7280  7291  7294  7298  7300  7305  7322  7325  7331  7332  7334  7337  7341  7343  7377  7390
[1065]  7397  7404  7415  7419  7422  7441  7442  7443  7451  7458  7459  7472  7497  7508  7519  7533  7552  7561  7568
[1084]  7584  7585  7588  7591  7604  7608  7611  7613  7625  7629  7632  7633  7648  7669  7678  7679  7681  7684  7685
[1103]  7687  7690  7692  7698  7700  7707  7708  7710  7713  7725  7729  7734  7735  7740  7748  7760  7761  7762  7767
[1122]  7772  7773  7778  7795  7816  7817  7828  7829  7830  7842  7853  7855  7857  7862  7867  7874  7879  7882  7891
[1141]  7899  7903  7909  7922  7930  7933  7934  7938  7939  7945  7948  7949  7956  7958  7964  7970  7973  7977  7981
[1160]  7993  8014  8017  8020  8041  8043  8049  8050  8059  8062  8073  8074  8087  8090  8094  8095  8098  8111  8120
[1179]  8124  8137  8140  8150  8155  8156  8162  8164  8170  8174  8179  8187  8188  8196  8197  8207  8212  8220  8229
[1198]  8231  8236  8251  8255  8260  8261  8266  8270  8297  8301  8307  8309  8312  8314  8318  8338  8339  8342  8344
[1217]  8345  8363  8364  8367  8368  8373  8387  8389  8394  8395  8413  8422  8432  8439  8440  8443  8444  8458  8459
[1236]  8465  8472  8487  8495  8512  8519  8560  8567  8569  8577  8578  8589  8598  8599  8603  8610  8611  8623  8637
[1255]  8644  8649  8650  8659  8667  8669  8674  8684  8685  8686  8687  8695  8714  8716  8730  8732  8734  8738  8742
[1274]  8746  8748  8768  8771  8775  8786  8787  8788  8792  8796  8797  8799  8805  8807  8808  8811  8822  8823  8825
[1293]  8826  8839  8858  8862  8952  8963  8977  8978  8986  8989  8990  8991  8993  8998  9004  9006  9022  9023  9050
[1312]  9051  9054  9055  9058  9074  9076  9084  9086  9093  9094  9095  9102  9105  9106  9112  9115  9119  9127  9129
[1331]  9141  9155  9160  9164  9167  9168  9170  9173  9174  9176  9184  9192  9201  9202  9213  9216  9222  9223  9224
[1350]  9228  9232  9237  9241  9247  9248  9249  9250  9251  9255  9256  9257  9262  9274  9277  9281  9284  9293  9296
[1369]  9297  9299  9313  9323  9326  9330  9331  9334  9337  9341  9347  9352  9355  9357  9364  9367  9379  9394  9404
[1388]  9423  9425  9430  9436  9469  9473  9475  9479  9483  9488  9491  9492  9498  9499  9503  9505  9510  9513  9518
[1407]  9520  9532  9543  9550  9561  9565  9569  9570  9581  9584  9586  9591  9599  9600  9610  9611  9615  9617  9621
[1426]  9629  9640  9641  9643  9648  9665  9675  9693  9727  9729  9733  9738  9742  9743  9744  9749  9756  9757  9761
[1445]  9767  9769  9782  9798  9809  9817  9835  9836  9847  9858  9861  9863  9864  9866  9869  9875  9878  9883  9887
[1464]  9891  9906  9922  9926  9936  9937  9944  9955  9964  9977  9981  9982  9983  9986  9991 10006 10009 10014 10016
[1483] 10019 10023 10031 10039 10048 10063 10074 10077 10085 10098 10102 10112 10113 10115 10117 10120 10127 10128 10129
[1502] 10140 10143 10149 10152 10154 10155 10159 10167 10171 10188 10196 10203 10213 10220 10221 10245 10246 10247 10251
[1521] 10255 10257 10259 10272 10276 10280 10282 10286 10289 10296 10302 10307 10310 10321 10322 10323 10332 10333 10334
[1540] 10336 10339 10342 10347 10348 10356 10359 10361 10365 10371 10373 10379 10382 10383 10387 10389 10393 10394 10406
[1559] 10417 10421 10422 10426 10431 10432 10433 10434 10439 10441 10447 10448 10449 10452 10455 10457 10461 10463 10470
[1578] 10479 10480 10481 10486 10500 10503 10508 10512 10523 10524 10527 10531 10537 10545 10546 10550 10561 10566 10573
[1597] 10575 10579 10581 10603 10604 10607 10610 10626 10633 10634 10642 10644 10651 10653 10660 10662 10663 10665 10677
[1616] 10678 10686 10696 10698 10699 10712 10714 10725 10727 10739 10745 10746 10755 10762 10764 10767 10769 10789 10790
[1635] 10791 10808 10815 10822 10823 10825 10831 10834 10838 10841 10842 10845 10849 10863 10868 10885 10909 10910 10914
[1654] 10930 10934 10937 10959 10963 10973 10978 10995 10996 10998 10999 11000 11002 11003 11010 11014 11015 11018 11026
[1673] 11027 11028 11029 11036 11038 11042 11049 11058 11060 11061 11074 11075 11077 11084 11088 11113 11131 11138 11141
[1692] 11150 11153 11162 11166 11170 11174 11211 11212 11225 11227 11236 11239 11242 11245 11246 11248 11253 11263 11265
[1711] 11267 11268 11270 11281 11282 11285 11289 11294 11300 11306 11308 11309 11310 11315 11327 11330 11335 11339 11340
[1730] 11342 11351 11366 11369 11388 11394 11395 11398 11399 11401 11432 11439 11440 11447 11449 11450 11457 11462 11468
[1749] 11470 11472 11480 11484 11490 11491 11495 11498 11505 11507 11514 11515 11518 11523 11528 11532 11537 11554 11556
[1768] 11560 11568 11600 11603 11606 11608 11609 11632 11636 11644 11649 11653 11657 11679 11693 11697 11700 11714 11716
[1787] 11718 11731 11733 11739 11741 11759 11763 11771 11774 11779 11780 11783 11784 11789 11791 11797 11813 11816 11822
[1806] 11823 11824 11833 11834 11836 11837 11838 11840 11841 11846 11847 11857 11859 11866 11867 11868 11871 11874 11875
[1825] 11881 11886 11894 11895 11904 11909 11916 11931 11945 11953 11958 11964 11973 11986 11988 11990 11991 11993 12007
[1844] 12026 12027 12028 12030 12036 12048 12051 12053 12058 12059 12060 12065 12066 12086 12088 12091 12098 12101 12106
[1863] 12108 12109 12110 12113 12121 12123 12126 12136 12144 12153 12158 12159 12163 12199 12205 12214 12222 12224 12228
[1882] 12252 12257 12266 12278 12291 12295 12309 12314 12318 12333 12335 12336 12343 12358 12372 12374 12382 12394 12396
[1901] 12409 12410 12412 12414 12415 12428 12431 12436 12443 12445 12454 12458 12463 12464 12474 12476 12478 12482 12483
[1920] 12496 12509 12510 12515 12517 12518 12524 12525 12530 12536 12548 12550 12556 12558 12561 12562 12564 12575 12580
[1939] 12590 12594 12595 12599 12601 12602 12606 12610 12612 12624 12638 12642 12645 12648 12655 12657 12662 12669 12674
[1958] 12691 12694 12698 12700 12702 12704 12706 12707 12714 12716 12720 12731 12735 12739 12752 12754 12769 12784 12785
[1977] 12792 12796 12799 12820 12826 12831 12835 12841 12842 12849 12850 12853 12855 12859 12863 12865 12893 12897 12902
[1996] 12907 12921 12923 12927 12930 12931 12937 12948 12965 12975 12978 12983 12985 12986 12988 12990 12994 12995 12999
[2015] 13010 13016 13028 13045 13048 13058 13066 13067 13070 13072 13074 13092 13101 13111 13112 13120 13122 13138 13144
[2034] 13161 13163 13172 13177 13180 13183 13191 13193 13198 13204 13215 13222 13232 13239 13250 13253 13267 13276 13283
[2053] 13284 13286 13287 13291 13293 13301 13304 13305 13308 13309 13323 13334 13340 13344 13345 13346 13360 13361 13378
[2072] 13385 13391 13392 13408 13411 13412 13414 13417 13421 13422 13423 13424 13428 13430 13438 13444 13449 13463 13465
[2091] 13467 13472 13473 13475 13476 13479 13481 13482 13486 13489 13495 13503 13504 13505 13509 13520 13521 13523 13524
[2110] 13527 13528 13529 13530 13531 13537 13540 13545 13547 13550 13551 13570 13573 13576 13578 13581 13583 13585 13598
[2129] 13610 13616 13619 13620 13629 13630 13631 13634 13636 13640 13654 13666 13675 13677 13680 13687 13689 13694 13702
[2148] 13709 13711 13714 13716 13719 13721 13732 13747 13755 13773 13778 13782 13783 13798 13802 13804 13813 13822 13824
[2167] 13825 13837 13875 13896 13909 13915 13920 13924 13928 13932 13951 13952 13953 13959 13964 13965 13966 13970 13974
[2186] 13979 13981 13993 14005 14007 14016 14017 14018 14027 14033 14039 14042 14043 14044 14045 14046 14052 14053 14073
[2205] 14076 14099 14112 14118 14128 14130 14132 14137 14142 14143 14170 14176 14179 14180 14187 14188 14193 14201 14204
[2224] 14205 14208 14215 14222 14231 14249 14252 14253 14256 14275 14277 14280 14281 14292 14296 14298 14301 14302 14322
[2243] 14323 14326 14335 14336 14346 14351 14352 14369 14371 14379 14380 14384 14385 14387 14407 14411 14412 14414 14421
[2262] 14424 14425 14428 14431 14438 14441 14447 14456 14498 14500 14507 14510 14523 14529 14540 14552 14554 14570 14574
[2281] 14614 14619 14624 14628 14629 14641 14664 14668 14671 14674 14676 14682 14685 14688 14689 14697 14698 14699 14725
[2300] 14728 14730 14732 14735 14746 14754 14766 14767 14768 14835 14844 14845 14855 14857 14867 14871 14872 14873 14876
[2319] 14888 14895 14896 14898 14901 14907 14912 14913 14920 14937 14941 14946 14948 14959 14966 14968 14986 14990 14992
[2338] 14994 15005 15015 15018 15020 15033 15034 15035 15037 15039 15040 15041 15048 15050 15055 15059 15068 15073 15085
[2357] 15093 15094 15096 15107 15111 15114 15128 15134 15144 15153 15156 15164 15165 15166 15171 15176 15177 15179 15180
[2376] 15182 15189 15194 15196 15202 15212 15214 15215 15229 15230 15231 15247 15248 15260 15277 15281 15291 15293 15310
[2395] 15311 15312 15320 15323 15325 15332 15341 15345 15348 15350 15351 15352 15362 15369 15372 15379 15388 15390 15393
[2414] 15401 15402 15408 15410 15411 15417 15439 15446 15456 15471 15478 15490 15493 15507 15508 15512 15513 15518 15544
[2433] 15547 15548 15550 15552 15555 15561 15562 15564 15573 15574 15576 15582 15583 15595 15596 15617 15623 15624 15625
[2452] 15626 15640 15643 15644 15645 15656 15668 15679 15683 15687 15689 15709 15713 15724 15731 15732 15744 15751 15754
[2471] 15756 15761 15764 15767 15768 15788 15801 15807 15818 15819 15820 15827 15840 15850 15851 15852 15855 15856 15860
[2490] 15871 15872 15874 15878 15888 15898 15900 15901 15906 15917 15928 15936 15938 15944 15949 15955 15956 15968 15969
[2509] 15992 16002 16017 16024 16025 16027 16047 16048 16050 16055 16078 16085 16088 16090 16091 16093 16101 16103 16105
[2528] 16106 16107 16108 16110 16112 16127 16132 16136 16137 16150 16152 16164 16167 16170 16174 16176 16183 16184 16187
[2547] 16192 16193 16200 16204 16211 16212 16213 16218 16231 16234 16237 16238 16239 16250 16257 16262 16264 16270 16280
[2566] 16283 16287 16311 16313 16325 16326 16328 16329 16331 16338 16339 16340 16343 16350 16352 16353 16356 16361 16366
[2585] 16367 16369 16374 16377 16389 16395 16409 16410 16417 16418 16443 16451 16453 16454 16455 16456 16459 16461 16470
[2604] 16475 16476 16478 16480 16490 16494 16514 16517 16521 16544 16547 16548 16549 16551 16555 16564 16565 16574 16576
[2623] 16583 16584 16593 16596 16599 16604 16607 16610 16613 16615 16624 16626 16627 16628 16643 16644 16654 16655 16656
[2642] 16660 16664 16671 16673 16679 16683 16694 16696 16697 16714 16716 16718 16722 16725 16730 16731 16746 16747 16757
[2661] 16762 16763 16774 16784 16792 16794 16811 16815 16817 16819 16821 16822 16824 16829 16834 16838 16844 16845 16846
[2680] 16850 16851 16852 16862 16863 16869 16874 16876 16905 16907 16914 16930 16933 16945 16952 16958 16959 16974 16980
[2699] 16984 16986 16987 16990 16992 16994 17002 17006 17008 17012 17013 17015 17023 17041 17042 17050 17051 17052 17053
[2718] 17054 17057 17061 17062 17065 17067 17081 17082 17088 17099 17102 17122 17134 17135 17141 17146 17158 17168 17177
[2737] 17178 17187 17189 17190 17191 17193 17197 17202 17210 17215 17222 17223 17224 17236 17238 17239 17251 17259 17263
[2756] 17287 17298 17304 17305 17311 17315 17327 17330 17343 17345 17346 17351 17356 17357 17367 17378 17382 17385 17388
[2775] 17391 17393 17394 17395 17396 17405 17406 17407 17415 17417 17421 17422 17426 17431 17433 17465 17474 17477 17480
[2794] 17487 17492 17494 17495 17496 17498 17509 17520 17522 17525 17532 17548 17557 17558 17560 17561 17565 17573 17579
[2813] 17580 17582 17589 17591 17593 17603 17611 17615 17618 17619 17622 17633 17635 17640 17647 17675 17676 17677 17684
[2832] 17686 17690 17691 17694 17696 17705 17706 17715 17721 17722 17731 17736 17750 17753 17755 17764 17765 17767 17776
[2851] 17778 17788 17789 17791 17794 17797 17812 17818 17835 17839 17843 17846 17847 17851 17852 17858 17888 17890 17891
[2870] 17893 17894 17909 17910 17928 17935 17938 17939 17943 17955 17969 17981 17987 17988 17991 17992 17997 18002 18007
[2889] 18008 18014 18020 18021 18022 18023 18032 18037 18047 18051 18056 18057 18059 18061 18062 18068 18079 18088 18093
[2908] 18100 18101 18102 18106 18107 18134 18142 18144 18145 18146 18148 18156 18158 18173 18181 18185 18211 18227 18228
[2927] 18238 18241 18245 18247 18249 18252 18266 18273 18290 18294 18295 18302 18305 18323 18327 18334 18340 18341 18351
[2946] 18356 18363 18365 18368 18369 18370 18374 18379 18381 18383 18385 18391 18397 18400 18401 18402 18414 18415 18417
[2965] 18418 18421 18430 18431 18432 18439 18441 18454 18455 18477 18478 18488 18489 18490 18510 18516 18528 18536 18537
[2984] 18550 18554 18559 18568 18572 18588 18609 18610 18617 18638 18639 18641 18646 18647 18665 18676 18680 18687 18688
[3003] 18694 18699 18702 18703 18705 18706 18709 18712 18720 18732 18744 18748 18753 18769 18772 18775 18796 18806 18808
[3022] 18809 18815 18822 18836 18842 18846 18848 18852 18857 18865 18869 18870 18872 18874 18877 18882 18912 18913 18923
[3041] 18924 18927 18929 18930 18934 18947 18951 18955 18956 18957 18958 18961 18962 18963 18972 18984 18991 19012 19015
[3060] 19027 19030 19035 19036 19038 19042 19046 19047 19052 19056 19058 19066 19067 19069 19079 19082 19095 19096 19108
[3079] 19120 19133 19134 19135 19137 19142 19156 19159 19160 19163 19164 19167 19169 19173 19188 19202 19205 19210 19226
[3098] 19235 19243 19244 19264 19267 19280 19281 19283 19284 19294 19297 19309 19313 19314 19320 19324 19328 19330 19342
[3117] 19349 19352 19358 19362 19368 19373 19375 19376 19380 19386 19390 19400 19407 19412 19413 19423 19425 19428 19441
[3136] 19444 19446 19449 19465 19515 19518 19541 19569 19572 19586 19589 19603 19612 19613 19628 19652 19659 19660 19663
[3155] 19668 19678 19687 19693 19698 19701 19706 19707 19708 19711 19712 19714 19719 19720 19728 19734 19736 19741 19770
[3174] 19778 19780 19785 19788 19790 19798 19840 19843 19847 19851 19854 19856 19868 19869 19874 19878 19880 19886 19889
[3193] 19908 19913 19916 19917 19918 19919 19929 19937 19940 19947 19948 19949 19955 19959 19968 19972 19979 19981 19990
[3212] 19993 19999 20000 20002 20013 20014 20015 20023 20038 20039 20040 20041 20043 20046 20047 20065 20067 20068 20075
[3231] 20081 20085 20087 20088 20096 20110 20111 20122 20123 20126 20129 20130 20132 20133 20140 20141 20145 20150 20157
[3250] 20159 20162 20168 20173 20175 20177 20178 20201 20209 20214 20222 20224 20227 20229 20230 20233 20247 20254 20255
[3269] 20256 20266 20274 20275 20279 20280 20294 20300 20310 20311 20324 20326 20329 20335 20336 20343 20348 20349 20354
[3288] 20363 20376 20377 20384 20385 20388 20397 20401 20405 20406 20413 20419 20427 20431 20435 20438 20453 20459 20460
[3307] 20461 20465 20481 20489 20490 20492 20498 20503 20525 20529 20532 20534 20540 20541 20543 20547 20549 20553 20556
[3326] 20561 20572 20577 20589 20593 20598 20604 20610 20611 20646 20664 20667 20671 20674 20678 20682 20691 20693 20696
[3345] 20697 20700 20703 20704 20712 20715 20720 20721 20722 20736 20753 20754 20765 20790 20795 20796 20797 20799 20801
[3364] 20810 20815 20816 20818 20822 20827 20833 20845 20847 20860 20861 20862 20878 20882 20900 20902 20906 20911 20915
[3383] 20919 20930 20935 20943 20944 20945 20946 20955 20960 20982 20994 20995 20999 21005 21007 21008 21010 21013 21016
[3402] 21021 21039 21042 21043 21050 21059 21065 21068 21073 21084 21088 21090 21102 21106 21109 21115 21116 21117 21118
[3421] 21123 21124 21127 21128 21130 21151 21155 21171 21175 21176 21177 21187 21190 21191 21199 21200 21208 21211 21213
[3440] 21217 21219 21222 21225 21229 21238 21240 21243 21248 21252 21254 21259 21264 21279 21284 21285 21292 21302 21309
[3459] 21311 21316 21328 21330 21337 21347 21350 21356 21357 21358 21367 21389 21390 21399 21407 21408 21409 21423 21429
[3478] 21430 21434 21441 21449 21452 21454 21455 21458 21469 21470 21472 21473 21475 21476 21477 21478 21480 21485 21489
[3497] 21497 21501 21506 21507 21509 21511 21513 21514 21515 21520 21526 21529 21533 21541 21544 21549 21552 21553 21554
[3516] 21559 21561 21572 21588 21589 21591 21608 21609 21612 21613 21622 21626 21634 21641 21646 21650 21663 21665 21670
[3535] 21673 21674 21683 21694 21722 21734 21737 21739 21740 21745 21754 21765 21775 21778 21779 21780 21785 21787 21797
[3554] 21798 21802 21813 21823 21838 21842 21845 21847 21849 21852 21862 21864 21874 21879 21882 21886 21889 21902 21903
[3573] 21926 21935 21947 21959 21971 21972 21974 21976 21979 21980 21984 21985 21987 22004 22018 22023 22028 22041 22042
[3592] 22044 22064 22065 22067 22069 22072 22073 22074 22076 22078 22085 22086 22090 22094 22095 22099 22100 22108 22112
[3611] 22113 22114 22117 22119 22129 22130 22134 22143 22144 22146 22154 22167 22181 22185 22188 22202 22215 22226 22231
[3630] 22234 22235 22248 22257 22272 22273 22289 22294 22295 22296 22310 22312 22313 22321 22323 22325 22339 22341 22343
[3649] 22348 22353 22359 22369 22371 22372 22393 22397 22398 22400 22404 22406 22408 22410 22412 22428 22430 22434 22440
[3668] 22444 22448 22470 22475 22488 22490 22494 22513 22515 22517 22520 22528 22529 22534 22536 22560 22564 22568 22574
[3687] 22581 22595 22596 22598 22600 22609 22610 22613 22626 22634 22641 22643 22658 22663 22680 22688 22689 22698 22710
[3706] 22726 22727 22732 22733 22740 22745 22795 22799 22800 22819 22822 22824 22827 22837 22842 22845 22847 22848 22850
[3725] 22852 22854 22855 22862 22874 22877 22888 22894 22895 22899 22901 22904 22905 22912 22922 22923 22931 22947 22958
[3744] 22977 22979 22981 22982 22984 22993 23007 23014 23019 23020 23032 23034 23039 23050 23051 23058 23062 23063 23064
[3763] 23079 23083 23084 23085 23089 23095 23104 23114 23116 23126 23135 23137 23141 23146 23154 23156 23162 23165 23175
[3782] 23202 23203 23220 23227 23233 23235 23247 23249 23251 23252 23253 23257 23262 23264 23272 23285 23286 23301 23302
[3801] 23305 23310 23311 23312 23315 23318 23328 23332 23347 23348 23356 23360 23362 23364 23367 23376 23379 23381 23382
[3820] 23383 23384 23459 23466 23469 23474 23475 23478 23480 23495 23500 23512 23515 23519 23520 23522 23523 23524 23525
[3839] 23529 23532 23534 23536 23545 23548 23550 23561 23562 23563 23565 23572 23575 23583 23592 23596 23612 23619 23625
[3858] 23627 23636 23639 23650 23654 23656 23676 23678 23681 23682 23683 23685 23686 23688 23691 23696 23705 23707 23714
[3877] 23716 23717 23724 23731 23738 23739 23753 23767 23770 23778 23786 23788 23789 23790 23797 23799 23801 23810 23811
[3896] 23814 23820 23825 23827 23829 23832 23837 23839 23848 23854 23855 23858 23864 23875 23878 23887 23891 23892 23897
[3915] 23904 23912 23914 23916 23925 23929 23932 23939 23945 23951 23952 23953 23955 23967 23972 23975 23981 23982 23984
[3934] 23996 24006 24020 24022 24028 24031 24034 24036 24055 24056 24063 24081 24094 24095 24098 24103 24114 24123 24127
[3953] 24146 24151 24162 24166 24170 24184 24194 24196 24205 24208 24210 24216 24221 24222 24225 24228 24229 24230 24244
[3972] 24260 24264 24265 24266 24267 24268 24285 24286 24294 24306 24318 24319 24329 24336 24337 24351 24353 24354 24357
[3991] 24360 24361 24362 24363 24364 24366 24372 24382 24387 24409 24410 24421 24440 24443 24445 24446 24447 24450 24451
[4010] 24456 24457 24468 24470 24481 24482 24484 24493 24499 24502 24511 24512 24513 24545 24546 24549 24556 24558 24559
[4029] 24562 24570 24571 24577 24579 24583 24588 24591 24592 24594 24595 24596 24600 24608 24612 24625 24627 24628 24632
[4048] 24636 24639 24641 24654 24659 24664 24667 24669 24671 24672 24680 24684 24685 24686 24694 24697 24701 24706 24709
[4067] 24710 24713 24715 24727 24729 24730 24740 24748 24749 24753 24760 24761 24783 24785 24786 24790 24791 24794 24806
[4086] 24814 24829 24832 24833 24834 24838 24843 24846 24849 24861 24863 24867 24874 24879 24880 24882 24883 24885 24887
[4105] 24890 24891 24892 24894 24904 24906 24907 24909 24932 24939 24941 24942 24946 24957 24962 24970 24972 24974 24975
[4124] 24979 24981 24983 24987 24989 24991 25004 25017 25020 25035 25037 25041 25042 25044 25046 25055 25070 25076 25080
[4143] 25088 25092 25093 25097 25100 25107 25114 25119 25145 25173 25181 25188 25193 25198 25200 25204 25207 25209 25210
[4162] 25211 25212 25213 25214 25217 25221 25222 25224 25225 25226 25227 25230 25233 25234 25238 25242 25243 25249 25251
[4181] 25252 25255 25256 25260 25264 25270 25273 25288 25293 25303 25307 25316 25317 25320 25322 25329 25334 25335 25339
[4200] 25350 25354 25375 25377 25384 25385 25402 25404 25409 25434 25442 25453 25454 25455 25459 25467 25494 25511 25519
[4219] 25535 25538 25539 25541 25542 25553 25559 25561 25563 25575 25585 25586 25596 25610 25625 25627 25629 25647 25653
[4238] 25654 25659 25663 25665 25678 25686 25692 25696 25698 25730 25741 25745 25756 25759 25767 25772 25777 25785 25790
[4257] 25807 25811 25820 25830 25832 25836 25861 25862 25863 25865 25870 25875 25881 25883 25887 25890 25892 25895 25896
[4276] 25905 25907 25908 25915 25916 25923 25938 25942 25944 25945 25949 25950 25951 25952 25955 25957 25960 25963 25966
[4295] 25981 25986 25989 25990 25991 25996 25997 26007 26011 26022 26027 26029 26031 26038 26047 26048 26049 26050 26053
[4314] 26063 26067 26069 26072 26080 26087 26088 26093 26095 26108 26110 26113 26115 26124 26129 26131 26134 26147 26152
[4333] 26154 26159 26162 26168 26171 26172 26173 26176 26187 26189 26190 26192 26193 26199 26203 26206 26216 26225 26228
[4352] 26275 26285 26286 26295 26296 26297 26301 26304 26306 26307 26316 26327 26332 26342 26343 26348 26361 26362 26374
[4371] 26387 26389 26399 26403 26406 26410 26419 26425 26434 26438 26462 26471 26472 26490 26518 26519 26532 26533 26543
[4390] 26557 26559 26577 26589 26590 26598 26611 26622 26624 26635 26646 26649 26658 26675 26676 26681 26691 26707 26718
[4409] 26719 26722 26727 26738 26747 26753 26754 26757 26758 26766 26780 26782 26787 26793 26796 26801 26819 26822 26857
[4428] 26858 26859 26860 26863 26864 26869 26873 26882 26885 26889 26909 26910 26921 26922 26926 26928 26933 26934 26947
[4447] 26957 26965 26968 26970 26974 26975 26977 26978 26981 26982 26983 26986 26988 26989 26992 26997 27000 27005 27011
[4466] 27012 27013 27014 27019 27027 27028 27036 27037 27048 27049 27054 27058 27062 27063 27067 27075 27083 27085 27091
[4485] 27102 27116 27123 27127 27128 27138 27146 27147 27148 27151 27156 27161 27166 27173 27174 27184 27190 27191 27194
[4504] 27201 27203 27205 27209 27227 27228 27229 27234 27235 27251 27262 27267 27268 27288 27294 27295 27307 27309 27311
[4523] 27317 27320 27329 27330 27336 27345 27350 27362 27365 27367 27387 27394 27415 27427 27434 27447 27450 27451 27456
[4542] 27460 27478 27489 27491 27494 27498 27500 27505 27512 27514 27516 27519 27526 27528 27530 27539 27541 27548 27549
[4561] 27554 27567 27570 27573 27576 27578 27584 27586 27589 27592 27593 27600 27607 27614 27619 27623 27638 27644 27652
[4580] 27653 27658 27660 27663 27667 27675 27680 27689 27696 27707 27711 27715 27730 27731 27733 27744 27755 27757 27763
[4599] 27765 27766 27767 27771 27772 27782 27796 27798 27799 27817 27825 27845 27848 27849 27865 27870 27881 27883 27892
[4618] 27895 27902 27905 27907 27913 27914 27915 27918 27919 27922 27935 27936 27939 27943 27944 27955 27973 27977 27984
[4637] 28021 28023 28032 28038 28044 28045 28048 28052 28053 28055 28069 28080 28089 28097 28104 28107 28117 28118 28120
[4656] 28121 28131 28135 28136 28168 28169 28172 28175 28178 28182 28185 28195 28197 28203 28204 28210 28211 28212 28213
[4675] 28215 28216 28230 28234 28244 28245 28251 28258 28261 28264 28268 28269 28278 28281 28290 28294 28298 28299 28310
[4694] 28315 28330 28342 28360 28373 28377 28379 28380 28391 28393 28394 28395 28396 28398 28416 28421 28422 28426 28435
[4713] 28439 28450 28453 28454 28464 28470 28474 28483 28484 28487 28491 28492 28493 28494 28497 28498 28502 28511 28516
[4732] 28517 28518 28521 28522 28530 28534 28535 28538 28543 28554 28557 28559 28575 28577 28578 28580 28584 28590 28596
[4751] 28603 28610 28612 28620 28621 28632 28640 28643 28649 28652 28668 28670 28674 28678 28690 28691 28695 28699 28708
[4770] 28710 28711 28719 28720 28721 28725 28745 28746 28747 28756 28757 28766 28768 28783 28787 28788 28793 28800 28806
[4789] 28809 28810 28811 28815 28817 28821 28830 28841 28842 28845 28847 28848 28851 28854 28856 28861 28867 28868 28870
[4808] 28872 28875 28881 28883 28886 28892 28905 28907 28916 28923 28933 28935 28936 28939 28952 28960 28961 28966 28967
[4827] 28968 28971 28975 28980 28982 28985 28991 29013 29015 29018 29021 29022 29037 29046 29050 29054 29056 29059 29068
[4846] 29072 29079 29080 29087 29092 29100 29105 29120 29121 29125 29129 29131 29134 29136 29137 29138 29139 29145 29147
[4865] 29156 29162 29163 29165 29170 29172 29177 29178 29185 29186 29193 29198 29205 29206 29211 29215 29216 29231 29232
[4884] 29237 29240 29241 29245 29247 29257 29258 29259 29264 29269 29271 29274 29279 29283 29286 29288 29291 29294 29297
[4903] 29301 29304 29315 29320 29327 29331 29334 29335 29336 29355 29356 29358 29364 29366 29367 29373 29383 29384 29392
[4922] 29411 29413 29414 29428 29430 29432 29436 29437 29439 29440 29441 29443 29445 29452 29453 29462 29475 29476 29482
[4941] 29490 29491 29493 29494 29500 29507 29514 29517 29523 29527 29528 29531 29543 29544 29545 29546 29550 29552 29559
[4960] 29583 29589 29595 29599 29610 29611 29614 29616 29623 29629 29631 29640 29645 29646 29648 29660 29663 29670 29678
[4979] 29684 29689 29690 29691 29695 29703 29704 29712 29714 29728 29731 29744 29746 29751 29761 29763 29764 29769 29777
[4998] 29786 29793 29794 29801 29804 29810 29811 29813 29819 29821 29822 29830 29832 29833 29840 29845 29853 29854 29863
[5017] 29865 29882 29883 29884 29886 29889 29891 29896 29919 29925 29926 29935 29952 29955 29956 29957 29962 29969 29974
[5036] 29975 29977 29978 29979 29983 29984 29985 29986 29988 29990 29991 29995 30005 30013 30015 30017 30018 30020 30029
[5055] 30030 30034 30046 30048 30049 30054 30055 30057 30058 30060 30061 30063 30067 30069 30072 30074 30080 30088 30093
[5074] 30102 30108 30111 30115 30126 30150 30165 30171 30173 30174 30176 30177 30188 30192 30194 30203 30204 30216 30219
[5093] 30221 30227 30240 30241 30242 30245 30246 30257 30260 30264 30266 30267 30283 30293 30294 30301 30304 30309 30316
[5112] 30322 30338 30340 30341 30352 30356 30358 30364 30371 30373 30374 30376 30377 30389 30394 30399 30400 30404 30417
[5131] 30424 30431 30434 30435 30447 30449 30450 30456 30486 30493 30509 30512 30516 30523 30526 30527 30537 30545 30546
[5150] 30548 30556 30570 30572 30574 30575 30585 30589 30590 30591 30592 30593 30636 30642 30646 30653 30668 30674 30677
[5169] 30679 30684 30685 30686 30697 30702 30714 30720 30721 30723 30739 30740 30761 30765 30768 30772 30774 30776 30782
[5188] 30789 30790 30794 30801 30804 30805 30811 30816 30817 30822 30823 30828 30834 30843 30844 30846 30848 30849 30859
[5207] 30863 30869 30883 30888 30890 30912 30919 30924 30926 30938 30940 30941 30945 30954 30957 30962 30963 30966 30975
[5226] 30977 30980 30982 30986 30988 30991 30994 30995 31000 31007 31009 31015 31038 31040 31041 31042 31045 31052 31054
[5245] 31055 31069 31072 31080 31083 31094 31099 31100 31105 31109 31110 31113 31114 31115 31122 31133 31134 31136 31151
[5264] 31155 31156 31161 31164 31166 31180 31206 31223 31230 31234 31240 31246 31258 31270 31272 31275 31276 31278 31282
[5283] 31289 31292 31297 31299 31301 31310 31311 31314 31315 31317 31325 31339 31342 31344 31347 31358 31361 31367 31382
[5302] 31383 31396 31398 31403 31404 31413 31414 31419 31424 31428 31434 31445 31446 31459 31464 31468 31473 31474 31475
[5321] 31480 31483 31485 31486 31487 31488 31493 31500 31512 31519 31523 31531 31535 31552 31553 31554 31555 31571 31572
[5340] 31573 31578 31584 31595 31596 31597 31605 31607 31613 31615 31636 31640 31644 31651 31652 31654 31662 31668 31692
[5359] 31696 31706 31707 31711 31722 31724 31727 31730 31732 31735 31742 31743 31749 31756 31757 31758 31759 31760 31764
[5378] 31765 31769 31772 31776 31783 31789 31790 31800 31809 31810 31816 31817 31821 31824 31826 31827 31829 31831 31832
[5397] 31833 31839 31843 31851 31872 31874 31875 31880 31888 31891 31894 31897 31904 31905 31906 31907 31911 31915 31917
[5416] 31925 31926 31927 31928 31930 31933 31949 31955 31962 31963 31964 31971 31979 31989 31990 31995 32006 32013 32017
[5435] 32029 32037 32038 32039 32043 32045 32058 32061 32087 32093 32098 32099 32106 32108 32109 32119 32130 32132 32134
[5454] 32135 32136 32138 32140 32141 32142 32149 32151 32158 32159 32160 32161 32171 32172 32177 32178 32184 32188 32193
[5473] 32195 32197 32209 32210 32217 32219 32228 32231 32234 32235 32250 32252 32280 32284 32294 32299 32300 32307 32316
[5492] 32318 32323 32324 32328 32331 32333 32350 32353 32361 32363 32371 32372 32376 32378 32396 32398 32410 32411 32415
[5511] 32417 32421 32422 32424 32428 32429 32434 32440 32445 32448 32449 32450 32470 32476 32479 32484 32492 32498 32508
[5530] 32511 32531 32542 32543 32546 32547 32554 32556 32557 32559 32563 32573 32576 32578 32584 32588 32596 32598 32604
[5549] 32606 32607 32612 32613 32622 32623 32632 32633 32640 32657 32660 32662 32665 32672 32676 32688 32689 32696 32697
[5568] 32700 32704 32707 32709 32710 32711 32714 32716 32718 32719 32733 32736 32738 32740 32744 32748 32750 32751 32756
[5587] 32758 32760 32763 32768 32771 32773 32774 32779 32784 32791 32802 32806 32807 32816 32824 32827 32829 32831 32833
[5606] 32835 32837 32840 32843 32849 32850 32852 32871 32872 32875 32876 32877 32888 32891 32902 32916 32919 32921 32922
[5625] 32923 32929 32936 32939 32942 32943 32944 32947 32949 32961 32963 32964 32971 32974 32982 32987 32988 32994 32998
[5644] 33008 33011 33028 33067 33068 33069 33071 33073 33075 33085 33090 33094 33097 33100 33104 33108 33113 33114 33119
[5663] 33123 33128 33129 33137 33141 33154 33155 33158 33169 33179 33186 33190 33197 33198 33205 33207 33219 33224 33225
[5682] 33232 33234 33237 33246 33251 33263 33266 33280 33282 33304 33311 33320 33325 33338 33339 33349 33356 33357 33359
[5701] 33362 33363 33365 33366 33368 33370 33373 33387 33388 33393 33395 33399 33401 33418 33420 33422 33434 33436 33437
[5720] 33446 33448 33449 33452 33457 33464 33470 33481 33495 33498 33509 33515 33528 33534 33538 33539 33544 33547 33548
[5739] 33550 33552 33556 33558 33574 33602 33606 33611 33632 33642 33647 33649 33655 33656 33659 33689 33695 33696 33697
[5758] 33702 33705 33711 33712 33716 33730 33733 33745 33759 33761 33775 33778 33783 33784 33789 33790 33796 33800 33801
[5777] 33803 33808 33809 33816 33825 33828 33831 33834 33836 33854 33860 33863 33867 33868 33869 33870 33876 33886 33887
[5796] 33895 33906 33908 33909 33915 33922 33925 33926 33929 33932 33934 33935 33936 33942 33943 33951 33955 33959 33960
[5815] 33963 33965 33989 34005 34010 34020 34025 34031 34039 34043 34056 34057 34058 34059 34060 34061 34066 34073 34074
[5834] 34076 34082 34087 34088 34091 34092 34093 34094 34098 34100 34112 34124 34128 34129 34131 34135 34136 34137 34139
[5853] 34140 34143 34146 34150 34151 34152 34162 34163 34164 34166 34169 34181 34192 34196 34208 34222 34225 34228 34234
[5872] 34241 34244 34245 34246 34264 34267 34275 34277 34292 34295 34296 34299 34324 34332 34335 34338 34342 34348 34350
[5891] 34360 34361 34398 34400 34402 34404 34406 34409 34412 34427 34430 34431 34432 34443 34452 34453 34459 34466 34467
[5910] 34468 34473 34483 34486 34488 34490 34494 34496 34498 34501 34504 34513 34514 34522 34524 34526 34531 34536 34540
[5929] 34545 34549 34551 34558 34563 34567 34573 34577 34583 34587 34588 34590 34594 34600 34606 34610 34615 34618 34620
[5948] 34621 34625 34626 34639 34644 34651 34656 34657 34661 34662 34676 34677 34686 34687 34688 34704 34714 34722 34724
[5967] 34737 34767 34769 34772 34794 34799 34811 34814 34816 34818 34819 34821 34824 34845 34847 34869 34884 34887 34895
[5986] 34898 34902 34903 34904 34906 34910 34912 34914 34916 34920 34923 34925 34930 34932 34942 34943 34957 34961 34963
[6005] 34977 34982 34996 34999 35001 35002 35009 35017 35021 35025 35033 35034 35043 35044 35054 35060 35075 35079 35081
[6024] 35082 35086 35091 35103 35114 35117 35122 35124 35130 35132 35133 35141 35142 35146 35147 35152 35155 35158 35173
[6043] 35175 35177 35186 35192 35209 35212 35214 35217 35218 35225 35232 35234 35240 35243 35244 35245 35247 35249 35252
[6062] 35257 35263 35264 35278 35279 35285 35286 35300 35302 35308 35324 35326 35330 35333 35337 35347 35359 35360 35364
[6081] 35365 35367 35369 35385 35389 35390 35401 35407 35412 35434 35439 35451 35460 35462 35463 35471 35484 35497 35505
[6100] 35508 35519 35521 35523 35525 35526 35533 35535 35541 35557 35559 35562 35564 35566 35567 35568 35571 35573 35576
[6119] 35583 35588 35596 35597 35602 35604 35605 35616 35624 35625 35636 35637 35655 35665 35669 35677 35688 35696 35699
[6138] 35700 35704 35718 35720 35723 35740 35742 35745 35748 35749 35750 35757 35758 35759 35765 35769 35793 35803 35811
[6157] 35813 35814 35816 35817 35820 35826 35827 35830 35831 35833 35841 35848 35854 35855 35856 35862 35863 35864 35866
[6176] 35867 35868 35887 35888 35894 35910 35911 35912 35920 35924 35926 35934 35936 35938 35939 35958 35961 35962 35972
[6195] 35979 35982 35998 36005 36006 36008 36010 36020 36024 36032 36037 36040 36043 36045 36048 36057 36060 36065 36066
[6214] 36067 36068 36074 36080 36092 36104 36110 36112 36114 36118 36120 36124 36128 36164 36166 36167 36169 36175 36176
[6233] 36178 36179 36187 36188 36189 36193 36196 36197 36201 36203 36205 36209 36214 36236 36237 36239 36242 36246 36251
[6252] 36258 36260 36264 36268 36272 36273 36275 36276 36281 36282 36284 36285 36288 36292 36297 36298 36306 36307 36310
[6271] 36315 36321 36325 36327 36329 36337 36338 36339 36340 36348 36354 36356 36357 36358 36361 36362 36364 36365 36369
[6290] 36370 36371 36372 36373 36375 36378 36380 36381 36384 36389 36398 36401 36403 36405 36408 36413 36414 36431 36442
[6309] 36446 36456 36459 36466 36470 36471 36477 36483 36484 36485 36488 36490 36520 36523 36525 36526 36536 36544 36549
[6328] 36558 36560 36562 36572 36576 36578 36586 36605 36606 36608 36611 36636 36638 36644 36647 36654 36655 36671 36672
[6347] 36674 36683 36684 36692 36695 36696 36713 36717 36725 36726 36727 36743 36751 36753 36760 36761 36766 36767 36770
[6366] 36778 36781 36783 36793 36796 36801 36810 36817 36819 36820 36821 36823 36829 36831 36837 36841 36842 36845 36846
[6385] 36854 36862 36880 36901 36903 36906 36928 36933 36934 36935 36936 36940 36941 36945 36948 36951 36963 36969 36976
[6404] 36978 36989 36993 37003 37004 37022 37026 37028 37030 37034 37035 37036 37038 37042 37043 37044 37046 37048 37060
[6423] 37062 37065 37076 37081 37085 37086 37087 37088 37094 37095 37100 37105 37108 37115 37116 37120 37121 37142 37149
[6442] 37150 37151 37155 37156 37158 37161 37175 37180 37194 37202 37207 37220 37224 37242 37261 37264 37269 37302 37303
[6461] 37315 37316 37331 37342 37344 37347 37358 37359 37365 37368 37371 37387 37390 37396 37397 37406 37408 37414 37420
[6480] 37429 37430 37436 37438 37442 37443 37450 37451 37465 37467 37471 37477 37482 37484 37494 37507 37514 37519 37526
[6499] 37527 37535 37575 37577 37579 37582 37585 37597 37602 37611 37612 37613 37614 37615 37617 37622 37624 37626 37634
[6518] 37639 37645 37646 37652 37654 37665 37676 37678 37682 37686 37698 37707 37710 37711 37715 37719 37721 37729 37735
[6537] 37740 37741 37744 37746 37747 37762 37771 37773 37776 37777 37779 37792 37796 37799 37801 37810 37812 37825 37827
[6556] 37829 37830 37835 37837 37858 37862 37870 37877 37880 37884 37886 37888 37894 37899 37900 37901 37902 37916 37917
[6575] 37918 37919 37921 37923 37927 37932 37934 37937 37942 37948 37962 37980 37982 37984 37987 37992 37993 37996 37998
[6594] 38009 38018 38020 38022 38023 38028 38033 38037 38057 38058 38064 38065 38068 38071 38073 38075 38080 38103 38104
[6613] 38107 38109 38111 38113 38114 38122 38124 38125 38127 38128 38131 38132 38148 38153 38168 38170 38172 38173 38175
[6632] 38180 38190 38191 38205 38209 38211 38213 38217 38218 38219 38220 38223 38224 38228 38245 38246 38248 38260 38261
[6651] 38285 38308 38310 38318 38320 38321 38322 38324 38327 38335 38337 38345 38350 38352 38353 38375 38377 38380 38393
[6670] 38399 38400 38411 38424 38429 38433 38441 38444 38455 38465 38472 38473 38488 38493 38506 38509 38514 38516 38526
[6689] 38533 38534 38535 38536 38539 38541 38547 38548 38557 38558 38559 38561 38568 38572 38576 38578 38580 38581 38583
[6708] 38592 38598 38602 38615 38620 38635 38647 38649 38651 38682 38685 38686 38689 38690 38712 38713 38729 38735 38739
[6727] 38743 38747 38748 38749 38751 38757 38761 38770 38780 38787 38792 38795 38802 38804 38805 38822 38823 38824 38825
[6746] 38826 38827 38831 38833 38836 38840 38842 38850 38869 38870 38876 38880 38896 38897 38900 38902 38903 38913 38915
[6765] 38918 38937 38940 38945 38956 38957 38963 38969 38970 38977 38978 38983 38990 38999 39004 39007 39015 39030 39039
[6784] 39071 39072 39074 39076 39077 39078 39086 39092 39100 39106 39108 39111 39112 39123 39124 39127 39134 39135 39147
[6803] 39171 39183 39184 39189 39197 39201 39204 39208 39210 39216 39220 39221 39227 39228 39232 39242 39244 39245 39246
[6822] 39247 39248 39251 39253 39263 39276 39278 39281 39283 39285 39287 39290 39300 39301 39307 39314 39320 39322 39323
[6841] 39324 39325 39329 39330 39334 39335 39339 39341 39351 39375 39396 39403 39412 39416 39419 39423 39425 39429 39436
[6860] 39437 39446 39448 39449 39453 39455 39458 39459 39461 39465 39467 39471 39475 39478 39479 39481 39497 39510 39516
[6879] 39517 39519 39523 39531 39534 39540 39541 39544 39554 39555 39564 39579 39581 39582 39584 39585 39588 39596 39600
[6898] 39609 39614 39616 39619 39620 39622 39623 39626 39629 39630 39633 39635 39637 39642 39653 39665 39668 39671 39672
[6917] 39678 39679 39680 39685 39690 39693 39712 39713 39714 39716 39721 39722 39727 39729 39730 39737 39738 39740 39746
[6936] 39751 39752 39755 39763 39764 39765 39766 39767 39769 39776 39778 39780 39781 39787 39788 39791 39795 39797 39806
[6955] 39810 39814 39818 39832 39833 39835 39837 39845 39855 39864 39869 39870 39875 39891 39894 39896 39900 39901 39914
[6974] 39919 39923 39924 39931 39933 39938 39944 39947 39952 39955 39969 39973 39976 39978 39979 39985 39986 39989 39990
[6993] 39999 40000 40001 40005 40006 40015 40019 40021 40026 40028 40033 40054 40055 40057 40058 40064 40066 40068 40069
[7012] 40070 40071 40072 40074 40078 40079 40092 40093 40106 40122 40125 40126 40127 40138 40141 40161 40164 40166 40180
[7031] 40185 40186 40187 40195 40198 40207 40209 40218 40225 40226 40231 40236 40238 40239 40243 40260 40261 40270 40271
[7050] 40275 40278 40284 40286 40287 40292 40294 40295 40300 40310 40314 40319 40320 40325 40335 40339 40342 40350 40352
[7069] 40359 40363 40364 40379 40382 40383 40389 40393 40395 40397 40402 40404 40409 40413 40419 40421 40427 40432 40439
[7088] 40444 40448 40455 40458 40471 40474 40475 40478 40482 40483 40488 40491 40494 40497 40501 40504 40507 40511 40514
[7107] 40516 40523 40525 40530 40542 40551 40555 40568 40574 40576 40635 40636 40650 40651 40657 40658 40659 40671 40684
[7126] 40687 40692 40693 40696 40710 40716 40722 40758 40759 40760 40763 40772 40785 40792 40793 40822 40831 40843 40855
[7145] 40859 40860 40866 40867 40870 40878 40879 40898 40899 40900 40903 40905 40906 40908 40922 40924 40925 40947 40957
[7164] 40960 40961 40963 40966 40979 40980 40993 40999 41001 41004 41015 41020 41030 41043 41044 41045 41051 41052 41054
[7183] 41055 41056 41060 41062 41074 41075 41078 41081 41087 41090 41095 41098 41111 41117 41118 41119 41124 41132 41133
[7202] 41135 41137 41138 41139 41141 41146 41147 41151 41160 41161 41165 41167 41172 41176 41177 41179 41189 41194 41198
[7221] 41199 41200 41203 41204 41217 41222 41225 41227 41228 41229 41230 41236 41240 41241 41246 41248 41252 41256 41258
[7240] 41260 41262 41263 41268 41271 41273 41275 41277 41282 41291 41299 41302 41304 41307 41308 41313 41314 41316 41321
[7259] 41322 41327 41331 41340 41341 41343 41345 41346 41351 41362 41365 41382 41388 41398 41407 41408 41414 41434 41436
[7278] 41438 41440 41441 41442 41457 41461 41462 41463 41464 41465 41466 41467 41471 41472 41473 41482 41489 41495 41499
[7297] 41502 41503 41507 41508 41509 41523 41525 41546 41554 41557 41564 41569 41571 41574 41577 41578 41581 41588 41592
[7316] 41595 41597 41608 41609 41610 41611 41612 41613 41614 41617 41618 41622 41628 41629 41633 41634 41636 41637 41642
[7335] 41645 41646 41655 41657 41658 41660 41670 41688 41691 41697 41699 41719 41723 41725 41732 41735 41736 41737 41738
[7354] 41743 41744 41750 41754 41771 41779 41783 41784 41810 41816 41819 41829 41830 41832 41841 41842 41846 41851 41852
[7373] 41855 41856 41859 41860 41869 41873 41883 41888 41894 41895 41901 41904 41905 41909 41911 41932 41933 41937 41938
[7392] 41939 41942 41948 41949 41984 41986 41997 42003 42004 42007 42009 42010 42013 42024 42030 42031 42036 42037 42041
[7411] 42042 42046 42063 42068 42071 42074 42077 42085 42093 42110 42111 42112 42114 42118 42143 42151 42152 42156 42164
[7430] 42168 42170 42178 42188 42194 42196 42201 42204 42209 42215 42225 42226 42229 42245 42249 42253 42255 42257 42261
[7449] 42262 42267 42268 42270 42276 42282 42288 42294 42295 42302 42305 42311 42328 42330 42335 42340 42342 42343 42354
[7468] 42356 42364 42377 42379 42405 42409 42410 42412 42425 42428 42429 42434 42436 42443 42450 42451 42454 42456 42458
[7487] 42462 42463 42464 42471 42475 42484 42485 42497 42504 42509 42522 42526 42529 42533 42539 42545 42548 42564 42567
[7506] 42568 42576 42579 42580 42581 42587 42590 42591 42594 42595 42598 42601 42611 42612 42621 42631 42635 42638 42661
[7525] 42663 42664 42673 42675 42681 42682 42683 42684 42689 42700 42703 42709 42711 42712 42717 42736 42737 42742 42750
[7544] 42754 42762 42770 42772 42776 42777 42780 42781 42785 42786 42787 42801 42808 42809 42812 42815 42821 42833 42840
[7563] 42853 42854 43024 43039 43047 43050 43053 43054 43058 43075 43076 43084 43091 43093 43100 43104 43107 43112 43116
[7582] 43118 43120 43123 43127 43128 43129 43134 43135 43137 43152 43154 43156 43159 43164 43168 43171 43172 43176 43181
[7601] 43188 43199 43223 43228 43230 43235 43237 43239 43241 43242 43249 43260 43262 43267 43268 43269 43271 43273 43274
[7620] 43279 43281 43284 43285 43286 43287 43288 43289 43295 43303 43312 43314 43319 43325 43328 43333 43351 43353 43360
[7639] 43375 43377 43378 43392 43393 43395 43402 43403 43407 43415 43418 43419 43420 43430 43432 43433 43444 43446 43453
[7658] 43455 43457 43460 43464 43472 43473 43483 43488 43489 43502 43504 43506 43509 43510 43521 43527 43529 43530 43531
[7677] 43532 43533 43549 43552 43554 43555 43558 43573 43579 43584 43586 43590 43600 43604 43606 43608 43615 43628 43629
[7696] 43631 43648 43654 43658 43659 43660 43661 43663 43674 43680 43690 43698 43709 43710 43716 43717 43721 43723 43726
[7715] 43728 43731 43732 43739 43740 43745 43753 43754 43755 43765 43767 43768 43778 43784 43785 43796 43803 43805 43808
[7734] 43810 43812 43813 43816 43831 43848 43849 43850 43851 43855 43857 43858 43864 43867 43870 43878 43883 43884 43885
[7753] 43888 43889 43901 43923 43925 43946 43947 43948 43951 43957 43965 43966 43971 43973 43977 43984 43989 43991 43998
[7772] 44000 44002 44007 44009 44010 44012 44013 44018 44019 44020 44022 44026 44028 44030 44034 44079 44086 44095 44096
[7791] 44099 44105 44107 44108 44109 44116 44117 44120 44121 44132 44136 44137 44138 44141 44142 44147 44148 44151 44153
[7810] 44156 44158 44163 44164 44184 44188 44189 44190 44195 44204 44205 44206 44210 44217 44219 44227 44228 44230 44238
[7829] 44239 44246 44251 44254 44257 44265 44269 44272 44274 44277 44279 44281 44284 44285 44286 44287 44299 44300 44305
[7848] 44318 44323 44325 44348 44349 44352 44353 44356 44360 44363 44369 44383 44384 44387 44388 44389 44391 44393 44397
[7867] 44416 44417 44427 44430 44436 44442 44445 44446 44452 44457 44469 44477 44478 44479 44480 44483 44485 44491 44494
[7886] 44500 44504 44515 44518 44520 44526 44533 44536 44539 44544 44557 44576 44581 44602 44605 44615 44618 44625 44628
[7905] 44631 44640 44650 44657 44660 44661 44663 44667 44670 44676 44681 44683 44688 44689 44696 44697 44698 44706 44708
[7924] 44714 44726 44727 44733 44735 44736 44742 44755 44756 44762 44767 44768 44769 44771 44772 44778 44780 44785 44786
[7943] 44789 44790 44798 44806 44807 44809 44812 44813 44817 44819 44830 44834 44835 44838 44839 44843 44844 44848 44849
[7962] 44858 44859 44860 44866 44868 44887 44902 44922 44925 44926 44928 44930 44938 44943 44952 44958 44960 44962 44963
[7981] 44964 44965 44966 44970 44973 44974 44975 44976 44979 44980 44988 44991 44992 44995 45000 45002 45003 45004 45005
[8000] 45015 45025 45026 45029 45045 45046 45048 45059 45060 45061 45065 45077 45079 45082 45083 45084 45093 45107 45108
[8019] 45132 45135 45139 45143 45145 45152 45153 45163 45168 45174 45175 45178 45179 45180 45193 45198 45204 45208 45219
[8038] 45223 45224 45225 45229 45231 45235 45238 45241 45251 45257 45262 45275 45276 45281 45288 45289 45293 45319 45321
[8057] 45326 45330 45331 45332 45336 45341 45348 45352 45353 45361 45362 45365 45367 45368 45369 45382 45402 45408 45420
[8076] 45424 45425 45429 45434 45435 45446 45447 45448 45451 45462 45466 45470 45479 45486 45487 45488 45489 45501 45504
[8095] 45510 45511 45512 45516 45519 45525 45526 45529 45530 45534 45542 45551 45556 45558 45567 45569 45575 45576 45579
[8114] 45582 45583 45586 45592 45594 45597 45602 45607 45618 45620 45621 45623 45633 45634 45639 45643 45653 45660 45663
[8133] 45664 45667 45668 45669 45672 45673 45676 45680 45683 45684 45685 45688 45694 45697 45712 45724 45729 45737 45746
[8152] 45755 45758 45759 45761 45764 45766 45770 45772 45773 45777 45778 45784 45785 45791 45798 45803 45805 45808 45822
[8171] 45824 45827 45828 45832 45834 45848 45851 45864 45867 45868 45871 45873 45875 45878 45884 45889 45890 45891 45901
[8190] 45902 45903 45906 45908 45916 45922 45923 45926 45929 45943 45949 45950 45963 45964 45968 45971 45972 45974 45976
[8209] 45980 45981 45985 45986 45989 45990 45991 45992 45993 46003 46006 46007 46012 46014 46020 46021 46022 46027 46028
[8228] 46029 46030 46031 46033 46037 46047 46057 46060 46061 46069 46070 46071 46072 46073 46077 46081 46082 46089 46093
[8247] 46095 46098 46107 46118 46123 46132 46139 46141 46142 46146 46147 46153 46162 46167 46172 46174 46175 46176 46177
[8266] 46180 46182 46191 46202 46203 46221 46222 46227 46234 46236 46239 46240 46243 46246 46251 46259 46262 46267 46269
[8285] 46270 46273 46275 46280 46281 46283 46284 46297 46298 46310 46311 46320 46330 46332 46340 46341 46342 46343 46363
[8304] 46369 46376 46382 46389 46393 46409 46414 46420 46421 46422 46428 46432 46438 46445 46449 46458 46460 46463 46464
[8323] 46465 46466 46473 46475 46476 46479 46481 46486 46488 46498 46499 46500 46518 46525 46527 46528 46529 46544 46546
[8342] 46551 46552 46553 46566 46597 46603 46612 46625 46626 46627 46629 46632 46635 46636 46639 46641 46665 46666 46670
[8361] 46673 46677 46679 46681 46684 46687 46696 46698 46699 46700 46701 46702 46703 46707 46709 46715 46720 46732 46736
[8380] 46739 46744 46746 46753 46757 46759 46774 46778 46781 46782 46784 46785 46787 46798 46799 46805 46806 46825 46829
[8399] 46852 46854 46879 46880 46881 46898 46901 46902 46904 46905 46907 46923 46936 46937 46943 46947 46951 46953 46954
[8418] 46956 46959 46960 46962 46970 46974 46988 46995 47001 47002 47003 47009 47011 47013 47016 47029 47032 47037 47039
[8437] 47040 47043 47051 47054 47055 47081 47082 47088 47096 47098 47100 47101 47103 47105 47109 47111 47113 47114 47117
[8456] 47123 47125 47127 47128 47129 47135 47138 47140 47142 47158 47160 47162 47165 47168 47175 47176 47178 47184 47189
[8475] 47197 47199 47214 47215 47216 47217 47218 47226 47228 47232 47233 47236 47240 47242 47243 47244 47245 47247 47249
[8494] 47255 47258 47271 47274 47286 47287 47294 47296 47299 47310 47314 47324 47329 47333 47336 47342 47347 47355 47357
[8513] 47360 47365 47367 47369 47375 47378 47379 47382 47393 47423 47424 47425 47428 47439 47474 47475 47477 47479 47480
[8532] 47484 47489 47495 47496 47498 47504 47507 47518 47525 47530 47533 47535 47541 47542 47543 47551 47556 47557 47569
[8551] 47580 47583 47587 47588 47597 47599 47603 47621 47625 47627 47628 47635 47638 47662 47667 47668 47670 47675 47688
[8570] 47689 47701 47712 47717 47718 47719 47722 47737 47747 47751 47758 47759 47762 47764 47765 47772 47786 47787 47802
[8589] 47803 47805 47807 47812 47813 47814 47821 47822 47825 47843 47844 47845 47847 47848 47869 47871 47874 47878 47884
[8608] 47892 47901 47903 47905 47911 47917 47923 47924 47925 47929 47934 47936 47938 47939 47940 47944 47950 47952 47964
[8627] 47965 47972 47974 47978 47987 47998 48004 48005 48007 48012 48013 48016 48019 48028 48031 48032 48035 48039 48040
[8646] 48041 48046 48047 48048 48050 48054 48055 48056 48062 48063 48064 48075 48076 48080 48085 48106 48107 48111 48112
[8665] 48119 48121 48123 48127 48134 48137 48145 48148 48149 48158 48160 48173 48178 48181 48186 48188 48189 48192 48193
[8684] 48194 48195 48196 48200 48202 48211 48216 48220 48232 48235 48238 48263 48285 48287 48288 48294 48297 48309 48313
[8703] 48330 48331 48335 48340 48344 48351 48354 48362 48364 48369 48370 48372 48377 48389 48390 48391 48394 48400 48401
[8722] 48406 48431 48433 48435 48441 48444 48447 48449 48462 48470 48477 48489 48491 48493 48498 48503 48506 48511 48512
[8741] 48517 48519 48530 48531 48532 48539 48540 48542 48549 48554 48556 48559 48560 48569 48570 48577 48580 48583 48585
[8760] 48588 48589 48597 48598 48601 48613 48618 48620 48636 48637 48642 48643 48644 48649 48650 48651 48652 48660 48681
[8779] 48684 48685 48686 48694 48695 48700 48705 48706 48712 48720 48722 48727 48729 48731 48738 48740 48745 48747 48748
[8798] 48750 48753 48756 48767 48769 48773 48774 48776 48780 48781 48784 48789 48791 48792 48793 48797 48799 48803 48819
[8817] 48820 48822 48842 48843 48848 48853 48854 48855 48856 48861 48863 48865 48866 48874 48875 48877 48883 48888 48889
[8836] 48895 48896 48900 48901 48902 48903 48915 48918 48922 48933 48935 48950 48953 48967 48970 48972 48980 48995 48997
[8855] 49002 49008 49010 49018 49020 49021 49034 49040 49042 49043 49045 49047 49048 49049 49050 49051 49052 49054 49057
[8874] 49059 49065 49066 49067 49070 49071 49078 49079 49081 49093 49094 49104 49105 49113 49117 49121 49122 49126 49128
[8893] 49130 49135 49136 49139 49144 49146 49148 49151 49153 49167 49168 49171 49172 49181 49185 49190 49200 49204 49207
[8912] 49220 49221 49223 49226 49228 49231 49235 49238 49243 49253 49256 49259 49261 49262 49263 49264 49265 49269 49270
[8931] 49278 49284 49290 49297 49299 49301 49303 49304 49306 49307 49309 49310 49317 49322 49323 49334 49344 49347 49350
[8950] 49353 49355 49356 49357 49358 49367 49368 49369 49371 49374 49375 49378 49379 49381 49382 49386 49389 49401 49404
[8969] 49424 49426 49427 49428 49432 49444 49450 49451 49452 49466 49467 49468 49473 49474 49475 49480 49492 49493 49494
[8988] 49498 49501 49502 49503 49506 49513 49514 49518 49521 49522 49526 49534 49546 49565 49568 49581 49582 49583 49584
[9007] 49591 49594 49595 49597 49598 49599 49600 49604 49609 49611 49612 49613 49618 49619 49621 49628 49632 49639 49640
[9026] 49645 49651 49662 49664 49688 49695 49696 49702 49706 49714 49716 49718 49720 49721 49731 49748 49751 49754 49756
[9045] 49761 49762 49764 49766 49771 49774 49776 49778 49796 49825 49829 49830 49845 49848 49849 49853 49855 49857 49867
[9064] 49876 49880 49881 49883 49885 49887 49888 49899 49901 49902 49904 49909 49915 49921 49932 49933 49935 49936 49940
[9083] 49941 49958 49960 49963 49965 49973 49981 49982 49983 49989 49992 49993 49997 49999 50000 50003 50007 50012 50013
[9102] 50014 50019 50020 50021 50023 50034 50040 50043 50048 50054 50058 50066 50076 50077 50081 50082 50086 50087 50102
[9121] 50106 50109 50111 50112 50114 50115 50117 50127 50128 50131 50135 50139 50141 50143 50144 50145 50163 50166 50167
[9140] 50169 50174 50175 50176 50178 50184 50187 50193 50196 50197 50204 50205 50213 50215 50216 50217 50222 50223 50224
[9159] 50229 50230 50237 50238 50245 50247 50250 50251 50254 50257 50263 50267 50273 50274 50277 50284 50286 50287 50288
[9178] 50289 50290 50311 50317 50319 50322 50327 50329 50331 50333 50344 50348 50351 50355 50358 50369 50376 50382 50383
[9197] 50389 50390 50392 50404 50407 50425 50428 50433 50437 50439 50442 50446 50448 50458 50460 50470 50479 50484 50487
[9216] 50492 50501 50504 50525 50529 50533 50538 50540 50545 50551 50552 50555 50561 50562 50564 50567 50570 50571 50572
[9235] 50574 50579 50589 50590 50593 50594 50595 50596 50604 50605 50607 50618 50619 50620 50626 50628 50629 50630 50635
[9254] 50636 50642 50645 50649 50650 50651 50653 50666 50668 50672 50675 50676 50685 50692 50696 50699 50702 50709 50733
[9273] 50736 50739 50741 50749 50753 50756 50761 50763 50764 50767 50771 50773 50781 50792 50795 50799 50803 50809 50812
[9292] 50813 50814 50815 50819 50820 50824 50828 50840 50847 50850 50851 50861 50864 50867 50868 50874 50878 50879 50880
[9311] 50882 50890 50909 50910 50912 50913 50917 50919 50921 50936 50940 50943 50946 50949 50957 50960 50962 50964 50966
[9330] 50967 50974 50982 50983 50991 50995 50997 51002 51004 51007 51018 51020 51021 51025 51030 51031 51034 51047 51050
[9349] 51055 51056 51065 51068 51072 51082 51088 51131 51141 51147 51148 51149 51162 51173 51178 51179 51195 51197 51198
[9368] 51203 51204 51207 51208 51220 51221 51230 51231 51243 51244 51245 51262 51268 51269 51271 51274 51279 51285 51289
[9387] 51290 51291 51295 51296 51298
