
===========  gbm  ============

   [1]    29    49    62    64    73    86   100   119   120   127   175   180   183   184   251   252   266   271   299
  [20]   316   322   328   345   354   355   383   388   502   503   505   575   593   602   607   624   633   643   650
  [39]   653   655   661   674   676   692   773   774   780   786   809   816   817   820   916   924   948   995   996
  [58]  1030  1038  1047  1089  1093  1142  1173  1175  1182  1186  1195  1201  1257  1293  1305  1313  1317  1337  1371
  [77]  1374  1377  1382  1383  1385  1386  1390  1392  1424  1439  1440  1489  1497  1519  1527  1530  1532  1533  1540
  [96]  1556  1566  1568  1601  1614  1656  1658  1676  1685  1693  1697  1699  1713  1754  1764  1778  1798  1805  1810
 [115]  1817  1841  1859  1863  1866  1867  1869  1900  1902  1912  1916  1936  1938  1945  1948  1993  2010  2018  2019
 [134]  2043  2044  2054  2057  2099  2130  2155  2156  2170  2186  2188  2189  2198  2219  2228  2230  2232  2257  2258
 [153]  2262  2354  2359  2366  2391  2445  2454  2462  2470  2479  2489  2490  2491  2494  2509  2510  2519  2534  2538
 [172]  2542  2543  2545  2546  2574  2605  2614  2626  2627  2688  2694  2700  2711  2712  2717  2727  2739  2744  2746
 [191]  2748  2756  2774  2775  2781  2782  2784  2822  2844  2880  2896  2913  2916  2919  2921  2922  2931  2938  2952
 [210]  2983  3010  3019  3027  3033  3035  3082  3097  3102  3120  3123  3128  3144  3159  3161  3162  3193  3214  3234
 [229]  3247  3252  3259  3270  3294  3325  3332  3346  3373  3386  3429  3446  3448  3456  3474  3483  3500  3508  3516
 [248]  3549  3556  3577  3587  3614  3617  3618  3619  3662  3687  3697  3698  3713  3725  3745  3757  3767  3773  3782
 [267]  3788  3817  3824  3831  3838  3848  3850  3864  3890  3900  3939  3948  3949  3951  3972  3982  3985  3993  4007
 [286]  4008  4015  4046  4052  4088  4132  4151  4154  4155  4160  4164  4192  4195  4205  4206  4217  4245  4249  4258
 [305]  4265  4274  4277  4293  4308  4331  4356  4364  4369  4382  4384  4386  4387  4407  4418  4422  4426  4454  4486
 [324]  4491  4523  4528  4529  4551  4575  4578  4586  4596  4607  4616  4641  4643  4647  4651  4673  4722  4726  4729
 [343]  4742  4746  4750  4768  4771  4778  4780  4797  4837  4844  4863  4879  4880  4922  4926  4931  4940  4957  4961
 [362]  4963  4964  4977  4979  5006  5014  5025  5030  5053  5058  5064  5068  5075  5079  5087  5101  5125  5131  5134
 [381]  5168  5194  5224  5242  5243  5254  5289  5323  5330  5331  5337  5339  5356  5357  5366  5388  5397  5399  5410
 [400]  5414  5437  5447  5448  5463  5472  5473  5475  5484  5487  5548  5550  5551  5552  5577  5588  5599  5602  5628
 [419]  5689  5716  5725  5804  5834  5852  5873  5876  5895  5896  5916  5917  5922  5928  5942  5957  5961  5965  5966
 [438]  5970  5975  5993  6004  6015  6030  6032  6033  6048  6065  6084  6098  6115  6119  6121  6133  6134  6139  6147
 [457]  6162  6171  6180  6207  6224  6230  6238  6242  6246  6251  6258  6260  6262  6269  6273  6274  6283  6300  6315
 [476]  6317  6320  6326  6349  6383  6402  6403  6406  6414  6417  6420  6444  6445  6466  6473  6495  6509  6527  6530
 [495]  6543  6547  6554  6570  6571  6574  6583  6596  6597  6598  6613  6620  6630  6633  6638  6653  6655  6667  6680
 [514]  6684  6685  6693  6706  6720  6737  6756  6758  6759  6775  6802  6810  6811  6814  6825  6831  6834  6844  6851
 [533]  6859  6870  6877  6879  6880  6885  6886  6902  6906  6923  6928  6962  6989  6992  6993  6994  7008  7009  7014
 [552]  7022  7023  7030  7039  7063  7066  7067  7095  7105  7114  7117  7135  7136  7137  7144  7146  7160  7169  7173
 [571]  7174  7183  7188  7194  7196  7235  7236  7253  7277  7280  7290  7298  7300  7322  7332  7377  7388  7404  7415
 [590]  7419  7422  7459  7472  7486  7496  7508  7521  7552  7568  7588  7608  7634  7646  7668  7669  7681  7684  7687
 [609]  7700  7707  7710  7729  7734  7740  7749  7762  7767  7778  7782  7795  7814  7816  7831  7882  7891  7903  7909
 [628]  7922  7939  7945  7948  7949  7956  7973  7977  7981  8017  8020  8043  8050  8051  8062  8071  8074  8087  8088
 [647]  8090  8098  8107  8124  8137  8140  8155  8156  8170  8197  8212  8217  8220  8231  8234  8236  8251  8255  8260
 [666]  8261  8266  8270  8288  8301  8306  8307  8309  8312  8314  8318  8325  8337  8342  8344  8363  8367  8389  8414
 [685]  8422  8432  8439  8443  8444  8459  8463  8465  8471  8493  8495  8512  8519  8560  8567  8568  8589  8599  8611
 [704]  8623  8644  8649  8663  8667  8673  8686  8687  8695  8699  8710  8713  8714  8734  8738  8775  8777  8786  8799
 [723]  8804  8810  8822  8823  8826  8839  8858  8860  8952  8977  8978  8989  8993  9004  9006  9021  9022  9054  9073
 [742]  9074  9076  9084  9099  9102  9112  9123  9141  9160  9164  9174  9176  9181  9192  9201  9216  9223  9224  9225
 [761]  9228  9237  9241  9248  9251  9254  9255  9256  9277  9281  9284  9296  9297  9313  9323  9331  9334  9343  9347
 [780]  9352  9354  9379  9404  9423  9425  9430  9436  9439  9476  9483  9492  9499  9510  9513  9532  9566  9569  9570
 [799]  9581  9600  9611  9614  9615  9629  9738  9744  9756  9757  9798  9809  9835  9856  9862  9864  9866  9869  9874
 [818]  9887  9889  9891  9922  9926  9955  9964  9977  9981  9986 10006 10009 10010 10014 10031 10039 10048 10063 10067
 [837] 10098 10113 10117 10120 10128 10140 10149 10154 10159 10167 10188 10203 10246 10251 10272 10276 10280 10282 10300
 [856] 10302 10310 10323 10334 10336 10338 10339 10348 10356 10359 10371 10373 10380 10387 10388 10393 10406 10417 10421
 [875] 10422 10431 10432 10439 10441 10448 10449 10457 10463 10470 10481 10523 10527 10531 10537 10561 10572 10573 10644
 [894] 10651 10698 10739 10742 10745 10822 10825 10831 10845 10849 10885 10909 10914 10925 10933 10937 10973 10996 11000
 [913] 11015 11027 11028 11042 11058 11061 11084 11113 11131 11138 11150 11153 11212 11225 11236 11239 11245 11246 11248
 [932] 11268 11281 11288 11310 11335 11340 11351 11366 11368 11369 11394 11395 11401 11432 11455 11462 11470 11471 11490
 [951] 11498 11505 11515 11523 11528 11537 11556 11560 11568 11600 11606 11609 11632 11636 11644 11657 11692 11693 11715
 [970] 11718 11754 11759 11763 11774 11779 11783 11784 11797 11813 11823 11825 11836 11841 11860 11865 11866 11871 11875
 [989] 11881 11894 11895 11916 11931 11945 11946 11953 11973 11986 11988 11993 12030 12051 12065 12066 12080 12088 12101
[1008] 12103 12106 12109 12113 12123 12153 12204 12214 12222 12224 12228 12252 12265 12275 12278 12291 12295 12314 12318
[1027] 12335 12343 12358 12372 12374 12436 12464 12474 12476 12482 12483 12496 12508 12509 12510 12518 12524 12525 12530
[1046] 12536 12548 12561 12562 12580 12581 12590 12599 12601 12610 12613 12643 12655 12662 12669 12678 12691 12700 12703
[1065] 12714 12716 12731 12732 12744 12754 12767 12769 12792 12799 12820 12826 12835 12841 12847 12850 12859 12893 12907
[1084] 12921 12923 12927 12930 12931 12937 12942 12965 12988 12990 12994 12995 12999 13010 13014 13016 13028 13058 13066
[1103] 13067 13070 13072 13092 13112 13120 13144 13172 13180 13215 13239 13276 13283 13284 13286 13287 13293 13301 13310
[1122] 13312 13343 13344 13346 13361 13391 13411 13412 13414 13422 13423 13430 13433 13438 13465 13466 13473 13475 13482
[1141] 13486 13495 13503 13509 13523 13524 13525 13527 13528 13531 13545 13550 13569 13573 13598 13619 13630 13675 13680
[1160] 13689 13691 13694 13702 13716 13732 13750 13755 13778 13783 13804 13813 13822 13824 13828 13831 13837 13896 13928
[1179] 13948 13951 13953 13959 13965 13970 13974 13979 13981 13993 14043 14044 14045 14052 14073 14117 14132 14137 14176
[1198] 14187 14200 14203 14208 14215 14222 14252 14253 14256 14277 14280 14281 14292 14296 14301 14336 14346 14351 14371
[1217] 14379 14380 14387 14411 14414 14425 14440 14441 14447 14498 14507 14510 14540 14552 14554 14574 14614 14619 14624
[1236] 14628 14629 14664 14671 14674 14676 14689 14697 14699 14715 14735 14767 14845 14857 14876 14888 14901 14907 14938
[1255] 14948 14959 14966 14990 14994 15018 15034 15035 15037 15041 15050 15071 15073 15085 15090 15094 15095 15111 15134
[1274] 15153 15166 15167 15171 15176 15189 15215 15230 15231 15247 15260 15277 15293 15323 15326 15342 15344 15348 15362
[1293] 15366 15372 15390 15402 15456 15471 15484 15490 15503 15547 15550 15552 15561 15573 15582 15583 15596 15617 15623
[1312] 15626 15633 15640 15644 15645 15656 15668 15679 15687 15693 15711 15732 15744 15756 15759 15776 15801 15807 15808
[1331] 15819 15827 15840 15849 15851 15852 15856 15878 15898 15906 15917 15928 15936 15938 15944 15949 15953 15955 16002
[1350] 16017 16025 16047 16055 16067 16073 16078 16085 16088 16090 16091 16108 16112 16116 16125 16137 16152 16164 16170
[1369] 16174 16193 16200 16212 16213 16218 16231 16234 16257 16262 16264 16270 16274 16280 16283 16287 16331 16352 16356
[1388] 16361 16366 16369 16374 16377 16389 16395 16409 16418 16443 16451 16454 16455 16459 16470 16476 16494 16516 16517
[1407] 16521 16548 16551 16555 16565 16574 16583 16593 16594 16596 16599 16604 16613 16615 16624 16626 16627 16628 16644
[1426] 16655 16660 16664 16673 16679 16694 16714 16718 16722 16725 16726 16729 16735 16763 16813 16817 16819 16824 16838
[1445] 16844 16850 16851 16852 16857 16914 16933 16945 16958 16975 16987 16995 17002 17005 17012 17015 17016 17042 17062
[1464] 17085 17088 17099 17102 17122 17134 17135 17141 17177 17187 17197 17201 17215 17223 17224 17238 17239 17259 17263
[1483] 17287 17298 17300 17304 17315 17321 17330 17356 17357 17365 17367 17378 17385 17395 17407 17417 17422 17426 17431
[1502] 17465 17474 17480 17548 17558 17561 17563 17586 17589 17603 17615 17619 17633 17640 17682 17686 17696 17722 17731
[1521] 17736 17750 17753 17755 17767 17790 17794 17810 17818 17839 17842 17846 17847 17851 17852 17858 17891 17893 17910
[1540] 17940 17943 17969 17981 17987 18002 18007 18008 18020 18023 18031 18036 18053 18057 18061 18068 18088 18093 18101
[1559] 18102 18137 18148 18173 18241 18245 18252 18266 18273 18294 18295 18305 18316 18323 18340 18371 18379 18385 18397
[1578] 18402 18414 18415 18417 18430 18432 18441 18455 18488 18489 18490 18512 18528 18532 18550 18559 18572 18588 18609
[1597] 18612 18647 18665 18683 18687 18688 18694 18702 18709 18710 18732 18772 18796 18812 18836 18848 18852 18857 18865
[1616] 18866 18870 18874 18912 18913 18926 18930 18934 18947 18951 18955 18962 18963 18972 18991 18997 19001 19005 19008
[1635] 19011 19012 19014 19015 19027 19030 19038 19052 19056 19058 19069 19073 19079 19096 19108 19114 19135 19141 19156
[1654] 19160 19163 19167 19169 19173 19178 19197 19235 19243 19275 19280 19297 19306 19309 19313 19314 19320 19328 19339
[1673] 19344 19349 19358 19386 19390 19412 19449 19458 19604 19628 19663 19678 19687 19693 19695 19697 19707 19708 19719
[1692] 19778 19780 19785 19788 19843 19847 19854 19856 19868 19869 19875 19889 19913 19918 19937 19948 19949 19959 19968
[1711] 19972 19993 19997 20000 20007 20032 20043 20046 20060 20068 20074 20110 20111 20112 20128 20130 20133 20142 20149
[1730] 20157 20162 20169 20176 20177 20201 20214 20230 20231 20235 20254 20262 20266 20274 20280 20294 20316 20325 20326
[1749] 20329 20334 20336 20345 20348 20377 20413 20419 20435 20465 20489 20492 20503 20525 20534 20540 20542 20547 20549
[1768] 20556 20561 20574 20577 20598 20604 20610 20646 20664 20678 20689 20691 20693 20696 20697 20700 20703 20704 20712
[1787] 20715 20720 20721 20736 20738 20767 20795 20796 20797 20805 20810 20813 20815 20827 20833 20862 20882 20900 20902
[1806] 20904 20906 20911 20919 20930 20960 20978 20982 20995 21008 21010 21013 21016 21039 21042 21043 21050 21067 21068
[1825] 21084 21088 21095 21102 21116 21117 21120 21130 21151 21162 21176 21184 21190 21191 21200 21208 21213 21217 21219
[1844] 21222 21230 21238 21242 21246 21247 21264 21279 21284 21291 21292 21302 21309 21312 21328 21347 21350 21367 21392
[1863] 21406 21423 21434 21441 21449 21452 21453 21454 21455 21457 21469 21470 21473 21478 21480 21485 21497 21513 21517
[1882] 21529 21533 21541 21543 21553 21572 21591 21622 21626 21663 21665 21670 21673 21701 21717 21722 21740 21745 21754
[1901] 21762 21765 21775 21785 21786 21787 21797 21798 21802 21822 21842 21843 21847 21848 21852 21882 21886 21889 21902
[1920] 21903 21924 21926 21935 21947 21959 21971 21973 21974 21975 21981 21984 21985 22065 22069 22072 22074 22085 22095
[1939] 22113 22114 22117 22119 22143 22144 22154 22163 22167 22180 22181 22185 22215 22226 22234 22235 22246 22257 22289
[1958] 22294 22295 22312 22325 22353 22369 22393 22398 22400 22406 22412 22413 22428 22430 22434 22439 22444 22454 22470
[1977] 22488 22490 22491 22494 22513 22520 22529 22534 22558 22560 22568 22581 22600 22610 22612 22613 22634 22643 22655
[1996] 22663 22689 22698 22710 22727 22732 22733 22745 22795 22800 22813 22822 22824 22827 22837 22847 22850 22862 22866
[2015] 22874 22877 22894 22895 22912 22922 22931 22934 22947 22979 22981 22984 22993 23007 23018 23020 23032 23034 23039
[2034] 23051 23058 23062 23079 23084 23085 23089 23095 23104 23114 23116 23117 23131 23146 23154 23156 23162 23175 23198
[2053] 23202 23220 23251 23252 23257 23262 23272 23287 23301 23311 23312 23315 23317 23318 23328 23347 23362 23376 23381
[2072] 23383 23395 23459 23474 23475 23495 23497 23515 23519 23520 23522 23529 23536 23545 23562 23583 23592 23612 23625
[2091] 23637 23649 23650 23654 23682 23683 23696 23705 23707 23717 23724 23748 23762 23767 23775 23797 23799 23801 23811
[2110] 23812 23820 23821 23827 23832 23834 23839 23848 23855 23858 23878 23892 23897 23922 23937 23945 23955 23972 23975
[2129] 23982 24020 24027 24031 24034 24036 24055 24056 24063 24094 24103 24127 24151 24153 24170 24184 24190 24196 24216
[2148] 24222 24225 24244 24267 24268 24285 24329 24353 24354 24361 24364 24366 24372 24421 24443 24447 24450 24452 24456
[2167] 24470 24481 24483 24495 24513 24559 24570 24571 24575 24588 24591 24592 24594 24595 24596 24600 24602 24608 24612
[2186] 24622 24641 24654 24667 24671 24694 24701 24706 24710 24713 24727 24730 24749 24753 24760 24761 24783 24785 24786
[2205] 24790 24791 24814 24829 24832 24833 24834 24838 24846 24848 24849 24863 24867 24874 24882 24884 24885 24890 24892
[2224] 24894 24901 24904 24909 24937 24939 24962 24974 24978 24979 24983 24991 25018 25020 25037 25042 25046 25055 25070
[2243] 25080 25092 25094 25100 25114 25121 25145 25173 25193 25194 25198 25200 25204 25212 25214 25215 25217 25221 25225
[2262] 25233 25249 25264 25307 25334 25335 25339 25354 25375 25377 25385 25401 25402 25421 25494 25511 25535 25538 25541
[2281] 25542 25559 25561 25575 25585 25586 25597 25607 25610 25625 25629 25647 25663 25678 25686 25692 25698 25711 25741
[2300] 25756 25759 25771 25790 25830 25836 25861 25866 25870 25875 25890 25905 25923 25925 25938 25944 25949 25950 25951
[2319] 25955 25960 25966 25976 25986 25989 25996 25997 26010 26011 26031 26038 26048 26049 26050 26063 26067 26069 26072
[2338] 26087 26098 26109 26110 26115 26116 26124 26131 26147 26154 26162 26168 26171 26176 26190 26191 26192 26199 26203
[2357] 26206 26238 26285 26286 26296 26297 26301 26304 26307 26342 26347 26348 26349 26351 26361 26403 26410 26413 26429
[2376] 26471 26493 26519 26533 26557 26559 26563 26577 26589 26590 26598 26619 26635 26674 26681 26691 26707 26718 26738
[2395] 26782 26792 26793 26857 26858 26864 26872 26882 26885 26910 26921 26922 26926 26934 26935 26947 26948 26957 26966
[2414] 26968 26970 26975 26977 26978 26981 26982 26983 27000 27013 27014 27028 27047 27048 27049 27054 27057 27062 27067
[2433] 27075 27079 27083 27085 27101 27123 27127 27128 27146 27148 27151 27161 27166 27190 27203 27205 27209 27228 27235
[2452] 27267 27268 27294 27297 27320 27330 27336 27340 27343 27346 27350 27362 27367 27370 27374 27387 27415 27427 27450
[2471] 27456 27460 27462 27493 27494 27504 27526 27528 27545 27554 27556 27584 27586 27592 27600 27614 27619 27631 27638
[2490] 27653 27667 27677 27696 27715 27730 27733 27757 27762 27765 27766 27770 27771 27782 27795 27798 27817 27839 27845
[2509] 27849 27869 27870 27883 27914 27918 27922 27936 27944 27948 27955 27973 27977 27982 28021 28023 28038 28046 28048
[2528] 28053 28080 28089 28097 28100 28134 28166 28170 28172 28185 28195 28199 28203 28204 28211 28212 28213 28215 28216
[2547] 28230 28245 28251 28262 28264 28269 28273 28290 28295 28298 28330 28342 28344 28360 28377 28391 28395 28398 28416
[2566] 28435 28436 28450 28464 28470 28475 28484 28487 28494 28497 28498 28518 28522 28528 28530 28543 28554 28557 28559
[2585] 28574 28577 28584 28596 28603 28610 28620 28621 28632 28638 28649 28652 28668 28678 28690 28708 28720 28725 28745
[2604] 28746 28747 28756 28757 28766 28768 28783 28786 28811 28821 28841 28842 28845 28856 28861 28867 28868 28875 28881
[2623] 28933 28960 28966 28967 28968 28982 28985 29010 29012 29013 29021 29022 29037 29046 29050 29067 29068 29079 29092
[2642] 29105 29120 29122 29125 29138 29156 29163 29170 29180 29185 29186 29193 29211 29216 29231 29232 29240 29245 29247
[2661] 29271 29286 29291 29294 29301 29304 29310 29315 29319 29320 29327 29334 29337 29353 29373 29384 29414 29428 29443
[2680] 29445 29452 29453 29476 29480 29490 29491 29528 29545 29546 29550 29552 29559 29599 29616 29617 29623 29631 29664
[2699] 29678 29684 29688 29689 29690 29691 29693 29703 29704 29728 29737 29763 29764 29786 29796 29801 29804 29807 29819
[2718] 29831 29845 29854 29865 29868 29884 29885 29886 29889 29914 29919 29926 29930 29957 29961 29962 29977 29979 29983
[2737] 30005 30013 30015 30017 30029 30030 30034 30049 30054 30058 30060 30063 30067 30069 30080 30081 30093 30126 30152
[2756] 30174 30194 30204 30214 30216 30219 30227 30240 30242 30246 30260 30266 30267 30283 30293 30294 30299 30322 30338
[2775] 30340 30341 30356 30358 30364 30371 30373 30376 30377 30399 30404 30417 30424 30434 30435 30447 30449 30493 30509
[2794] 30512 30516 30526 30537 30548 30570 30585 30600 30628 30642 30653 30655 30668 30674 30677 30684 30685 30709 30714
[2813] 30715 30720 30765 30768 30772 30776 30794 30807 30812 30817 30823 30843 30846 30859 30869 30883 30888 30890 30926
[2832] 30941 30945 30957 30962 30963 30975 30982 30986 31020 31038 31040 31052 31055 31094 31114 31122 31136 31161 31166
[2851] 31169 31206 31207 31230 31246 31270 31272 31275 31278 31284 31292 31297 31301 31304 31310 31311 31315 31317 31324
[2870] 31338 31361 31382 31384 31424 31445 31446 31460 31468 31475 31483 31484 31485 31486 31487 31488 31500 31519 31521
[2889] 31523 31531 31535 31552 31553 31555 31562 31571 31572 31584 31586 31595 31596 31597 31613 31636 31644 31654 31668
[2908] 31707 31712 31722 31724 31727 31732 31735 31740 31758 31759 31760 31764 31765 31767 31776 31787 31790 31799 31800
[2927] 31817 31831 31833 31872 31887 31891 31905 31906 31907 31915 31916 31917 31930 31933 31962 31964 31989 32006 32017
[2946] 32029 32039 32061 32087 32098 32130 32132 32134 32142 32171 32172 32188 32195 32198 32207 32209 32210 32217 32219
[2965] 32228 32235 32250 32294 32299 32314 32318 32324 32328 32333 32353 32355 32378 32396 32398 32411 32415 32428 32434
[2984] 32445 32448 32476 32479 32492 32498 32508 32511 32531 32542 32547 32557 32559 32563 32573 32577 32581 32588 32598
[3003] 32606 32607 32612 32623 32665 32680 32688 32696 32704 32711 32716 32719 32729 32736 32740 32744 32751 32760 32771
[3022] 32774 32784 32792 32802 32824 32834 32835 32840 32852 32876 32879 32902 32916 32918 32919 32921 32922 32929 32947
[3041] 32949 32961 32964 32974 32984 32987 32988 33008 33011 33028 33071 33072 33073 33075 33083 33094 33097 33104 33108
[3060] 33113 33114 33119 33128 33137 33141 33154 33164 33169 33196 33197 33207 33219 33225 33234 33246 33251 33252 33253
[3079] 33263 33280 33282 33320 33349 33359 33365 33366 33370 33378 33401 33420 33422 33423 33434 33435 33446 33448 33452
[3098] 33455 33457 33464 33482 33495 33503 33509 33514 33538 33539 33547 33550 33558 33566 33574 33602 33611 33632 33647
[3117] 33649 33689 33695 33696 33697 33705 33711 33712 33729 33730 33745 33759 33778 33785 33789 33799 33800 33803 33816
[3136] 33817 33828 33854 33859 33860 33867 33868 33869 33870 33887 33906 33908 33909 33922 33934 33959 33963 33992 34025
[3155] 34027 34031 34049 34057 34058 34061 34073 34091 34092 34100 34107 34128 34131 34139 34140 34146 34151 34163 34165
[3174] 34166 34168 34192 34222 34234 34241 34245 34261 34264 34266 34267 34270 34277 34292 34295 34299 34308 34324 34332
[3193] 34335 34342 34348 34350 34359 34360 34361 34393 34404 34408 34412 34427 34433 34443 34465 34466 34470 34473 34483
[3212] 34486 34488 34496 34501 34504 34517 34522 34526 34531 34536 34538 34540 34549 34558 34563 34567 34577 34587 34588
[3231] 34590 34594 34606 34615 34626 34644 34650 34651 34656 34661 34714 34722 34724 34742 34799 34814 34869 34884 34910
[3250] 34914 34930 34932 34941 34957 34960 34963 34977 34978 34982 34996 35002 35009 35017 35021 35054 35075 35079 35086
[3269] 35091 35103 35114 35122 35124 35133 35141 35142 35145 35146 35147 35153 35157 35173 35186 35232 35234 35249 35252
[3288] 35278 35302 35324 35330 35336 35347 35365 35385 35401 35407 35412 35428 35434 35439 35441 35458 35460 35462 35471
[3307] 35484 35497 35505 35521 35535 35565 35581 35583 35588 35597 35604 35605 35612 35624 35636 35655 35656 35669 35677
[3326] 35688 35699 35700 35703 35718 35720 35723 35740 35742 35750 35757 35769 35793 35811 35814 35820 35826 35831 35833
[3345] 35841 35848 35849 35854 35855 35856 35857 35864 35866 35867 35888 35894 35896 35899 35911 35912 35924 35926 35939
[3364] 35961 35970 35972 35979 35982 35998 36005 36006 36008 36010 36020 36037 36040 36045 36065 36066 36067 36080 36092
[3383] 36093 36104 36120 36124 36128 36169 36175 36179 36187 36200 36209 36214 36235 36239 36247 36251 36260 36272 36273
[3402] 36275 36277 36281 36282 36288 36292 36295 36306 36310 36315 36320 36325 36329 36338 36340 36348 36355 36364 36365
[3421] 36370 36371 36373 36375 36378 36380 36382 36384 36389 36398 36401 36405 36408 36413 36441 36446 36462 36483 36484
[3440] 36485 36488 36526 36544 36558 36605 36606 36610 36611 36655 36671 36672 36675 36696 36726 36743 36749 36753 36796
[3459] 36797 36799 36801 36805 36819 36829 36831 36834 36837 36842 36862 36882 36901 36916 36924 36928 36940 36941 36945
[3478] 36951 36969 36976 36993 37003 37046 37052 37055 37062 37105 37108 37115 37116 37121 37149 37150 37156 37161 37175
[3497] 37180 37202 37220 37224 37242 37259 37303 37304 37315 37316 37331 37344 37347 37358 37361 37371 37379 37387 37390
[3516] 37397 37414 37438 37442 37466 37467 37507 37517 37526 37535 37575 37577 37585 37597 37602 37608 37611 37626 37639
[3535] 37646 37654 37665 37681 37710 37711 37713 37715 37717 37719 37721 37729 37740 37741 37744 37745 37747 37762 37771
[3554] 37779 37796 37801 37810 37825 37830 37858 37870 37877 37902 37918 37919 37923 37932 37934 37942 37977 37982 37987
[3573] 37997 37998 38028 38058 38059 38064 38071 38075 38103 38104 38106 38107 38113 38124 38125 38127 38128 38132 38153
[3592] 38173 38190 38202 38205 38209 38211 38217 38218 38220 38223 38228 38245 38247 38261 38285 38310 38318 38327 38335
[3611] 38336 38352 38380 38392 38399 38424 38426 38433 38444 38452 38455 38488 38493 38506 38535 38541 38548 38558 38561
[3630] 38572 38576 38583 38598 38600 38602 38615 38620 38635 38648 38649 38651 38682 38685 38735 38748 38751 38754 38761
[3649] 38770 38780 38781 38787 38792 38795 38803 38804 38822 38823 38825 38826 38827 38840 38842 38850 38869 38876 38880
[3668] 38900 38902 38915 38956 38964 38978 38983 38984 38999 39007 39015 39039 39071 39072 39074 39076 39077 39086 39092
[3687] 39107 39108 39112 39127 39134 39147 39150 39203 39204 39208 39210 39216 39220 39232 39239 39242 39244 39246 39255
[3706] 39276 39278 39281 39283 39285 39290 39300 39308 39314 39321 39322 39329 39335 39339 39351 39375 39396 39397 39419
[3725] 39437 39448 39449 39458 39459 39461 39467 39471 39475 39479 39498 39510 39516 39517 39523 39530 39531 39533 39540
[3744] 39544 39555 39564 39581 39582 39584 39588 39600 39614 39620 39624 39626 39629 39630 39633 39635 39642 39668 39671
[3763] 39680 39693 39713 39714 39716 39721 39722 39737 39738 39751 39752 39763 39764 39769 39780 39788 39791 39795 39797
[3782] 39814 39833 39837 39845 39855 39856 39864 39875 39891 39894 39896 39900 39901 39919 39944 39946 39947 39952 39954
[3801] 39955 39964 39969 39973 39978 39986 39989 39990 39994 40000 40009 40016 40019 40021 40026 40054 40055 40059 40062
[3820] 40066 40068 40070 40072 40078 40088 40092 40093 40105 40122 40127 40138 40141 40142 40164 40166 40186 40187 40234
[3839] 40236 40238 40243 40247 40255 40260 40261 40270 40275 40278 40299 40313 40319 40335 40342 40363 40379 40383 40389
[3858] 40404 40413 40444 40448 40458 40474 40478 40483 40488 40504 40507 40515 40516 40530 40574 40636 40659 40671 40687
[3877] 40716 40760 40767 40785 40807 40813 40831 40855 40860 40864 40867 40870 40878 40879 40898 40902 40903 40907 40908
[3896] 40922 40924 40960 40961 40966 41001 41004 41020 41044 41045 41054 41062 41064 41073 41074 41075 41087 41095 41108
[3915] 41111 41126 41132 41136 41137 41138 41145 41151 41161 41165 41176 41179 41189 41194 41198 41225 41227 41229 41230
[3934] 41236 41241 41243 41248 41252 41256 41258 41260 41262 41273 41299 41309 41316 41322 41327 41341 41343 41365 41367
[3953] 41382 41407 41436 41440 41460 41465 41471 41473 41489 41499 41500 41509 41517 41525 41564 41577 41578 41588 41595
[3972] 41597 41608 41612 41617 41618 41622 41629 41637 41658 41660 41688 41699 41719 41726 41732 41744 41750 41754 41771
[3991] 41779 41784 41810 41819 41832 41846 41852 41859 41888 41905 41934 41938 41939 41948 41996 42010 42013 42024 42030
[4010] 42031 42036 42037 42046 42055 42071 42074 42077 42085 42110 42141 42143 42151 42156 42168 42187 42201 42215 42219
[4029] 42226 42245 42248 42249 42257 42268 42270 42295 42302 42303 42305 42311 42335 42342 42343 42354 42364 42377 42379
[4048] 42410 42411 42412 42428 42429 42434 42436 42451 42459 42464 42485 42494 42509 42529 42539 42560 42584 42590 42595
[4067] 42601 42612 42621 42631 42638 42664 42673 42700 42709 42711 42712 42717 42736 42743 42750 42762 42770 42774 42786
[4086] 42808 42823 42854 42930 43039 43047 43050 43054 43058 43076 43084 43093 43104 43112 43116 43119 43120 43123 43127
[4105] 43128 43129 43135 43137 43156 43159 43164 43168 43169 43172 43176 43181 43188 43230 43235 43237 43239 43260 43268
[4124] 43271 43279 43281 43284 43287 43290 43295 43312 43319 43365 43395 43402 43407 43415 43419 43420 43430 43432 43444
[4143] 43453 43457 43460 43472 43483 43488 43502 43509 43521 43526 43529 43530 43531 43535 43554 43555 43558 43584 43615
[4162] 43629 43654 43674 43690 43691 43695 43698 43710 43721 43723 43731 43740 43745 43753 43754 43767 43771 43777 43778
[4181] 43785 43803 43805 43812 43813 43816 43831 43848 43849 43855 43857 43867 43870 43877 43878 43885 43901 43925 43946
[4200] 43947 43957 43966 43973 43977 43984 44010 44012 44020 44030 44034 44086 44096 44105 44106 44107 44132 44135 44136
[4219] 44137 44138 44141 44148 44157 44158 44161 44168 44184 44186 44188 44206 44211 44219 44227 44228 44229 44230 44237
[4238] 44239 44241 44246 44254 44274 44277 44279 44281 44283 44285 44286 44287 44299 44318 44325 44349 44352 44353 44360
[4257] 44374 44389 44391 44393 44396 44397 44417 44436 44445 44457 44469 44477 44478 44483 44485 44491 44494 44500 44503
[4276] 44504 44515 44539 44544 44557 44587 44596 44600 44605 44618 44625 44628 44631 44633 44639 44655 44657 44660 44663
[4295] 44667 44688 44689 44692 44728 44733 44756 44762 44764 44785 44789 44790 44798 44807 44809 44813 44843 44844 44848
[4314] 44860 44868 44886 44902 44925 44938 44952 44960 44962 44966 44975 44976 44979 44980 44991 44992 45003 45005 45025
[4333] 45026 45048 45060 45064 45077 45079 45084 45093 45107 45108 45126 45132 45139 45145 45152 45153 45168 45174 45193
[4352] 45205 45229 45241 45289 45319 45332 45336 45341 45348 45352 45353 45367 45382 45408 45434 45435 45446 45447 45448
[4371] 45451 45479 45489 45501 45504 45510 45512 45519 45526 45529 45534 45542 45551 45556 45569 45575 45576 45582 45602
[4390] 45620 45634 45639 45643 45653 45667 45669 45672 45673 45676 45680 45684 45699 45728 45729 45730 45755 45758 45772
[4409] 45785 45790 45798 45801 45803 45805 45808 45822 45831 45832 45851 45867 45871 45873 45875 45878 45889 45902 45908
[4428] 45916 45922 45949 45950 45963 45971 45972 45984 45989 45990 45991 45992 45993 46014 46020 46027 46028 46029 46037
[4447] 46061 46081 46089 46132 46139 46141 46160 46162 46172 46175 46191 46194 46203 46221 46222 46236 46239 46250 46251
[4466] 46270 46275 46278 46280 46284 46292 46297 46298 46311 46312 46330 46361 46376 46382 46406 46407 46424 46438 46456
[4485] 46458 46463 46464 46465 46481 46493 46494 46499 46517 46518 46521 46524 46525 46533 46535 46544 46546 46551 46566
[4504] 46567 46586 46603 46624 46625 46636 46639 46677 46681 46684 46696 46698 46699 46700 46701 46703 46709 46732 46739
[4523] 46759 46764 46785 46787 46799 46806 46852 46853 46854 46859 46879 46880 46881 46887 46898 46937 46943 46951 46954
[4542] 46955 46956 46962 46975 46995 47001 47003 47008 47013 47032 47081 47082 47088 47098 47102 47105 47111 47127 47130
[4561] 47140 47142 47144 47178 47184 47189 47190 47199 47215 47217 47218 47226 47228 47233 47238 47242 47243 47244 47245
[4580] 47249 47265 47271 47294 47324 47329 47336 47343 47347 47357 47360 47363 47377 47382 47393 47423 47424 47480 47498
[4599] 47504 47519 47520 47525 47534 47535 47541 47542 47543 47555 47569 47572 47580 47583 47599 47621 47628 47638 47662
[4618] 47667 47668 47689 47695 47696 47701 47711 47712 47718 47719 47722 47747 47762 47772 47774 47787 47802 47803 47804
[4637] 47807 47813 47814 47822 47843 47844 47845 47846 47847 47848 47855 47864 47865 47867 47871 47884 47901 47903 47905
[4656] 47917 47928 47929 47939 47940 47944 47952 47964 47974 47978 47998 48002 48005 48007 48012 48025 48033 48039 48040
[4675] 48041 48052 48054 48055 48056 48061 48106 48112 48134 48143 48146 48148 48160 48173 48181 48186 48189 48190 48196
[4694] 48202 48232 48235 48238 48268 48276 48289 48330 48335 48351 48355 48364 48369 48372 48382 48388 48394 48407 48431
[4713] 48433 48435 48441 48449 48462 48469 48470 48477 48491 48497 48503 48506 48510 48511 48512 48535 48540 48570 48576
[4732] 48580 48586 48588 48589 48597 48601 48613 48637 48643 48649 48652 48660 48684 48685 48686 48720 48729 48731 48738
[4751] 48747 48749 48750 48751 48767 48769 48780 48781 48787 48803 48819 48854 48855 48863 48865 48870 48875 48883 48895
[4770] 48902 48903 48915 48916 48922 48923 48933 48935 48950 48967 48970 49002 49010 49016 49018 49034 49042 49047 49052
[4789] 49057 49066 49070 49078 49081 49112 49121 49126 49136 49146 49148 49151 49153 49167 49168 49172 49183 49200 49204
[4808] 49207 49221 49222 49223 49228 49229 49235 49243 49245 49251 49256 49259 49260 49262 49265 49269 49270 49277 49278
[4827] 49284 49289 49290 49295 49301 49303 49344 49353 49355 49356 49368 49389 49401 49426 49435 49447 49451 49453 49474
[4846] 49480 49498 49501 49502 49506 49518 49521 49534 49581 49584 49595 49597 49598 49604 49609 49612 49639 49640 49648
[4865] 49662 49674 49678 49688 49702 49714 49716 49766 49767 49774 49776 49778 49793 49796 49806 49808 49825 49850 49853
[4884] 49855 49857 49858 49867 49874 49883 49888 49889 49902 49915 49921 49935 49941 49950 49958 49964 49989 50000 50013
[4903] 50014 50021 50042 50054 50061 50070 50115 50126 50128 50131 50135 50145 50163 50166 50169 50178 50184 50187 50193
[4922] 50205 50216 50230 50237 50238 50244 50245 50254 50267 50273 50274 50277 50287 50301 50317 50319 50327 50329 50331
[4941] 50333 50344 50348 50349 50351 50352 50369 50376 50382 50390 50404 50428 50433 50442 50448 50453 50458 50460 50485
[4960] 50501 50525 50529 50531 50540 50555 50568 50570 50572 50576 50589 50590 50595 50596 50605 50626 50629 50630 50634
[4979] 50636 50645 50668 50685 50691 50709 50736 50739 50741 50763 50767 50768 50795 50803 50809 50812 50819 50821 50828
[4998] 50836 50847 50850 50851 50854 50855 50861 50869 50871 50874 50879 50882 50900 50901 50909 50913 50917 50935 50940
[5017] 50949 50957 50964 50967 50983 50991 50995 50997 51002 51004 51007 51018 51020 51025 51030 51032 51034 51055 51056
[5036] 51082 51088 51091 51094 51097 51147 51149 51173 51176 51201 51205 51207 51209 51221 51223 51231 51234 51243 51245
[5055] 51262 51269 51270 51271 51274 51289 51290 51291 51296
