
===========  pcaNNet  ============

   [1]     2     3    26    33    42    51    61    64    76    77    85    93   105   116   122   123   125   131
  [19]   133   135   141   145   161   168   169   170   183   187   192   196   197   199   218   231   237   255
  [37]   263   283   302   313   321   324   328   334   336   337   341   345   367   372   373   381   383   393
  [55]   395   398   407   422   435   438   444   446   449   456   466   471   483   484   486   520   526   532
  [73]   533   540   610   614   615   617   620   632   640   651   654   661   664   666   667   674   676   678
  [91]   682   696   705   722   725   726   740   745   768   777   801   816   821   851   852   854   861   868
 [109]   872   873   882   887   901   919   924   932   938   961   966   972  1001  1002  1023  1025  1027  1032
 [127]  1035  1040  1041  1042  1050  1056  1082  1103  1109  1110  1127  1129  1137  1159  1165  1168  1175  1192
 [145]  1202  1212  1213  1215  1217  1224  1229  1236  1251  1255  1256  1260  1265  1268  1269  1288  1312  1313
 [163]  1326  1327  1332  1336  1340  1341  1346  1383  1384  1385  1387  1390  1393  1394  1399  1405  1427  1428
 [181]  1434  1440  1446  1450  1451  1453  1458  1460  1461  1468  1473  1475  1481  1492  1501  1517  1522  1525
 [199]  1526  1528  1533  1544  1546  1547  1549  1551  1553  1560  1562  1566  1574  1577  1582  1607  1610  1615
 [217]  1626  1644  1657  1662  1663  1665  1670  1677  1689  1698  1699  1706  1746  1760  1762  1773  1776  1783
 [235]  1791  1796  1801  1805  1810  1813  1815  1823  1850  1851  1852  1856  1859  1860  1863  1864  1865  1868
 [253]  1882  1896  1904  1906  1907  1908  1911  1913  1921  1922  1939  1944  1945  1951  1955  1961  1965  1976
 [271]  1980  1985  1987  1989  1990  1995  2000  2026  2036  2056  2061  2063  2066  2073  2083  2090  2092  2093
 [289]  2118  2137  2143  2178  2180  2193  2198  2204  2205  2212  2216  2217  2222  2223  2227  2232  2234  2238
 [307]  2241  2247  2255  2269  2277  2278  2288  2290  2293  2304  2323  2373  2379  2380  2391  2402  2418  2421
 [325]  2430  2431  2433  2438  2445  2448  2455  2466  2467  2483  2488  2489  2496  2502  2505  2507  2517  2519
 [343]  2520  2524  2525  2539  2566  2569  2571  2573  2596  2600  2605  2606  2608  2609  2614  2623  2624  2634
 [361]  2639  2646  2647  2650  2651  2653  2654  2661  2667  2675  2676  2678  2681  2683  2690  2697  2704  2708
 [379]  2716  2727  2737  2758  2762  2768  2778  2779  2794  2815  2822  2830  2832  2852  2853  2854  2859  2879
 [397]  2891  2898  2899  2903  2906  2909  2914  2915  2932  2933  2942  2943  2944  2945  2957  2966  2967  2969
 [415]  2975  2982  2987  2990  2991  2993  3000  3006  3007  3010  3016  3021  3030  3033  3035  3039  3048  3066
 [433]  3078  3089  3090  3091  3100  3149  3150  3151  3160  3164  3182  3186  3188  3189  3190  3213  3215  3227
 [451]  3228  3235  3242  3243  3244  3247  3249  3258  3264  3284  3287  3291  3293  3295  3304  3307  3309  3312
 [469]  3313  3314  3322  3338  3345  3347  3351  3371  3372  3380  3386  3389  3391  3395  3400  3435  3445  3457
 [487]  3460  3465  3466  3475  3481  3484  3485  3493  3495  3500  3502  3503  3506  3508  3511  3522  3526  3538
 [505]  3539  3541  3542  3547  3551  3557  3559  3567  3571  3593  3597  3598  3603  3611  3630  3639  3643  3645
 [523]  3670  3672  3674  3678  3681  3686  3713  3714  3716  3719  3724  3727  3730  3731  3732  3733  3734  3753
 [541]  3758  3761  3779  3787  3799  3805  3817  3821  3822  3829  3841  3846  3850  3855  3864  3872  3873  3874
 [559]  3876  3886  3887  3893  3898  3899  3927  3929  3933  3935  3942  3948  3962  3963  3972  3973  3974  3978
 [577]  3988  3993  3995  4016  4033  4034  4035  4064  4066  4067  4069  4076  4084  4088  4097  4102  4105  4111
 [595]  4136  4144  4158  4174  4186  4192  4196  4209  4225  4233  4240  4242  4244  4249  4253  4255  4257  4261
 [613]  4270  4271  4286  4289  4294  4301  4306  4308  4315  4316  4317  4319  4320  4321  4325  4332  4333  4336
 [631]  4343  4362  4369  4379  4392  4405  4411  4419  4428  4437  4439  4441  4443  4455  4460  4462  4465  4471
 [649]  4478  4485  4496  4498  4515  4522  4526  4534  4541  4545  4551  4566  4567  4569  4571  4572  4575  4583
 [667]  4591  4596  4605  4606  4610  4613  4619  4625  4627  4628  4634  4644  4646  4657  4659  4669  4675  4676
 [685]  4677  4679  4687  4691  4724  4726  4739  4740  4750  4751  4757  4762  4766  4774  4776  4790  4846  4848
 [703]  4857  4864  4865  4868  4869  4872  4882  4905  4908  4913  4921  4922  4930  4936  4938  4940  4942  4957
 [721]  4967  4970  4975  4977  4978  4982  4984  4988  4996  5007  5009  5017  5019  5022  5026  5030  5032  5051
 [739]  5055  5063  5075  5081  5091  5104  5119  5122  5127  5136  5138  5140  5141  5145  5147  5150  5173  5174
 [757]  5177  5183  5184  5185  5186  5188  5192  5195  5198  5213  5220  5225  5229  5233  5241  5243  5253  5262
 [775]  5286  5290  5292  5307  5310  5321  5325  5326  5330  5331  5333  5338  5341  5347  5348  5350  5356  5359
 [793]  5361  5403  5404  5410  5415  5425  5428  5429  5431  5449  5454  5457  5460  5464  5465  5466  5471  5473
 [811]  5476  5477  5488  5511  5543  5546  5557  5560  5561  5566  5581  5586  5588  5591  5596  5604  5606  5609
 [829]  5611  5612  5629  5641  5666  5670  5671  5677  5682  5691  5692  5698  5707  5714  5716  5719  5720  5723
 [847]  5730  5734  5739  5743  5747  5754  5760  5765  5772  5774  5793  5795  5799  5808  5809  5813  5814  5818
 [865]  5825  5830  5845  5850  5861  5864  5866  5868  5869  5870  5871  5872  5884  5885  5889  5896  5912  5934
 [883]  5945  5946  5947  5948  5951  5955  5958  5959  5960  5962  5979  5998  6000  6003  6004  6011  6015  6016
 [901]  6021  6031  6036  6039  6053  6060  6070  6076  6079  6096  6101  6106  6110  6118  6121  6129  6131  6136
 [919]  6137  6151  6160  6170  6171  6183  6189  6194  6198  6202  6205  6208  6220  6224  6228  6240  6241  6242
 [937]  6248  6256  6262  6264  6275  6287  6304  6335  6339  6343  6352  6353  6354  6357  6359  6366  6368  6374
 [955]  6377  6380  6391  6415  6416  6419  6420  6421  6423  6431  6450  6469  6482  6486  6493  6498  6506  6510
 [973]  6533  6535  6536  6540  6547  6556  6559  6571  6573  6581  6587  6590  6591  6592  6593  6601  6602  6603
 [991]  6609  6620  6623  6634  6635  6640  6648  6661  6662  6663  6680  6684  6695  6703  6742  6746  6747  6761
[1009]  6776  6779  6781  6783  6787  6792  6795  6796  6803  6811  6820  6829  6841  6844  6855  6857  6860  6870
[1027]  6874  6882  6888  6890  6900  6905  6913  6915  6929  6932  6933  6935  6940  6941  6943  6950  6957  6969
[1045]  6970  6975  6983  6985  6993  6996  7007  7008  7010  7016  7018  7019  7031  7036  7038  7039  7040  7045
[1063]  7047  7051  7053  7064  7066  7074  7083  7094  7107  7109  7111  7115  7118  7119  7121  7124  7125  7126
[1081]  7127  7132  7135  7137  7140  7144  7149  7151  7152  7156  7157  7159  7172  7179  7185  7192  7205  7210
[1099]  7215  7224  7228  7229  7233  7243  7245  7251  7252  7254  7262  7266  7276  7280  7281  7284  7320  7329
[1117]  7355  7368  7375  7376  7377  7382  7398  7399  7410  7412  7421  7429  7433  7438  7452  7454  7463  7480
[1135]  7488  7492  7493  7494  7496  7503  7515  7524  7533  7538  7560  7569  7570  7571  7576  7578  7583  7591
[1153]  7593  7594  7602  7605  7610  7612  7615  7623  7629  7639  7643  7648  7651  7654  7659  7663  7665  7680
[1171]  7684  7685  7692  7698  7699  7700  7703  7708  7713  7716  7724  7734  7735  7736  7750  7751  7754  7757
[1189]  7763  7770  7771  7772  7773  7780  7782  7796  7798  7802  7806  7807  7813  7827  7837  7857  7858  7864
[1207]  7881  7882  7883  7884  7885  7891  7913  7914  7915  7921  7923  7926  7927  7937  7949  7953  7954  7958
[1225]  7962  7971  7976  7978  7981  7985  7986  7987  7988  7993  8004  8007  8018  8026  8033  8036  8046  8047
[1243]  8050  8051  8053  8069  8072  8076  8077  8079  8080  8083  8086  8087  8091  8098  8100  8103  8110  8112
[1261]  8115  8117  8118  8134  8139  8142  8150  8155  8157  8171  8175  8182  8188  8195  8202  8205  8206  8211
[1279]  8212  8229  8235  8236  8246  8250  8251  8255  8258  8259  8260  8262  8268  8269  8272  8277  8279  8284
[1297]  8287  8301  8306  8312  8330  8333  8336  8338  8349  8361  8365  8370  8371  8387  8389  8394  8397  8399
[1315]  8401  8403  8408  8410  8420  8429  8469  8470  8474  8478  8483  8485  8493  8496  8497  8499  8505  8508
[1333]  8528  8530  8531  8537  8539  8541  8546  8549  8550  8556  8561  8565  8571  8581  8585  8587  8590  8594
[1351]  8603  8625  8627  8639  8652  8665  8667  8668  8669  8673  8674  8675  8684  8687  8698  8703  8704  8706
[1369]  8707  8709  8712  8727  8731  8738  8739  8745  8746  8752  8754  8760  8775  8853  8862  8866  8882  8886
[1387]  8889  8897  8904  8908  8909  8912  8923  8924  8930  8932  8937  8948  8950  8959  8968  8980  8981  8997
[1405]  8998  9000  9025  9029  9032  9033  9037  9050  9054  9059  9060  9062  9063  9065  9070  9084  9087  9096
[1423]  9097  9102  9104  9124  9129  9136  9137  9147  9149  9156  9162  9166  9171  9173  9176  9178  9185  9192
[1441]  9217  9224  9225  9226  9233  9250  9251  9263  9265  9270  9304  9307  9310  9325  9334  9335  9337  9344
[1459]  9348  9354  9355  9364  9367  9371  9384  9386  9393  9396  9397  9405  9407  9416  9419  9420  9433  9435
[1477]  9438  9441  9444  9446  9452  9461  9481  9482  9485  9487  9490  9497  9498  9501  9504  9513  9515  9517
[1495]  9530  9532  9537  9547  9555  9563  9569  9570  9599  9600  9604  9610  9631  9638  9643  9654  9656  9668
[1513]  9673  9674  9682  9716  9722  9726  9735  9740  9749  9757  9758  9768  9772  9774  9781  9783  9790  9814
[1531]  9820  9826  9827  9828  9832  9837  9841  9843  9850  9855  9858  9859  9861  9883  9884  9889  9900  9907
[1549]  9912  9915  9940  9944  9950  9953  9963  9968  9977  9981  9983  9986  9988 10002 10004 10008 10022 10024
[1567] 10026 10031 10032 10043 10046 10060 10062 10063 10067 10069 10077 10078 10086 10092 10097 10109 10111 10120
[1585] 10122 10148 10149 10150 10165 10181 10191 10193 10205 10210 10212 10221 10223 10225 10232 10234 10236 10240
[1603] 10243 10248 10255 10258 10260 10263 10267 10270 10278 10290 10292 10299 10300 10301 10308 10329 10330 10332
[1621] 10334 10335 10336 10343 10349 10351 10359 10364 10372 10374 10384 10395 10400 10408 10409 10433 10443 10446
[1639] 10450 10463 10467 10470 10472 10473 10475 10477 10478 10495 10496 10499 10500 10502 10513 10518 10528 10532
[1657] 10533 10540 10542 10551 10557 10559 10565 10567 10570 10577 10580 10613 10614 10622 10628 10632 10647 10648
[1675] 10649 10652 10653 10656 10662 10668 10669 10670 10676 10685 10686 10693 10695 10697 10698 10699 10700 10703
[1693] 10706 10707 10745 10748 10749 10751 10755 10759 10767 10772 10773 10782 10788 10790 10800 10842 10843 10853
[1711] 10862 10863 10879 10884 10888 10896 10901 10904 10907 10916 10921 10931 10932 10936 10939 10941 10946 10949
[1729] 10950 10954 10955 10956 10963 10973 10975 10992 10993 11003 11006 11011 11023 11025 11031 11032 11034 11039
[1747] 11043 11044 11047 11053 11056 11060 11062 11076 11081 11085 11092 11095 11099 11100 11101 11102 11103 11108
[1765] 11120 11124 11146 11153 11169 11177 11183 11195 11196 11197 11198 11207 11208 11210 11217 11221 11222 11239
[1783] 11241 11243 11251 11253 11257 11259 11260 11261 11262 11273 11280 11281 11283 11284 11287 11290 11292 11293
[1801] 11303 11304 11307 11310 11311 11312 11313 11317 11324 11333 11335 11343 11351 11356 11359 11361 11366 11371
[1819] 11373 11386 11391 11397 11398 11399 11411 11423 11430 11444 11455 11456 11459 11465 11472 11477 11480 11482
[1837] 11484 11490 11496 11503 11509 11513 11514 11515 11525 11531 11532 11542 11546 11549 11553 11558 11559 11561
[1855] 11569 11572 11573 11576 11591 11593 11595 11602 11603 11616 11618 11625 11627 11635 11639 11652 11655 11669
[1873] 11672 11673 11686 11688 11689 11693 11694 11703 11725 11731 11739 11742 11746 11775 11778 11783 11788 11790
[1891] 11803 11804 11806 11813 11820 11824 11829 11837 11838 11839 11846 11848 11849 11857 11859 11867 11874 11882
[1909] 11883 11890 11894 11897 11898 11906 11907 11911 11912 11919 11923 11926 11933 11943 11946 11947 11951 11961
[1927] 11962 11978 11983 11990 12009 12018 12033 12041 12042 12047 12051 12058 12060 12066 12074 12079 12081 12086
[1945] 12091 12094 12098 12104 12107 12113 12114 12115 12116 12121 12122 12126 12147 12156 12175 12176 12177 12181
[1963] 12185 12191 12202 12208 12231 12233 12236 12240 12244 12245 12260 12265 12267 12286 12287 12290 12295 12313
[1981] 12325 12334 12345 12346 12348 12350 12354 12355 12359 12367 12369 12373 12382 12385 12398 12399 12404 12417
[1999] 12431 12440 12444 12447 12453 12454 12455 12464 12466 12467 12476 12485 12487 12495 12496 12501 12515 12518
[2017] 12520 12522 12536 12537 12538 12546 12549 12555 12557 12564 12565 12576 12578 12580 12595 12598 12607 12619
[2035] 12620 12621 12622 12627 12638 12644 12645 12665 12666 12667 12668 12672 12677 12682 12685 12694 12696 12697
[2053] 12699 12705 12713 12754 12761 12770 12777 12778 12789 12799 12810 12813 12814 12822 12826 12832 12837 12855
[2071] 12878 12879 12893 12908 12915 12926 12943 12959 12961 12965 12966 12969 12978 12979 12980 12990 12991 12994
[2089] 13002 13007 13028 13043 13045 13049 13051 13056 13067 13068 13075 13089 13103 13108 13122 13135 13137 13161
[2107] 13176 13183 13186 13192 13197 13204 13209 13210 13215 13217 13223 13246 13247 13248 13253 13258 13259 13271
[2125] 13272 13273 13275 13282 13291 13296 13302 13311 13316 13321 13333 13341 13347 13350 13351 13352 13353 13360
[2143] 13371 13392 13395 13397 13398 13405 13407 13410 13419 13424 13437 13444 13449 13450 13452 13453 13458 13468
[2161] 13470 13477 13480 13483 13505 13506 13511 13518 13525 13532 13534 13535 13536 13539 13572 13583 13591 13594
[2179] 13596 13613 13618 13626 13641 13642 13650 13652 13654 13664 13665 13680 13693 13694 13696 13699 13700 13707
[2197] 13712 13718 13727 13737 13741 13753 13754 13771 13778 13780 13801 13802 13805 13812 13826 13840 13852 13855
[2215] 13864 13865 13874 13879 13883 13884 13887 13888 13895 13908 13909 13912 13919 13925 13938 13939 13940 13946
[2233] 13947 13948 13954 13962 13969 13980 13996 13998 14016 14026 14032 14039 14040 14049 14050 14062 14063 14074
[2251] 14094 14098 14116 14124 14126 14131 14139 14141 14145 14147 14148 14149 14150 14154 14156 14158 14159 14160
[2269] 14167 14171 14174 14177 14189 14195 14200 14203 14208 14216 14222 14223 14226 14228 14242 14243 14250 14253
[2287] 14268 14277 14279 14280 14293 14299 14304 14311 14312 14316 14323 14328 14338 14340 14341 14350 14351 14360
[2305] 14367 14368 14377 14401 14405 14410 14414 14415 14417 14426 14428 14434 14436 14437 14438 14439 14452 14453
[2323] 14458 14459 14460 14473 14485 14488 14498 14499 14504 14505 14506 14508 14544 14547 14548 14549 14551 14555
[2341] 14557 14559 14560 14562 14590 14601 14604 14605 14612 14614 14620 14626 14628 14629 14630 14638 14639 14642
[2359] 14647 14655 14672 14679 14693 14702 14710 14715 14718 14727 14735 14737 14786 14787 14793 14795 14813 14823
[2377] 14825 14831 14837 14839 14843 14852 14855 14856 14862 14874 14878 14888 14896 14899 14902 14903 14904 14912
[2395] 14915 14928 14934 14935 14939 14941 14943 14947 14953 14963 14965 14978 14979 14987 14991 14999 15000 15004
[2413] 15008 15016 15017 15026 15036 15043 15047 15048 15068 15070 15074 15086 15088 15093 15094 15102 15106 15110
[2431] 15116 15118 15119 15123 15124 15144 15147 15151 15158 15162 15163 15164 15171 15172 15181 15182 15198 15201
[2449] 15210 15216 15217 15224 15236 15248 15249 15251 15252 15253 15260 15262 15269 15271 15273 15276 15277 15287
[2467] 15291 15298 15300 15302 15306 15315 15321 15328 15334 15336 15340 15345 15350 15367 15371 15374 15387 15402
[2485] 15405 15406 15407 15410 15414 15416 15420 15424 15426 15441 15449 15450 15454 15455 15463 15475 15480 15490
[2503] 15498 15502 15503 15504 15505 15514 15515 15535 15541 15544 15555 15556 15565 15573 15575 15577 15604 15605
[2521] 15614 15616 15622 15623 15635 15651 15657 15659 15661 15667 15670 15685 15692 15693 15694 15696 15700 15701
[2539] 15708 15709 15711 15712 15716 15719 15722 15732 15734 15765 15768 15775 15780 15784 15796 15799 15811 15814
[2557] 15823 15825 15831 15832 15833 15838 15849 15850 15852 15857 15861 15862 15869 15886 15888 15892 15893 15895
[2575] 15902 15907 15909 15911 15913 15914 15916 15921 15923 15928 15930 15949 15963 15978 15981 15988 16009 16018
[2593] 16019 16027 16035 16036 16045 16049 16051 16058 16063 16064 16070 16071 16086 16087 16114 16120 16123 16124
[2611] 16129 16131 16132 16150 16153 16155 16157 16160 16173 16175 16181 16199 16212 16216 16218 16231 16236 16239
[2629] 16268 16272 16276 16277 16282 16283 16289 16293 16294 16297 16298 16313 16318 16341 16347 16351 16352 16361
[2647] 16362 16364 16371 16382 16384 16385 16393 16397 16406 16420 16423 16432 16438 16444 16446 16454 16456 16462
[2665] 16478 16490 16492 16494 16497 16507 16508 16509 16511 16520 16521 16524 16527 16528 16533 16535 16540 16544
[2683] 16546 16547 16552 16562 16563 16564 16567 16571 16574 16578 16581 16590 16591 16594 16595 16597 16599 16601
[2701] 16609 16613 16615 16625 16632 16635 16640 16642 16643 16644 16647 16653 16654 16656 16666 16667 16674 16682
[2719] 16684 16685 16688 16690 16691 16692 16709 16711 16737 16744 16747 16748 16749 16751 16757 16758 16760 16763
[2737] 16766 16779 16780 16789 16799 16815 16820 16822 16827 16845 16848 16870 16872 16874 16895 16896 16904 16912
[2755] 16919 16923 16925 16926 16929 16940 16944 16947 16951 16952 16954 16955 16964 16969 16982 16983 16984 16987
[2773] 16992 16999 17005 17012 17013 17021 17022 17027 17030 17031 17032 17034 17038 17066 17070 17071 17072 17080
[2791] 17096 17099 17100 17111 17116 17117 17120 17122 17135 17145 17148 17149 17152 17164 17167 17172 17189 17204
[2809] 17207 17208 17231 17234 17240 17241 17245 17247 17248 17254 17264 17267 17268 17270 17271 17284 17287 17288
[2827] 17289 17296 17297 17299 17300 17301 17302 17312 17314 17318 17323 17326 17327 17328 17334 17335 17342 17354
[2845] 17357 17365 17374 17399 17404 17417 17419 17421 17422 17425 17428 17430 17433 17436 17465 17473 17477 17481
[2863] 17489 17490 17493 17505 17513 17514 17515 17530 17533 17536 17556 17559 17562 17565 17569 17577 17585 17619
[2881] 17625 17631 17638 17648 17649 17660 17663 17672 17679 17683 17695 17697 17698 17704 17715 17728 17734 17739
[2899] 17740 17747 17752 17753 17754 17761 17762 17772 17788 17791 17792 17794 17797 17800 17806 17810 17815 17817
[2917] 17858 17859 17864 17877 17893 17901 17904 17909 17921 17923 17927 17935 17937 17939 17942 17948 17960 17964
[2935] 17967 17973 17977 17980 17994 17997 17999 18002 18004 18007 18026 18027 18039 18050 18055 18061 18064 18074
[2953] 18081 18083 18097 18104 18105 18123 18126 18135 18140 18141 18151 18154 18157 18158 18159 18162 18171 18179
[2971] 18182 18183 18185 18198 18202 18205 18212 18213 18218 18226 18236 18237 18257 18262 18269 18271 18276 18282
[2989] 18286 18288 18294 18295 18298 18300 18307 18312 18313 18314 18315 18329 18331 18336 18341 18346 18347 18352
[3007] 18355 18357 18358 18360 18370 18380 18392 18395 18398 18400 18409 18410 18425 18435 18445 18467 18470 18471
[3025] 18476 18490 18499 18505 18507 18528 18530 18541 18548 18549 18550 18564 18572 18589 18609 18612 18622 18627
[3043] 18631 18632 18634 18636 18637 18638 18640 18643 18644 18652 18655 18659 18667 18674 18676 18680 18682 18686
[3061] 18687 18689 18701 18709 18715 18717 18718 18719 18721 18722 18727 18730 18743 18744 18749 18754 18759 18760
[3079] 18766 18772 18783 18787 18795 18799 18802 18805 18808 18819 18820 18822 18833 18835 18836 18867 18869 18873
[3097] 18875 18876 18877 18879 18901 18905 18913 18919 18929 18930 18931 18935 18936 18937 18941 18943 18950 18954
[3115] 18955 18956 18957 18958 18969 18976 18978 18992 18993 18994 19002 19003 19007 19008 19012 19017 19020 19021
[3133] 19027 19036 19039 19040 19045 19048 19049 19060 19061 19062 19064 19066 19069 19077 19078 19081 19084 19086
[3151] 19095 19097 19098 19099 19101 19107 19118 19121 19127 19129 19132 19133 19147 19148 19151 19152 19163 19165
[3169] 19166 19174 19175 19186 19195 19199 19205 19215 19219 19230 19237 19242 19243 19252 19254 19267 19280 19290
[3187] 19298 19299 19303 19311 19317 19343 19351 19355 19356 19360 19374 19382 19385 19386 19395 19400 19402 19407
[3205] 19409 19410 19419 19422 19423 19444 19446 19460 19465 19468 19471 19486 19491 19493 19526 19528 19533 19540
[3223] 19553 19554 19572 19574 19595 19596 19609 19613 19614 19616 19630 19632 19645 19649 19651 19653 19655 19660
[3241] 19664 19675 19683 19685 19692 19705 19707 19710 19711 19719 19726 19729 19730 19731 19732 19733 19737 19744
[3259] 19753 19754 19781 19791 19803 19831 19833 19838 19843 19846 19847 19849 19850 19870 19874 19879 19880 19890
[3277] 19893 19910 19915 19919 19928 19931 19932 19933 19949 19952 19957 19958 19969 19971 19973 19978 19993 20005
[3295] 20006 20012 20018 20024 20026 20028 20033 20037 20038 20040 20041 20043 20044 20051 20055 20065 20066 20067
[3313] 20070 20072 20077 20082 20084 20090 20109 20110 20117 20119 20120 20122 20126 20133 20135 20141 20145 20146
[3331] 20149 20152 20159 20171 20180 20181 20185 20197 20212 20229 20237 20240 20241 20243 20249 20262 20263 20269
[3349] 20288 20291 20294 20295 20303 20304 20309 20312 20314 20322 20328 20330 20339 20347 20349 20352 20355 20356
[3367] 20357 20369 20371 20372 20375 20381 20383 20398 20408 20409 20411 20426 20427 20436 20437 20438 20444 20450
[3385] 20453 20456 20457 20460 20461 20475 20476 20479 20490 20491 20509 20510 20513 20516 20520 20530 20532 20533
[3403] 20536 20541 20546 20548 20558 20561 20565 20570 20576 20589 20591 20594 20598 20600 20610 20612 20624 20630
[3421] 20633 20637 20643 20644 20655 20661 20662 20664 20674 20677 20703 20716 20717 20718 20719 20722 20723 20730
[3439] 20741 20750 20752 20753 20781 20791 20797 20799 20800 20802 20805 20809 20811 20812 20820 20827 20831 20833
[3457] 20845 20854 20860 20862 20865 20866 20877 20880 20906 20908 20912 20916 20917 20919 20921 20923 20930 20940
[3475] 20942 20947 20951 20953 20965 20970 20971 20973 20975 20982 20985 20989 20992 21002 21003 21020 21021 21024
[3493] 21026 21036 21038 21040 21047 21051 21058 21065 21076 21085 21089 21100 21103 21108 21111 21112 21114 21124
[3511] 21138 21146 21149 21150 21154 21161 21173 21175 21177 21200 21224 21229 21230 21238 21241 21243 21248 21251
[3529] 21252 21264 21266 21269 21271 21276 21277 21279 21281 21283 21285 21297 21299 21302 21304 21305 21307 21317
[3547] 21326 21333 21335 21336 21342 21347 21367 21373 21385 21386 21394 21401 21404 21415 21427 21434 21436 21445
[3565] 21447 21448 21449 21450 21457 21480 21489 21503 21504 21520 21521 21524 21527 21532 21536 21539 21540 21551
[3583] 21557 21567 21576 21581 21584 21595 21606 21622 21628 21637 21651 21654 21657 21659 21661 21662 21663 21668
[3601] 21672 21681 21687 21690 21694 21704 21708 21709 21713 21716 21725 21726 21731 21733 21736 21740 21741 21745
[3619] 21747 21748 21749 21757 21765 21767 21769 21771 21783 21785 21788 21796 21800 21801 21807 21812 21815 21818
[3637] 21819 21822 21824 21827 21831 21849 21857 21859 21868 21869 21870 21872 21882 21888 21897 21903 21921 21927
[3655] 21939 21951 21962 21964 21965 21979 21980 21985 21988 21989 21990 21992 22003 22011 22015 22020 22022 22029
[3673] 22033 22034 22038 22043 22053 22054 22060 22067 22072 22073 22077 22095 22098 22102 22108 22109 22110 22131
[3691] 22132 22133 22138 22145 22154 22159 22174 22182 22185 22191 22196 22197 22200 22214 22216 22220 22242 22248
[3709] 22251 22261 22281 22298 22300 22302 22306 22308 22310 22315 22322 22324 22326 22340 22341 22353 22357 22375
[3727] 22380 22383 22386 22388 22391 22394 22399 22404 22407 22408 22409 22416 22426 22429 22431 22432 22446 22451
[3745] 22455 22457 22460 22461 22464 22468 22470 22487 22489 22493 22499 22502 22515 22523 22524 22525 22530 22541
[3763] 22554 22557 22565 22569 22575 22577 22580 22600 22601 22622 22630 22634 22635 22648 22656 22658 22660 22675
[3781] 22683 22696 22697 22701 22702 22705 22708 22712 22716 22731 22735 22737 22741 22747 22752 22759 22763 22764
[3799] 22776 22786 22795 22815 22829 22831 22835 22843 22848 22856 22897 22901 22906 22911 22914 22925 22926 22930
[3817] 22931 22933 22934 22940 22944 22945 22946 22950 22952 22965 22985 22986 22988 22991 23020 23039 23051 23057
[3835] 23060 23063 23066 23085 23097 23100 23101 23107 23109 23124 23126 23130 23132 23139 23156 23162 23166 23173
[3853] 23179 23189 23199 23208 23209 23213 23219 23222 23225 23241 23252 23255 23257 23258 23259 23260 23264 23269
[3871] 23304 23313 23314 23330 23331 23334 23337 23339 23344 23345 23349 23351 23354 23355 23358 23359 23363 23366
[3889] 23371 23372 23386 23387 23409 23412 23420 23422 23423 23429 23438 23469 23470 23472 23488 23492 23493 23505
[3907] 23508 23513 23559 23562 23564 23573 23575 23581 23595 23600 23601 23609 23617 23622 23623 23624 23625 23626
[3925] 23636 23639 23652 23662 23674 23676 23679 23691 23697 23715 23722 23724 23725 23727 23728 23746 23747 23750
[3943] 23758 23786 23787 23793 23796 23798 23806 23813 23817 23820 23821 23831 23833 23837 23838 23846 23857 23884
[3961] 23892 23894 23896 23902 23906 23909 23910 23912 23913 23914 23918 23919 23928 23932 23933 23940 23941 23951
[3979] 23966 23967 23970 23976 23978 23993 23996 24006 24010 24011 24015 24016 24026 24029 24030 24032 24034 24035
[3997] 24045 24047 24049 24050 24062 24063 24064 24067 24071 24074 24075 24080 24081 24084 24087 24103 24104 24142
[4015] 24149 24154 24166 24172 24174 24180 24187 24193 24200 24205 24209 24217 24222 24246 24247 24248 24262 24263
[4033] 24273 24278 24290 24296 24297 24320 24328 24337 24341 24343 24344 24369 24372 24381 24383 24390 24398 24399
[4051] 24404 24425 24427 24431 24435 24436 24455 24460 24463 24465 24466 24483 24489 24490 24491 24497 24523 24534
[4069] 24537 24561 24562 24567 24571 24573 24575 24577 24580 24590 24598 24600 24605 24611 24612 24614 24625 24633
[4087] 24669 24672 24678 24682 24683 24685 24699 24708 24719 24720 24722 24724 24725 24730 24751 24753 24760 24762
[4105] 24763 24768 24772 24775 24791 24792 24798 24814 24821 24829 24832 24834 24842 24850 24851 24854 24865 24873
[4123] 24875 24883 24885 24886 24904 24905 24909 24910 24914 24927 24928 24929 24943 24949 24956 24964 24968 24970
[4141] 24972 24973 24986 24987 24995 24996 24999 25007 25015 25016 25025 25027 25029 25035 25045 25051 25054 25074
[4159] 25086 25090 25093 25095 25097 25100 25102 25104 25109 25113 25119 25129 25131 25138 25139 25142 25145 25153
[4177] 25158 25163 25166 25167 25169 25173 25174 25182 25200 25206 25211 25220 25226 25227 25231 25233 25236 25237
[4195] 25245 25247 25249 25251 25252 25254 25255 25256 25264 25266 25272 25274 25278 25285 25298 25303 25306 25308
[4213] 25312 25313 25316 25322 25329 25332 25334 25336 25340 25347 25348 25350 25353 25360 25369 25372 25378 25379
[4231] 25381 25387 25393 25395 25397 25398 25412 25417 25419 25420 25424 25425 25444 25448 25450 25453 25456 25457
[4249] 25464 25466 25476 25477 25478 25481 25490 25493 25497
