
===========  xgbTree  ============

   [1]    29    49    53    62    64    73    86   100   119   120   127   175   183   184   251   266   269   271   299
  [20]   316   322   328   345   354   355   383   388   502   503   505   575   593   600   607   624   633   643   650
  [39]   653   655   674   676   688   692   774   780   786   809   816   817   820   916   924   948   995   996  1030
  [58]  1047  1089  1093  1142  1173  1175  1195  1201  1293  1305  1313  1317  1343  1371  1374  1377  1382  1383  1385
  [77]  1390  1392  1423  1424  1439  1489  1519  1527  1530  1532  1533  1540  1556  1568  1575  1599  1601  1614  1658
  [96]  1685  1693  1699  1713  1754  1764  1778  1798  1805  1810  1812  1817  1863  1866  1867  1869  1900  1902  1912
 [115]  1916  1936  1938  1945  2010  2018  2037  2043  2044  2054  2057  2099  2155  2156  2170  2186  2188  2189  2198
 [134]  2219  2228  2230  2232  2354  2359  2366  2379  2384  2391  2424  2445  2454  2462  2470  2475  2479  2489  2491
 [153]  2494  2509  2510  2534  2538  2545  2546  2574  2614  2626  2627  2680  2694  2700  2711  2712  2717  2727  2739
 [172]  2744  2746  2747  2748  2756  2774  2781  2782  2784  2799  2844  2896  2913  2914  2916  2919  2921  2922  2931
 [191]  2952  2955  2983  3010  3019  3027  3035  3082  3097  3102  3120  3123  3128  3131  3133  3144  3159  3161  3162
 [210]  3195  3214  3252  3259  3294  3295  3325  3346  3373  3386  3429  3446  3448  3456  3508  3516  3549  3575  3577
 [229]  3587  3617  3618  3619  3662  3687  3697  3698  3725  3745  3773  3824  3831  3838  3848  3850  3864  3890  3900
 [248]  3922  3939  3951  3982  3985  4007  4008  4015  4052  4088  4132  4151  4154  4155  4160  4192  4195  4205  4206
 [267]  4217  4239  4245  4248  4249  4258  4265  4274  4277  4283  4331  4356  4369  4384  4387  4407  4418  4426  4451
 [286]  4454  4477  4523  4528  4529  4551  4575  4586  4596  4607  4641  4643  4651  4652  4673  4676  4722  4726  4729
 [305]  4742  4746  4750  4768  4780  4793  4797  4837  4861  4863  4880  4913  4922  4931  4940  4963  4964  4977  4979
 [324]  4982  5006  5014  5025  5030  5057  5068  5075  5079  5087  5101  5119  5131  5134  5142  5147  5168  5194  5199
 [343]  5224  5242  5243  5254  5280  5289  5305  5323  5331  5337  5339  5356  5357  5366  5388  5397  5410  5414  5437
 [362]  5447  5448  5454  5463  5472  5473  5475  5487  5522  5537  5548  5550  5551  5577  5587  5588  5593  5602  5622
 [381]  5628  5716  5725  5729  5758  5804  5834  5852  5873  5876  5895  5896  5912  5917  5928  5957  5961  5965  5966
 [400]  5970  5975  5993  6014  6030  6032  6033  6057  6098  6115  6121  6133  6134  6143  6144  6147  6180  6207  6224
 [419]  6230  6238  6246  6258  6260  6262  6269  6273  6283  6300  6315  6317  6320  6326  6351  6371  6402  6403  6406
 [438]  6414  6417  6420  6444  6445  6466  6495  6509  6527  6530  6543  6554  6574  6583  6597  6598  6618  6620  6630
 [457]  6638  6653  6655  6667  6680  6684  6685  6706  6720  6737  6745  6756  6758  6775  6802  6810  6811  6814  6822
 [476]  6831  6834  6844  6851  6859  6870  6877  6879  6880  6885  6886  6902  6906  6923  6928  6951  6971  6989  6992
 [495]  6994  7008  7009  7010  7014  7022  7023  7030  7039  7055  7063  7066  7067  7095  7101  7105  7114  7136  7137
 [514]  7146  7160  7169  7173  7174  7183  7188  7194  7196  7236  7277  7290  7298  7322  7332  7353  7357  7388  7419
 [533]  7422  7457  7480  7486  7496  7518  7521  7568  7571  7588  7608  7634  7646  7669  7681  7687  7700  7707  7729
 [552]  7734  7736  7749  7762  7771  7782  7795  7814  7816  7831  7882  7909  7922  7939  7948  7949  7956  8043  8050
 [571]  8051  8071  8074  8087  8088  8107  8155  8170  8197  8209  8217  8220  8224  8231  8234  8236  8251  8255  8266
 [590]  8270  8288  8291  8301  8306  8307  8312  8314  8315  8318  8325  8337  8342  8344  8345  8356  8367  8368  8370
 [609]  8389  8414  8416  8422  8432  8439  8443  8444  8459  8463  8465  8471  8493  8499  8560  8567  8568  8572  8599
 [628]  8611  8644  8649  8663  8667  8686  8687  8695  8699  8710  8713  8714  8734  8738  8740  8777  8786  8799  8804
 [647]  8810  8822  8823  8826  8839  8857  8858  8860  8952  8977  8989  9004  9006  9021  9022  9054  9073  9074  9084
 [666]  9099  9112  9123  9137  9141  9160  9164  9174  9176  9181  9192  9216  9224  9225  9237  9244  9248  9251  9254
 [685]  9255  9256  9276  9277  9284  9297  9313  9323  9343  9354  9379  9400  9423  9425  9430  9436  9439  9476  9483
 [704]  9492  9499  9508  9532  9566  9569  9570  9581  9600  9611  9614  9625  9628  9629  9744  9756  9757  9798  9809
 [723]  9815  9835  9837  9856  9862  9864  9869  9874  9887  9891  9926  9964  9981  9986 10006 10009 10010 10014 10039
 [742] 10048 10063 10067 10113 10117 10149 10159 10167 10188 10203 10246 10276 10282 10300 10302 10310 10317 10323 10334
 [761] 10336 10338 10339 10348 10356 10373 10374 10380 10387 10388 10393 10417 10421 10422 10431 10432 10439 10441 10449
 [780] 10457 10463 10470 10481 10523 10531 10533 10537 10567 10572 10573 10651 10654 10698 10707 10718 10742 10745 10819
 [799] 10822 10831 10845 10849 10885 10887 10903 10909 10914 10925 10933 10937 10985 10996 11015 11027 11028 11042 11058
 [818] 11059 11061 11107 11138 11150 11153 11236 11239 11268 11281 11288 11320 11335 11340 11351 11366 11368 11369 11432
 [837] 11455 11462 11470 11471 11498 11505 11515 11523 11528 11537 11556 11560 11600 11606 11609 11636 11638 11657 11692
 [856] 11693 11712 11754 11759 11763 11774 11779 11783 11784 11797 11823 11825 11836 11841 11860 11865 11866 11871 11875
 [875] 11881 11895 11898 11916 11931 11945 11946 11953 11958 11972 11973 11986 11988 11993 12000 12030 12051 12065 12066
 [894] 12080 12088 12103 12106 12109 12113 12123 12153 12214 12222 12224 12228 12249 12252 12265 12273 12275 12278 12291
 [913] 12314 12318 12335 12343 12358 12374 12384 12390 12395 12428 12429 12461 12464 12474 12482 12483 12508 12510 12518
 [932] 12524 12526 12530 12562 12580 12581 12590 12601 12613 12643 12655 12662 12678 12700 12703 12714 12731 12732 12744
 [951] 12754 12767 12769 12792 12799 12826 12841 12847 12893 12921 12923 12927 12942 12945 12988 12989 12990 12994 12995
 [970] 13010 13014 13028 13066 13067 13072 13092 13112 13120 13144 13164 13172 13180 13185 13215 13233 13239 13276 13283
 [989] 13284 13286 13287 13301 13310 13312 13343 13344 13346 13361 13391 13399 13411 13412 13414 13422 13433 13438 13473
[1008] 13475 13482 13486 13494 13509 13523 13524 13525 13527 13528 13531 13533 13545 13569 13573 13598 13619 13675 13680
[1027] 13689 13691 13694 13716 13750 13783 13813 13822 13824 13828 13831 13837 13928 13948 13951 13959 13965 13974 13979
[1046] 13981 14043 14044 14045 14052 14088 14117 14137 14176 14200 14203 14208 14213 14250 14252 14253 14277 14280 14281
[1065] 14282 14296 14336 14346 14371 14379 14380 14387 14391 14411 14414 14425 14440 14441 14447 14498 14540 14554 14574
[1084] 14614 14619 14624 14628 14629 14636 14648 14664 14671 14674 14676 14689 14699 14706 14735 14767 14845 14857 14874
[1103] 14876 14899 14901 14907 14938 14959 14960 14966 14990 14994 15018 15034 15071 15073 15090 15094 15095 15111 15134
[1122] 15153 15167 15176 15189 15215 15230 15231 15247 15260 15277 15293 15323 15326 15342 15348 15362 15366 15372 15390
[1141] 15408 15409 15449 15471 15484 15503 15505 15508 15547 15550 15552 15553 15561 15596 15626 15633 15640 15644 15656
[1160] 15679 15687 15693 15711 15744 15756 15759 15771 15776 15787 15801 15807 15808 15819 15827 15840 15849 15851 15852
[1179] 15856 15878 15898 15906 15928 15936 15938 15944 15949 15953 15955 16000 16002 16025 16047 16055 16067 16073 16078
[1198] 16085 16088 16090 16091 16116 16125 16152 16164 16170 16172 16174 16193 16200 16212 16213 16218 16221 16257 16262
[1217] 16264 16274 16283 16313 16330 16340 16352 16356 16361 16366 16369 16381 16418 16443 16455 16459 16470 16476 16494
[1236] 16516 16517 16547 16548 16555 16565 16574 16583 16586 16593 16594 16596 16604 16613 16615 16624 16626 16627 16644
[1255] 16655 16660 16662 16673 16685 16714 16718 16722 16725 16726 16729 16735 16763 16765 16813 16819 16824 16825 16844
[1274] 16850 16851 16873 16876 16914 16933 16945 16958 16975 16987 16995 17002 17012 17015 17016 17042 17046 17062 17085
[1293] 17088 17099 17102 17122 17134 17135 17141 17177 17187 17201 17215 17223 17236 17238 17239 17259 17263 17287 17298
[1312] 17300 17304 17321 17356 17365 17367 17378 17395 17407 17417 17426 17431 17451 17465 17473 17474 17480 17548 17553
[1331] 17558 17561 17563 17586 17589 17603 17615 17619 17625 17633 17640 17652 17682 17686 17696 17722 17731 17737 17755
[1350] 17767 17790 17794 17810 17839 17842 17846 17847 17852 17858 17891 17892 17893 17910 17919 17940 17943 17969 17987
[1369] 18002 18007 18008 18023 18031 18036 18053 18061 18068 18088 18093 18101 18102 18137 18147 18150 18173 18245 18252
[1388] 18266 18294 18316 18323 18371 18379 18385 18397 18402 18414 18417 18430 18441 18444 18488 18489 18490 18512 18528
[1407] 18532 18534 18537 18539 18550 18559 18572 18612 18647 18683 18687 18688 18694 18702 18709 18710 18732 18733 18772
[1426] 18796 18812 18836 18848 18852 18857 18865 18866 18870 18874 18898 18913 18930 18934 18947 18951 18962 18963 18991
[1445] 18997 19001 19005 19008 19011 19012 19014 19018 19027 19038 19056 19067 19073 19079 19096 19108 19114 19135 19141
[1464] 19156 19160 19163 19167 19173 19178 19185 19197 19235 19243 19275 19280 19297 19306 19309 19311 19320 19328 19339
[1483] 19349 19383 19386 19390 19412 19449 19458 19523 19602 19604 19628 19663 19678 19693 19695 19697 19707 19719 19780
[1502] 19785 19788 19798 19843 19854 19868 19869 19875 19889 19913 19914 19940 19948 19949 19959 19972 19990 19993 19997
[1521] 20000 20007 20032 20039 20043 20046 20060 20068 20074 20110 20112 20116 20128 20130 20142 20149 20157 20162 20169
[1540] 20176 20201 20214 20230 20231 20235 20254 20262 20266 20274 20280 20294 20316 20325 20326 20329 20335 20336 20345
[1559] 20363 20377 20396 20435 20458 20465 20487 20489 20492 20503 20525 20540 20542 20549 20556 20561 20596 20598 20604
[1578] 20610 20619 20646 20664 20678 20689 20691 20693 20700 20703 20704 20715 20721 20736 20738 20755 20767 20795 20796
[1597] 20797 20805 20810 20813 20815 20827 20833 20882 20902 20904 20919 20930 20960 20978 20995 21008 21010 21013 21016
[1616] 21039 21042 21043 21050 21067 21088 21095 21116 21117 21120 21130 21151 21162 21176 21184 21191 21200 21208 21213
[1635] 21217 21219 21230 21238 21242 21246 21247 21252 21264 21276 21279 21281 21284 21291 21292 21302 21309 21312 21328
[1654] 21338 21347 21356 21392 21406 21423 21428 21441 21452 21453 21454 21455 21456 21469 21478 21497 21499 21513 21517
[1673] 21529 21533 21541 21543 21553 21560 21572 21622 21626 21636 21665 21670 21673 21701 21717 21722 21762 21765 21773
[1692] 21775 21786 21797 21798 21802 21819 21822 21826 21842 21843 21848 21852 21882 21886 21889 21902 21903 21924 21926
[1711] 21947 21973 21974 21975 21981 21984 21985 22020 22060 22065 22069 22072 22074 22113 22114 22117 22143 22144 22163
[1730] 22167 22180 22215 22226 22234 22235 22246 22268 22273 22295 22312 22345 22353 22360 22393 22398 22400 22408 22410
[1749] 22412 22413 22428 22430 22434 22444 22454 22470 22488 22490 22491 22494 22520 22529 22530 22559 22568 22581 22600
[1768] 22610 22612 22613 22634 22643 22655 22663 22689 22727 22732 22745 22800 22813 22824 22827 22850 22857 22862 22866
[1787] 22877 22894 22895 22905 22910 22912 22922 22934 22979 22981 22984 23007 23018 23020 23032 23034 23039 23058 23062
[1806] 23078 23079 23084 23085 23089 23095 23104 23114 23116 23117 23131 23146 23154 23156 23162 23175 23198 23202 23252
[1825] 23257 23262 23272 23287 23311 23312 23315 23317 23318 23328 23347 23362 23376 23381 23474 23475 23495 23497 23515
[1844] 23520 23522 23529 23536 23545 23562 23583 23592 23612 23625 23637 23649 23650 23654 23682 23683 23705 23707 23717
[1863] 23724 23744 23748 23762 23767 23775 23786 23794 23797 23801 23811 23812 23821 23832 23834 23839 23848 23855 23878
[1882] 23892 23897 23907 23922 23927 23937 23945 23955 23966 23972 23975 23982 24020 24027 24031 24034 24055 24056 24063
[1901] 24094 24103 24127 24153 24170 24190 24196 24216 24222 24225 24244 24267 24268 24285 24329 24353 24361 24364 24366
[1920] 24372 24405 24443 24447 24450 24452 24456 24470 24471 24481 24483 24495 24513 24556 24559 24570 24571 24575 24577
[1939] 24591 24594 24595 24600 24602 24622 24641 24671 24696 24701 24706 24710 24727 24749 24760 24761 24783 24785 24786
[1958] 24791 24832 24833 24834 24838 24846 24848 24882 24884 24890 24894 24901 24904 24932 24962 24974 24979 24991 25018
[1977] 25042 25046 25055 25070 25080 25092 25094 25100 25114 25121 25173 25193 25194 25198 25200 25212 25214 25215 25221
[1996] 25231 25233 25234 25249 25253 25279 25301 25307 25334 25339 25354 25372 25375 25377 25378 25385 25401 25402 25413
[2015] 25421 25470 25495 25511 25535 25538 25541 25559 25561 25570 25575 25585 25586 25597 25607 25609 25610 25625 25629
[2034] 25647 25663 25678 25692 25698 25711 25741 25756 25767 25771 25784 25830 25836 25847 25861 25866 25870 25875 25890
[2053] 25923 25925 25938 25944 25949 25950 25951 25955 25966 25976 25996 26010 26011 26021 26031 26038 26048 26063 26067
[2072] 26069 26098 26109 26110 26115 26116 26131 26147 26154 26168 26171 26190 26191 26192 26199 26203 26206 26238 26242
[2091] 26275 26285 26296 26297 26301 26304 26307 26342 26347 26349 26351 26361 26402 26403 26413 26429 26471 26493 26519
[2110] 26533 26557 26559 26563 26577 26589 26612 26619 26624 26635 26651 26674 26681 26691 26707 26738 26782 26792 26793
[2129] 26814 26858 26864 26872 26882 26921 26922 26926 26934 26935 26947 26948 26957 26966 26968 26970 26975 26977 26978
[2148] 26981 26983 27000 27013 27014 27028 27047 27048 27049 27054 27057 27061 27062 27067 27075 27079 27101 27123 27127
[2167] 27128 27148 27161 27166 27190 27203 27205 27228 27235 27267 27268 27294 27297 27330 27336 27340 27343 27346 27362
[2186] 27370 27374 27398 27411 27415 27450 27456 27460 27462 27475 27491 27493 27494 27503 27528 27554 27556 27572 27592
[2205] 27614 27617 27619 27631 27667 27677 27730 27733 27746 27757 27762 27764 27765 27770 27782 27795 27798 27836 27839
[2224] 27845 27849 27869 27870 27883 27914 27918 27922 27944 27948 27955 27982 28038 28046 28048 28053 28075 28080 28097
[2243] 28100 28116 28134 28166 28170 28172 28195 28204 28211 28212 28215 28216 28230 28245 28262 28264 28269 28273 28295
[2262] 28330 28344 28360 28377 28391 28395 28436 28450 28464 28474 28475 28484 28487 28497 28518 28522 28528 28530 28554
[2281] 28559 28571 28574 28577 28584 28596 28603 28610 28620 28632 28638 28652 28678 28687 28690 28698 28708 28720 28746
[2300] 28747 28757 28768 28786 28805 28811 28815 28821 28841 28842 28845 28856 28861 28867 28868 28881 28933 28955 28960
[2319] 28968 28982 28985 29010 29012 29013 29022 29046 29050 29065 29067 29068 29079 29092 29105 29120 29122 29125 29138
[2338] 29145 29156 29163 29166 29170 29180 29185 29211 29216 29231 29232 29245 29286 29291 29301 29304 29310 29315 29319
[2357] 29320 29327 29334 29337 29353 29363 29373 29384 29387 29414 29428 29439 29443 29445 29452 29476 29480 29490 29491
[2376] 29518 29528 29545 29546 29550 29552 29599 29616 29617 29623 29631 29664 29678 29688 29689 29690 29691 29693 29703
[2395] 29708 29728 29737 29757 29763 29764 29796 29801 29804 29807 29819 29831 29845 29854 29865 29868 29884 29885 29886
[2414] 29889 29919 29926 29930 29957 29961 29962 29977 29979 29983 30005 30013 30017 30049 30054 30058 30063 30067 30069
[2433] 30080 30081 30084 30093 30126 30152 30154 30174 30194 30204 30214 30216 30219 30227 30240 30246 30263 30266 30267
[2452] 30283 30293 30294 30299 30311 30322 30338 30341 30356 30364 30371 30373 30376 30404 30417 30424 30434 30449 30458
[2471] 30493 30516 30526 30537 30556 30570 30585 30600 30628 30642 30643 30655 30668 30674 30677 30684 30685 30709 30714
[2490] 30715 30720 30768 30772 30776 30807 30812 30817 30823 30843 30846 30859 30869 30888 30890 30941 30945 30957 30962
[2509] 30963 30975 30982 31008 31020 31038 31040 31041 31052 31055 31094 31114 31136 31161 31166 31169 31206 31207 31246
[2528] 31270 31275 31278 31284 31297 31301 31304 31310 31311 31315 31317 31324 31338 31382 31384 31416 31424 31445 31446
[2547] 31460 31468 31484 31485 31486 31487 31488 31500 31521 31523 31531 31535 31552 31553 31555 31562 31571 31572 31584
[2566] 31585 31586 31595 31596 31597 31613 31636 31654 31668 31707 31712 31722 31728 31732 31735 31740 31758 31759 31760
[2585] 31765 31776 31784 31787 31790 31799 31800 31817 31831 31833 31850 31870 31872 31887 31891 31905 31906 31915 31916
[2604] 31917 31931 31964 31988 31989 32006 32017 32029 32039 32061 32087 32098 32102 32130 32132 32142 32171 32172 32195
[2623] 32198 32207 32209 32217 32219 32228 32235 32250 32268 32294 32299 32314 32318 32324 32328 32333 32353 32355 32368
[2642] 32378 32379 32411 32415 32428 32434 32438 32445 32460 32476 32479 32492 32498 32511 32542 32547 32557 32559 32577
[2661] 32581 32588 32598 32607 32612 32623 32680 32688 32696 32704 32710 32711 32716 32729 32736 32740 32744 32751 32760
[2680] 32768 32771 32774 32780 32792 32802 32834 32835 32852 32876 32879 32896 32902 32918 32919 32921 32922 32949 32961
[2699] 32964 32965 32984 32985 32987 32988 33008 33011 33028 33072 33073 33075 33083 33093 33097 33104 33108 33114 33119
[2718] 33128 33137 33141 33154 33164 33169 33175 33188 33196 33197 33207 33225 33234 33246 33252 33253 33263 33282 33320
[2737] 33328 33365 33366 33370 33378 33401 33422 33423 33434 33435 33445 33446 33452 33455 33457 33464 33482 33495 33503
[2756] 33509 33514 33539 33550 33557 33558 33559 33566 33574 33602 33603 33611 33647 33649 33689 33696 33705 33711 33712
[2775] 33729 33730 33759 33778 33785 33789 33799 33800 33816 33817 33826 33828 33860 33867 33868 33869 33870 33906 33908
[2794] 33909 33922 33934 33938 33959 33992 34025 34027 34031 34049 34057 34058 34061 34071 34073 34091 34092 34107 34126
[2813] 34128 34134 34139 34140 34146 34151 34163 34165 34168 34192 34210 34222 34234 34241 34245 34261 34264 34266 34267
[2832] 34292 34295 34299 34308 34324 34332 34335 34342 34348 34359 34361 34393 34404 34408 34433 34465 34466 34470 34483
[2851] 34496 34504 34509 34517 34531 34536 34538 34549 34558 34563 34567 34577 34587 34588 34590 34594 34606 34628 34644
[2870] 34650 34651 34656 34661 34714 34722 34742 34814 34884 34886 34903 34910 34914 34930 34941 34956 34960 34963 34974
[2889] 34977 34978 34981 34982 35009 35021 35054 35068 35075 35079 35086 35091 35103 35114 35122 35124 35133 35142 35145
[2908] 35146 35153 35157 35186 35234 35241 35249 35252 35278 35302 35324 35332 35336 35346 35365 35385 35401 35412 35428
[2927] 35434 35439 35441 35458 35460 35462 35471 35484 35497 35521 35535 35536 35565 35581 35583 35597 35604 35605 35612
[2946] 35620 35624 35636 35655 35656 35688 35699 35700 35703 35707 35718 35720 35723 35740 35742 35757 35793 35811 35814
[2965] 35820 35826 35831 35841 35848 35849 35855 35856 35857 35859 35864 35866 35888 35894 35896 35899 35911 35918 35924
[2984] 35961 35970 35972 35982 35998 36005 36006 36008 36040 36045 36065 36067 36092 36093 36102 36120 36124 36128 36174
[3003] 36175 36179 36194 36200 36209 36214 36235 36239 36247 36249 36251 36272 36273 36277 36281 36282 36288 36295 36306
[3022] 36315 36320 36329 36355 36364 36365 36370 36371 36373 36375 36378 36382 36401 36405 36408 36413 36441 36446 36462
[3041] 36483 36484 36485 36488 36520 36538 36558 36605 36606 36610 36655 36671 36672 36675 36696 36723 36726 36743 36749
[3060] 36753 36796 36797 36799 36805 36819 36829 36831 36834 36837 36842 36882 36901 36916 36924 36928 36940 36941 36942
[3079] 36945 36969 36976 36993 37005 37046 37055 37062 37063 37077 37105 37108 37115 37116 37121 37150 37156 37161 37172
[3098] 37175 37180 37202 37220 37224 37228 37242 37259 37303 37304 37315 37316 37343 37344 37347 37358 37361 37379 37387
[3117] 37390 37397 37430 37442 37466 37492 37507 37517 37526 37577 37585 37602 37608 37611 37646 37654 37673 37681 37710
[3136] 37711 37713 37717 37719 37720 37721 37729 37740 37744 37745 37762 37771 37776 37779 37801 37870 37874 37877 37918
[3155] 37919 37923 37927 37932 37982 37987 37997 37998 38028 38058 38059 38066 38071 38087 38103 38104 38106 38107 38124
[3174] 38127 38128 38132 38153 38173 38202 38205 38209 38217 38218 38220 38228 38247 38285 38310 38335 38336 38352 38380
[3193] 38392 38399 38424 38426 38433 38443 38452 38455 38488 38493 38506 38535 38541 38548 38558 38561 38572 38576 38577
[3212] 38583 38600 38615 38635 38651 38679 38682 38685 38691 38737 38748 38754 38760 38761 38780 38781 38787 38792 38795
[3231] 38803 38822 38825 38826 38827 38842 38850 38869 38876 38880 38900 38902 38915 38953 38956 38964 38978 38983 38984
[3250] 39015 39025 39039 39071 39072 39076 39086 39092 39107 39108 39112 39134 39147 39150 39203 39204 39208 39210 39220
[3269] 39232 39239 39244 39246 39255 39274 39276 39281 39283 39285 39290 39300 39308 39312 39314 39321 39322 39329 39339
[3288] 39351 39396 39397 39416 39419 39437 39446 39448 39449 39458 39461 39467 39471 39475 39479 39498 39510 39516 39517
[3307] 39530 39533 39544 39555 39564 39581 39583 39584 39588 39614 39620 39624 39625 39626 39630 39635 39668 39680 39693
[3326] 39713 39714 39716 39721 39737 39738 39749 39752 39763 39769 39780 39788 39795 39797 39814 39833 39837 39843 39845
[3345] 39855 39856 39875 39891 39896 39900 39901 39919 39946 39952 39954 39955 39956 39964 39969 39973 39990 39994 40000
[3364] 40009 40016 40019 40021 40026 40054 40059 40062 40068 40070 40072 40076 40078 40088 40092 40093 40105 40122 40127
[3383] 40141 40142 40164 40186 40187 40210 40234 40235 40243 40247 40255 40261 40270 40275 40278 40299 40313 40335 40340
[3402] 40363 40379 40382 40383 40389 40404 40434 40444 40448 40474 40478 40488 40515 40557 40574 40576 40636 40650 40671
[3421] 40716 40760 40767 40785 40796 40807 40813 40831 40855 40860 40864 40867 40870 40898 40903 40907 40922 40924 40946
[3440] 40960 40961 41001 41004 41017 41044 41045 41054 41058 41062 41064 41073 41074 41075 41099 41108 41126 41132 41136
[3459] 41137 41138 41145 41151 41155 41161 41176 41189 41194 41198 41205 41215 41225 41227 41229 41230 41241 41243 41252
[3478] 41256 41258 41260 41262 41298 41299 41309 41316 41322 41327 41341 41343 41351 41365 41367 41382 41394 41436 41440
[3497] 41460 41465 41471 41489 41499 41500 41509 41517 41524 41525 41560 41564 41577 41578 41588 41595 41608 41612 41616
[3516] 41618 41622 41629 41637 41658 41660 41683 41688 41692 41699 41719 41726 41732 41741 41744 41746 41754 41771 41780
[3535] 41810 41819 41832 41852 41858 41859 41888 41934 41939 41948 41996 42010 42024 42030 42036 42037 42045 42046 42055
[3554] 42071 42074 42141 42143 42151 42156 42167 42168 42187 42189 42201 42215 42219 42222 42245 42246 42248 42249 42257
[3573] 42263 42270 42285 42295 42303 42305 42311 42342 42343 42354 42364 42377 42379 42410 42411 42412 42426 42428 42429
[3592] 42434 42436 42451 42459 42464 42485 42494 42504 42509 42560 42584 42590 42595 42597 42601 42612 42638 42664 42673
[3611] 42700 42711 42712 42717 42736 42770 42774 42786 42808 42820 42823 42828 42842 42854 43047 43050 43062 43065 43076
[3630] 43084 43099 43104 43112 43116 43119 43120 43123 43128 43135 43136 43137 43156 43159 43164 43168 43169 43172 43175
[3649] 43181 43188 43237 43239 43260 43268 43271 43279 43281 43290 43319 43342 43365 43384 43395 43402 43407 43411 43415
[3668] 43419 43430 43444 43460 43472 43473 43483 43488 43509 43521 43526 43529 43530 43531 43535 43554 43555 43556 43558
[3687] 43584 43615 43629 43632 43673 43674 43686 43690 43691 43695 43698 43710 43721 43723 43731 43738 43740 43754 43767
[3706] 43771 43777 43785 43803 43805 43813 43816 43831 43848 43854 43855 43857 43867 43878 43882 43885 43891 43901 43925
[3725] 43939 43946 43947 43957 43966 43977 43978 43993 43995 44010 44015 44020 44030 44034 44086 44096 44105 44106 44107
[3744] 44132 44135 44136 44141 44157 44158 44161 44168 44186 44188 44206 44211 44219 44227 44228 44229 44230 44237 44238
[3763] 44239 44241 44254 44277 44279 44281 44283 44285 44286 44299 44318 44325 44336 44349 44352 44353 44374 44389 44396
[3782] 44417 44436 44445 44469 44477 44478 44483 44485 44491 44494 44500 44503 44504 44522 44539 44544 44557 44587 44596
[3801] 44600 44605 44618 44625 44628 44633 44639 44655 44657 44660 44663 44667 44689 44692 44728 44733 44735 44755 44756
[3820] 44762 44764 44789 44790 44798 44807 44809 44813 44817 44831 44838 44843 44844 44848 44868 44886 44925 44938 44952
[3839] 44960 44962 44966 44975 44976 44979 44980 44991 44992 44994 45005 45025 45048 45060 45064 45065 45077 45079 45080
[3858] 45084 45093 45107 45108 45132 45139 45145 45152 45153 45174 45193 45205 45230 45241 45291 45319 45332 45336 45341
[3877] 45348 45353 45367 45382 45402 45408 45435 45446 45447 45448 45451 45489 45501 45509 45512 45517 45529 45539 45552
[3896] 45556 45559 45569 45575 45576 45582 45602 45608 45620 45634 45643 45653 45654 45667 45673 45676 45680 45686 45699
[3915] 45728 45729 45730 45755 45758 45772 45784 45785 45790 45803 45805 45808 45831 45832 45867 45871 45875 45878 45889
[3934] 45902 45903 45908 45927 45949 45963 45971 45972 45984 45989 45990 45991 45992 45993 46008 46014 46027 46028 46029
[3953] 46037 46061 46081 46089 46091 46097 46132 46139 46141 46160 46162 46175 46191 46194 46221 46222 46236 46239 46250
[3972] 46251 46267 46270 46275 46278 46280 46292 46297 46298 46311 46312 46330 46361 46376 46382 46407 46424 46425 46438
[3991] 46456 46458 46463 46464 46465 46481 46493 46494 46499 46517 46518 46521 46524 46525 46533 46535 46546 46551 46566
[4010] 46567 46586 46624 46636 46639 46677 46681 46696 46698 46699 46700 46701 46709 46720 46732 46739 46759 46764 46785
[4029] 46787 46799 46806 46852 46853 46854 46859 46880 46881 46887 46896 46898 46904 46936 46937 46943 46951 46954 46955
[4048] 46956 46962 46975 47001 47003 47013 47032 47045 47051 47081 47082 47088 47098 47102 47105 47111 47127 47130 47140
[4067] 47142 47144 47178 47184 47190 47199 47215 47217 47218 47228 47233 47238 47242 47245 47249 47265 47271 47294 47324
[4086] 47343 47347 47357 47360 47363 47377 47382 47423 47424 47438 47479 47480 47481 47498 47504 47519 47520 47525 47534
[4105] 47535 47541 47542 47543 47555 47569 47570 47572 47580 47583 47599 47628 47638 47662 47667 47668 47689 47695 47701
[4124] 47711 47712 47718 47719 47747 47762 47772 47774 47800 47802 47803 47804 47807 47813 47822 47843 47844 47845 47846
[4143] 47847 47848 47855 47864 47865 47867 47884 47901 47903 47904 47905 47928 47929 47939 47940 47944 47964 47974 47978
[4162] 47983 47998 48002 48005 48007 48012 48026 48033 48039 48040 48041 48052 48054 48055 48056 48061 48074 48106 48112
[4181] 48134 48143 48146 48148 48160 48178 48186 48189 48190 48196 48202 48232 48238 48261 48268 48271 48276 48287 48289
[4200] 48335 48347 48355 48364 48369 48372 48388 48407 48431 48433 48435 48449 48462 48469 48470 48477 48497 48503 48506
[4219] 48507 48510 48511 48512 48517 48535 48559 48570 48576 48580 48586 48588 48589 48597 48601 48613 48637 48643 48649
[4238] 48652 48660 48684 48685 48686 48694 48706 48720 48731 48738 48745 48747 48749 48750 48751 48767 48769 48780 48781
[4257] 48787 48803 48819 48843 48854 48855 48863 48870 48875 48883 48895 48903 48915 48916 48922 48933 48935 48950 48970
[4276] 48995 49002 49010 49016 49018 49042 49052 49057 49066 49070 49078 49081 49112 49114 49121 49126 49136 49146 49148
[4295] 49151 49153 49167 49168 49172 49183 49184 49191 49200 49204 49221 49223 49228 49229 49235 49243 49245 49251 49254
[4314] 49256 49259 49262 49265 49269 49270 49277 49278 49284 49289 49290 49295 49301 49344 49353 49355 49356 49368 49375
[4333] 49389 49401 49426 49428 49435 49447 49451 49453 49459 49474 49480 49498 49501 49502 49506 49518 49581 49584 49595
[4352] 49597 49598 49599 49604 49609 49612 49639 49640 49648 49651 49662 49674 49678 49688 49702 49714 49716 49748 49766
[4371] 49767 49774 49778 49793 49796 49808 49825 49840 49850 49853 49855 49857 49874 49888 49889 49915 49921 49935 49941
[4390] 49950 49958 49964 49974 49989 49998 50000 50013 50014 50042 50061 50076 50100 50115 50126 50128 50131 50163 50166
[4409] 50169 50176 50178 50184 50187 50193 50205 50216 50224 50230 50237 50238 50244 50245 50254 50267 50273 50274 50277
[4428] 50287 50301 50317 50319 50329 50331 50333 50344 50348 50349 50351 50352 50369 50376 50382 50390 50404 50418 50428
[4447] 50433 50442 50453 50458 50460 50485 50501 50525 50529 50531 50540 50568 50570 50572 50576 50580 50589 50590 50595
[4466] 50596 50626 50629 50630 50634 50635 50636 50642 50645 50668 50685 50691 50709 50731 50739 50741 50763 50767 50768
[4485] 50795 50803 50804 50809 50819 50821 50836 50850 50855 50861 50869 50871 50874 50878 50882 50900 50901 50909 50917
[4504] 50935 50946 50949 50959 50976 50983 50991 50997 51002 51004 51018 51020 51025 51030 51032 51034 51044 51046 51055
[4523] 51056 51060 51082 51087 51091 51097 51098 51147 51173 51176 51201 51205 51207 51221 51223 51231 51234 51243 51245
[4542] 51262 51269 51270 51271 51274 51289 51290 51291 51296
