
===========  gbm  ============

   [1]     1     4     5     6     7     8    11    16    19    21    24    26
  [13]    28    32    38    41    46    47    48    50    52    53    55    58
  [25]    66    69    71    77    83    84    87    91    98   111   112   118
  [37]   123   133   144   145   146   147   151   152   160   164   165   166
  [49]   174   176   179   182   185   187   193   194   206   208   209   210
  [61]   211   214   228   229   230   231   232   236   239   243   254   257
  [73]   259   261   263   279   280   286   289   290   293   296   298   299
  [85]   300   303   322   332   342   343   345   353   355   368   380   381
  [97]   390   391   398   401   402   403   406   407   412   415   420   424
 [109]   426   429   430   432   440   443   446   447   460   461   468   472
 [121]   478   479   484   493   494   496   498   500   503   505   509   516
 [133]   517   521   525   526   530   536   538   548   550   552   556   557
 [145]   558   560   561   568   570   580   581   582   587   597   599   608
 [157]   610   613   633   634   635   637   648   651   656   658   670   672
 [169]   675   677   683   694   697   705   708   714   716   718   722   733
 [181]   736   737   740   748   749   751   753   754   756   757   763   764
 [193]   765   768   769   786   795   816   818   826   828   831   833   841
 [205]   842   869   878   885   888   898   905   908   931   932   937   947
 [217]   948   950   952   953   955   960   965   967   973   975   979   983
 [229]   984   987  1016  1022  1023  1025  1026  1047  1048  1054  1060  1061
 [241]  1083  1090  1098  1120  1124  1130  1133  1139  1147  1155  1163  1169
 [253]  1182  1191  1196  1205  1215  1221  1223  1236  1237  1238  1243  1247
 [265]  1248  1251  1253  1258  1268  1269  1272  1275  1278  1279  1298  1304
 [277]  1306  1326  1329  1362  1370  1377  1378  1382  1393  1399  1412  1415
 [289]  1418  1422  1430  1431  1433  1443  1455  1456  1457  1460  1467  1469
 [301]  1484  1497  1506  1519  1522  1526  1534  1536  1538  1541  1558  1572
 [313]  1573  1584  1585  1590  1597  1604  1607  1611  1618  1619  1623  1629
 [325]  1631  1636  1637  1642  1650  1653  1689  1692  1706  1728  1730  1736
 [337]  1743  1751  1756  1762  1767  1772  1781  1784  1785  1786  1787  1793
 [349]  1794  1796  1797  1798  1803  1813  1814  1816  1818  1823  1848  1849
 [361]  1858  1860  1861  1866  1872  1874  1877  1879  1889  1893  1915  1919
 [373]  1929  1932  1944  1947  1952  1971  1987  1998  2001  2003  2009  2014
 [385]  2018  2019  2039  2041  2045  2048  2049  2066  2079  2082  2092  2096
 [397]  2098  2117  2125  2140  2161  2163  2166  2170  2177  2181  2184  2189
 [409]  2190  2192  2195  2204  2206  2210  2217  2232  2250  2258  2269  2276
 [421]  2280  2288  2293  2316  2319  2320  2325  2335  2340  2360  2389  2398
 [433]  2412  2415  2418  2425  2440  2442  2444  2470  2473  2475  2478  2501
 [445]  2534  2544  2549  2550  2560  2573  2578  2582  2583  2590  2610  2622
 [457]  2644  2655  2663  2667  2669  2670  2671  2684  2685  2688  2691  2707
 [469]  2708  2733  2770  2787  2805  2811  2816  2819  2830  2834  2835  2836
 [481]  2846  2847  2849  2851  2852  2857  2859  2862  2887  2914  2917  2921
 [493]  2936  2983  2994  2997  3012  3015  3048  3051  3056  3059  3066  3068
 [505]  3076  3084  3093  3101  3111  3128  3142  3154  3163  3170  3176  3178
 [517]  3179  3180  3184  3226  3236  3239  3243  3282  3284  3298  3325  3337
 [529]  3353  3357  3365  3375  3394  3396  3403  3418  3420  3446  3450  3451
 [541]  3463  3470  3491  3495  3503  3509  3511  3512  3516  3538  3541  3545
 [553]  3582  3588  3616  3626  3634  3657  3659  3666  3688  3728  3741  3802
 [565]  3809  3834  3836  3845  3846  3862  3868  3879  3905  3916  3951  3956
 [577]  3988  4003  4039  4045  4069  4088  4099  4110  4113  4118  4124  4129
 [589]  4131  4138  4147  4153  4158  4165  4166  4200  4221  4262  4277  4281
 [601]  4305  4320  4367  4378  4383  4405  4415  4416  4429  4459  4468  4474
 [613]  4541  4559  4588  4598  4665  4672  4673  4714  4720  4733  4764  4770
 [625]  4781  4794  4820  4836  4853  4861  4960  4974  5027  5050  5066  5103
 [637]  5121  5130  5142  5144  5145  5163  5199  5208  5240  5258  5284  5307
 [649]  5312  5322  5332  5342  5351  5355  5356  5358  5370  5393  5426  5464
 [661]  5476  5487  5542  5551  5570  5572  5574  5601  5621  5626  5653  5663
 [673]  5702  5748  5769  5773  5799  5807  5829  5845  5853  5873  5892  5908
 [685]  5936  5968  5979  5980  5987  6000  6006  6018  6021  6036  6046  6047
 [697]  6058  6079  6081  6090  6096  6101  6126  6136  6145  6149  6162  6163
 [709]  6172  6175  6178  6187  6196  6219  6229  6238  6280  6285  6287  6292
 [721]  6300  6313  6354  6387  6396  6411  6467  6500  6502  6503  6513  6522
 [733]  6533  6539  6544  6551  6562  6563  6567  6577  6617  6635  6684  6692
 [745]  6714  6724  6766  6775  6804  6839  6872  6880  6910  6944  6966  6967
 [757]  7018  7028  7033  7067  7090  7106  7110  7116  7120  7121  7129  7148
 [769]  7153  7189  7195  7198  7207  7214  7243  7244  7255  7256  7280  7281
 [781]  7284  7286  7295  7331  7341  7354  7371  7380  7390  7394  7402  7430
 [793]  7449  7468  7486  7491  7539  7542  7572  7585  7592  7598  7625  7640
 [805]  7657  7696  7699  7702  7703  7710  7721  7736  7740  7743  7744  7745
 [817]  7747  7755  7756  7760  7765  7767  7769  7772  7773  7775  7780  7781
 [829]  7786  7788  7789  7796  7797  7803  7804  7813  7816  7817  7821  7827
 [841]  7829  7830  7832  7835  7837  7842  7843  7855  7859  7862  7865  7869
 [853]  7873  7879  7883  7888  7890  7892  7894  7897  7899  7902  7903  7904
 [865]  7907  7910  7917  7918  7920  7923  7926  7928  7930  7932  7934  7940
 [877]  7957  7958  7966  7967  7974  7978  7987  7996  8002  8005  8007  8011
 [889]  8016  8020  8023  8028  8029  8032  8045  8051  8052  8053  8061  8062
 [901]  8065  8069  8075  8077  8086  8129  8131  8135  8140  8146  8148  8151
 [913]  8155  8181  8182  8190  8193  8206  8207  8209  8210  8211  8212  8213
 [925]  8215  8216  8223  8234  8238  8241  8242  8259  8265  8266  8269  8275
 [937]  8280  8284  8285  8287  8292  8302  8304  8305  8316  8318  8324  8329
 [949]  8332  8333  8335  8341  8343  8360  8362  8376  8379  8382  8383  8386
 [961]  8389  8400  8403  8408  8409  8419  8420  8424  8434  8435  8437  8460
 [973]  8462  8466  8469  8474  8481  8482  8487  8492  8497  8502  8508  8512
 [985]  8519  8520  8545  8552  8558  8559  8560  8563  8569  8573  8574  8583
 [997]  8592  8594  8607  8609  8617  8628  8657  8681  8687  8688  8692  8694
[1009]  8695  8715  8716  8718  8721  8735  8741  8753  8755  8757  8759  8763
[1021]  8770  8781  8786  8787  8793  8796  8797  8800  8802  8811  8827  8831
[1033]  8832  8834  8835  8838  8846  8856  8860  8868  8878  8883  8884  8885
[1045]  8902  8908  8910  8911  8916  8919  8955  8966  8969  8973  8974  8989
[1057]  8990  8991  8995  9017  9019  9023  9040  9041  9056  9068  9077  9117
[1069]  9126  9137  9158  9161  9163  9165  9166  9169  9178  9180  9185  9212
[1081]  9221  9232  9234  9237  9243  9249  9260  9270  9271  9273  9274  9280
[1093]  9283  9285  9288  9304  9310  9314  9321  9322  9329  9336  9340  9345
[1105]  9350  9351  9352  9374  9375  9394  9395  9416  9418  9419  9420  9422
[1117]  9426  9429  9436  9441  9449  9452  9466  9475  9479  9494  9507  9508
[1129]  9513  9519  9522  9530  9548  9557  9569  9570  9584  9601  9602  9604
[1141]  9607  9632  9642  9643  9645  9648  9656  9658  9659  9660  9671  9673
[1153]  9677  9680  9684  9691  9701  9727  9729  9759  9768  9771  9773  9775
[1165]  9778  9788  9795  9802  9815  9817  9818  9821  9824  9830  9835  9844
[1177]  9849  9854  9883  9887  9910  9913  9914  9927  9929  9934  9940  9944
[1189]  9953  9956  9957  9958  9978  9988  9989 10028 10036 10042 10043 10050
[1201] 10056 10065 10089 10096 10099 10100 10111 10130 10142 10147 10159 10175
[1213] 10176 10180 10194 10207 10219 10224 10233 10236 10237 10241 10257 10284
[1225] 10291 10293 10303 10323 10327 10331 10340 10399 10447 10448 10451 10453
[1237] 10457 10482 10492 10500 10509 10515 10546 10547 10578 10581 10582 10599
[1249] 10601 10607 10615 10619 10629 10639 10640 10646 10649 10653 10675 10678
[1261] 10681 10696 10698 10699 10705 10716 10732 10776 10785 10788 10792 10803
[1273] 10814 10815 10845 10862 10864 10865 10889 10895 10900 10905 10929 10932
[1285] 10946 10948 10957 11000 11004 11014 11037 11052 11071 11081 11083 11099
[1297] 11102 11105 11115 11149 11160 11162 11179 11182 11187 11189 11192 11194
[1309] 11221 11229 11244 11256 11257 11302 11309 11353 11373 11376 11381 11401
[1321] 11427 11432 11435 11485 11521 11544 11552 11557 11599 11607 11615 11616
[1333] 11619 11625 11690 11701 11732 11736 11777 11779 11796 11798 11799 11805
[1345] 11811 11867 11894 11898 11914 11930 11941 11990 12008 12026 12062 12086
[1357] 12087 12108 12120 12123 12140 12151 12216 12226 12228 12242 12249 12279
[1369] 12294 12317 12352 12356 12360 12361 12378 12379 12401 12413 12416 12455
[1381] 12480 12488 12490 12495 12507 12523 12548 12564 12574 12582 12589 12591
[1393] 12592 12625 12626 12630 12634 12648 12657 12660 12667 12682 12686 12711
[1405] 12723 12751 12767 12770 12784 12801 12803 12805 12819 12850 12860 12915
[1417] 12919 12926 12928 12936 12954 12959 12960 12961 12976 13001 13007 13025
[1429] 13033 13070 13076 13089 13124 13133 13145 13155 13173 13179 13189 13207
[1441] 13218 13273 13292 13329 13337 13340 13357 13381 13400 13413 13438 13521
[1453] 13522 13575 13592 13595 13604 13610 13614 13636 13663 13666 13708 13711
[1465] 13713 13721 13726 13870 13898 13908 13950 13965 13974 13979 13990 13994
[1477] 14014 14046 14058 14065 14067 14075 14090 14169 14269 14278 14317 14321
[1489] 14324 14329 14344 14361 14368 14371 14372 14385 14412 14416 14446 14487
[1501] 14502 14509 14532 14549 14553 14591 14596 14604 14635 14639 14663 14666
[1513] 14705 14730 14731 14752 14762 14790 14797 14819 14822 14832 14836 14848
[1525] 14855 14857 14862 14879 14888 14890 14927 14936 14962 14966 14991 15009
[1537] 15028 15030 15034 15064 15087 15095 15099 15113 15124 15133 15135 15163
[1549] 15165 15167 15204 15240 15246 15248 15250 15259 15267 15278 15289 15292
[1561] 15357 15368 15376 15386 15402 15408 15420 15455 15462 15478 15492 15519
[1573] 15552 15561 15579 15618 15632 15635 15653 15654 15658 15664 15667 15668
[1585] 15671 15676 15677 15678 15680 15681 15683 15684 15685 15691 15692 15693
[1597] 15700 15701 15704 15710 15712 15716 15717 15719 15720 15725 15726 15730
[1609] 15737 15741 15743 15748 15758 15762 15773 15774 15777 15783 15786 15787
[1621] 15789 15795 15797 15799 15801 15805 15808 15811 15812 15813 15818 15821
[1633] 15822 15823 15825 15827 15835 15841 15848 15851 15852 15860 15861 15864
[1645] 15865 15866 15872 15882 15888 15892 15898 15900 15905 15907 15920 15921
[1657] 15925 15933 15934 15941 15942 15945 15950 15951 15952 15953 15954 15955
[1669] 15956 15968 15969 15973 15976 15988 16000 16013 16016 16020 16023 16024
[1681] 16025 16029 16038 16039 16042 16047 16048 16052 16054 16065 16075 16078
[1693] 16080 16089 16093 16095 16101 16102 16105 16107 16111 16113 16122 16125
[1705] 16129 16130 16131 16139 16143 16166 16167 16176 16177 16180 16186 16188
[1717] 16190 16191 16192 16200 16202 16203 16205 16208 16209 16210 16214 16215
[1729] 16221 16224 16229 16233 16249 16253 16255 16269 16270 16276 16279 16282
[1741] 16287 16288 16292 16294 16298 16304 16314 16317 16322 16342 16347 16356
[1753] 16357 16374 16376 16386 16388 16393 16400 16404 16414 16416 16417 16424
[1765] 16430 16433 16440 16448 16454 16455 16456 16458 16462 16463 16467 16473
[1777] 16474 16475 16476 16477 16478 16479 16487 16492 16505 16509 16519 16523
[1789] 16525 16527 16532 16537 16541 16549 16550 16555 16570 16573 16586 16590
[1801] 16591 16592 16596 16597 16600 16614 16616 16629 16638 16642 16644 16645
[1813] 16649 16655 16666 16667 16669 16672 16674 16684 16685 16692 16693 16695
[1825] 16716 16717 16732 16738 16744 16745 16752 16769 16771 16784 16787 16788
[1837] 16790 16793 16801 16806 16809 16816 16819 16824 16825 16828 16830 16834
[1849] 16843 16857 16861 16867 16871 16874 16875 16876 16879 16884 16898 16915
[1861] 16917 16921 16923 16929 16930 16933 16940 16943 16946 16948 16952 16972
[1873] 16974 16978 16983 16986 16992 16994 16995 17001 17002 17008 17014 17016
[1885] 17017 17024 17025 17026 17027 17028 17030 17035 17037 17042 17062 17074
[1897] 17077 17115 17120 17131 17136 17138 17148 17151 17152 17163 17169 17185
[1909] 17186 17220 17223 17229 17232 17234 17241 17242 17247 17258 17266 17273
[1921] 17275 17276 17282 17297 17305 17309 17322 17327 17332 17342 17343 17350
[1933] 17357 17361 17370 17374 17409 17422 17423 17428 17430 17442 17443 17448
[1945] 17468 17471 17480 17487 17489 17493 17494 17497 17499 17508 17519 17526
[1957] 17527 17531 17532 17539 17541 17549 17556 17563 17564 17566 17588 17599
[1969] 17617 17621 17622 17638 17646 17657 17659 17661 17667 17672 17674 17722
[1981] 17726 17745 17748 17749 17752 17756 17763 17775 17798 17822 17825 17849
[1993] 17850 17862 17868 17871 17875 17884 17903 17907 17922 17958 17966 17968
[2005] 17985 18000 18004 18019 18029 18030 18042 18044 18045 18047 18068 18073
[2017] 18080 18086 18100 18103 18105 18108 18119 18140 18154 18155 18168 18169
[2029] 18173 18187 18209 18215 18246 18267 18270 18274 18283 18296 18299 18309
[2041] 18319 18328 18332 18333 18336 18344 18349 18354 18356 18369 18373 18384
[2053] 18394 18418 18424 18427 18429 18433 18451 18487 18490 18491 18495 18511
[2065] 18514 18519 18527 18535 18542 18557 18564 18581 18591 18600 18601 18602
[2077] 18609 18610 18611 18622 18630 18632 18653 18680 18691 18714 18718 18744
[2089] 18764 18793 18806 18810 18830 18841 18842 18848 18859 18871 18882 18885
[2101] 18893 18894 18905 18908 18938 18944 18948 18949 18951 18979 18982 18992
[2113] 18997 19027 19039 19077 19098 19141 19172 19177 19185 19192 19196 19224
[2125] 19235 19236 19238 19244 19258 19262 19280 19298 19312 19334 19336 19351
[2137] 19359 19365 19374 19393 19434 19455 19471 19473 19484 19502 19503 19519
[2149] 19545 19560 19567 19586 19605 19617 19618 19663 19694 19705 19715 19721
[2161] 19731 19732 19738 19742 19768 19795 19815 19818 19819 19856 19886 19893
[2173] 19897 19919 19921 19940 19959 19968 19970 19978 20019 20025 20028 20041
[2185] 20069 20085 20102 20116 20122 20123 20125 20129 20140 20142 20146 20148
[2197] 20156 20222 20282 20293 20295 20303 20304 20348 20366 20368 20378 20381
[2209] 20384 20385 20386 20435 20459 20468 20471 20473 20484 20512 20528 20529
[2221] 20573 20591 20605 20630 20642 20657 20658 20661 20675 20679 20692 20723
[2233] 20748 20751 20758 20767 20775 20777 20800 20819 20841 20849 20909 20910
[2245] 20913 20922 20933 20951 20986 21005 21014 21021 21030 21035 21045 21054
[2257] 21109 21111 21112 21139 21158 21170 21173 21174 21249 21253 21266 21274
[2269] 21358 21366 21382 21392 21409 21414 21427 21448 21503 21518 21530 21552
[2281] 21572 21588 21599 21600 21635 21657 21658 21670 21675 21691 21721 21743
[2293] 21746 21752 21766 21770 21794 21795 21796 21797 21806 21831 21853 21858
[2305] 21864 21865 21884 21899 21910 21933 21942 21945 21948 21951 21977 21997
[2317] 22002 22008 22009 22039 22040 22048 22051 22060 22064 22077 22090 22096
[2329] 22099 22100 22115 22124 22134 22150 22163 22168 22172 22184 22186 22208
[2341] 22210 22223 22252 22273 22294 22301 22303 22311 22324 22345 22351 22354
[2353] 22371 22384 22394 22406 22407 22422 22444 22465 22482 22492 22512 22517
[2365] 22526 22531 22554 22570 22579 22598 22614 22620 22621 22647 22662 22670
[2377] 22707 22727 22733 22757 22761 22766 22775 22781 22783 22794 22810 22848
[2389] 22854 22873 22889 22890 22900 22912 22921 22939 22953 22966 23003 23025
[2401] 23053 23057 23059 23062 23124 23126 23159 23170 23214 23234 23259 23286
[2413] 23290 23326 23358 23407 23457 23473 23475 23476 23483 23484 23494 23495
[2425] 23503 23506 23508 23509 23511 23518 23526 23532 23533 23542 23543 23544
[2437] 23545 23546 23549 23554 23557 23569 23573 23576 23579 23581 23584 23585
[2449] 23591 23595 23601 23612 23619 23628 23642 23654 23657 23660 23661 23662
[2461] 23663 23664 23671 23677 23681 23685 23686 23689 23693 23701 23706 23708
[2473] 23719 23720 23724 23730 23734 23743 23745 23747 23749 23750 23755 23756
[2485] 23758 23764 23766 23775 23778 23788 23792 23797 23799 23800 23802 23813
[2497] 23817 23821 23823 23830 23831 23832 23834 23836 23837 23842 23844 23847
[2509] 23850 23855 23858 23871 23877 23881 23889 23893 23896 23897 23913 23914
[2521] 23919 23927 23939 23941 23943 23944 23945 23953 23955 23959 23966 23983
[2533] 23987 23989 23993 23994 23995 24016 24021 24027 24037 24044 24046 24048
[2545] 24054 24072 24085 24086 24091 24094 24098 24099 24121 24124 24132 24144
[2557] 24154 24155 24156 24157 24159 24160 24161 24167 24172 24175 24176 24181
[2569] 24182 24184 24185 24189 24191 24199 24200 24201 24202 24207 24208 24211
[2581] 24213 24223 24227 24233 24235 24262 24284 24314 24316 24320 24325 24327
[2593] 24331 24334 24342 24345 24349 24350 24351 24373 24377 24387 24389 24393
[2605] 24394 24399 24411 24413 24417 24418 24424 24426 24429 24441 24460 24464
[2617] 24465 24475 24480 24484 24503 24504 24512 24536 24539 24542 24548 24552
[2629] 24556 24557 24566 24573 24583 24585 24604 24613 24619 24624 24627 24658
[2641] 24660 24678 24682 24687 24698 24708 24718 24721 24726 24742 24744 24748
[2653] 24753 24761 24764 24769 24779 24783 24794 24795 24797 24814 24821 24829
[2665] 24831 24854 24856 24884 24885 24889 24898 24921 24923 24924 24928 24935
[2677] 24936 24954 24959 24962 24969 24986 24990 24992 24993 24995 25002 25003
[2689] 25006 25009 25010 25016 25026 25052 25063 25066 25067 25080 25086 25104
[2701] 25106 25107 25120 25123 25124 25128 25129 25135 25179 25197 25205 25213
[2713] 25248 25262 25269 25270 25272 25277 25285 25289 25298 25316 25323 25331
[2725] 25337 25341 25353 25376 25378 25381 25418 25419 25425 25435 25445 25450
[2737] 25485 25495 25520 25542 25550 25567 25575 25584 25585 25586 25588 25590
[2749] 25599 25603 25604 25607 25608 25609 25612 25620 25622 25663 25669 25672
[2761] 25676 25683 25685 25694 25695 25700 25702 25719 25735 25737 25745 25746
[2773] 25764 25773 25783 25784 25787 25796 25827 25842 25845 25853 25864 25880
[2785] 25892 25905 25918 25929 25934 25936 25937 25946 25947 25950 25956 25957
[2797] 25960 26014 26020 26057 26061 26070 26074 26075 26088 26092 26100 26126
[2809] 26130 26132 26138 26156 26165 26166 26173 26197 26198 26209 26227 26233
[2821] 26241 26243 26244 26245 26251 26266 26312 26317 26364 26374 26425 26451
[2833] 26452 26460 26462 26465 26477 26490 26520 26525 26535 26537 26538 26546
[2845] 26558 26570 26576 26596 26605 26620 26637 26641 26646 26658 26660 26662
[2857] 26670 26671 26682 26685 26706 26709 26714 26726 26731 26813 26816 26845
[2869] 26862 26866 26876 26885 26909 26923 26936 26942 26956 26977 26982 26983
[2881] 27005 27022 27040 27041 27047 27067 27077 27078 27081 27086 27089 27109
[2893] 27112 27115 27129 27150 27161 27177 27178 27192 27203 27246 27255 27289
[2905] 27290 27306 27355 27356 27360 27375 27395 27399 27414 27440 27444 27464
[2917] 27472 27493 27494 27506 27509 27513 27525 27538 27556 27594 27596 27600
[2929] 27628 27644 27650 27675 27701 27706 27710 27728 27738 27783 27791 27799
[2941] 27868 27869 27871 27875 27878 27899 27903 27905 27927 27928 27956 27966
[2953] 27968 28018 28020 28022 28056 28061 28086 28089 28152 28157 28159 28193
[2965] 28205 28209 28230 28255 28267 28280 28296 28320 28339 28353 28365 28366
[2977] 28367 28371 28374 28401 28406 28426 28466 28485 28506 28511 28526 28529
[2989] 28536 28570 28571 28577 28581 28588 28597 28604 28608 28625 28640 28645
[3001] 28649 28663 28672 28677 28705 28720 28736 28746 28772 28791 28810 28815
[3013] 28816 28855 28875 28883 28891 28892 28906 28916 28931 28935 28957 28966
[3025] 28968 28975 28986 28993 28999 29016 29043 29051 29053 29075 29081 29112
[3037] 29124 29127 29141 29232 29250 29254 29267 29286 29291 29310 29329 29350
[3049] 29382 29396 29438 29476 29491 29527 29542 29543 29544 29546 29558 29580
[3061] 29582 29599 29603 29609 29614 29640 29669 29706 29708 29733 29756 29770
[3073] 29786 29795 29810 29818 29822 29857 29859 29861 29868 29904 29910 29912
[3085] 29917 29928 29934 29962 29976 29977 29989 29992 30001 30033 30051 30068
[3097] 30099 30102 30107 30117 30122 30156 30167 30186 30205 30213 30214 30235
[3109] 30238 30246 30248 30263 30266 30269 30321 30323 30326 30330 30342 30368
[3121] 30387 30395 30404 30432 30443 30450 30459 30462 30486 30493 30500 30503
[3133] 30513 30535 30539 30543 30548 30552 30597 30611 30612 30641 30694 30714
[3145] 30728 30731 30732 30765 30772 30776 30792 30796 30800 30815 30819 30824
[3157] 30829 30831 30847 30904 30929 30938 30943 30951 30970 31009 31025 31047
[3169] 31057 31080 31095 31114 31115 31127 31146 31158 31183 31185 31206 31235
[3181] 31240 31246 31255 31258 31272 31277 31293 31308 31316 31327 31373 31377
[3193] 31386 31391 31398 31399 31408 31413 31414 31416 31419 31433 31437 31438
[3205] 31443 31450 31458 31463 31464 31471 31476 31481 31482 31485 31487 31488
[3217] 31493 31496 31501 31507 31508 31511 31518 31520 31524 31525 31527 31528
[3229] 31529 31532 31543 31545 31547 31550 31556 31564 31574 31575 31577 31583
[3241] 31591 31592 31593 31595 31596 31597 31607 31609 31620 31622 31624 31628
[3253] 31630 31632 31633 31634 31635 31636 31639 31644 31645 31647 31658 31660
[3265] 31662 31668 31673 31674 31675 31679 31684 31697 31698 31699 31703 31710
[3277] 31721 31726 31727 31739 31741 31743 31748 31749 31756 31757 31759 31765
[3289] 31766 31776 31779 31783 31785 31789 31790 31795 31800 31801 31806 31808
[3301] 31812 31814 31815 31824 31827 31829 31833 31835 31836 31838 31841 31846
[3313] 31847 31857 31861 31882 31888 31889 31890 31902 31907 31911 31920 31924
[3325] 31928 31930 31939 31944 31946 31948 31957 31960 31963 31965 31975 31996
[3337] 32001 32003 32009 32012 32016 32020 32026 32030 32032 32062 32067 32082
[3349] 32083 32086 32087 32088 32101 32106 32107 32115 32118 32120 32122 32128
[3361] 32135 32136 32137 32138 32141 32146 32154 32157 32158 32172 32183 32193
[3373] 32195 32199 32212 32220 32222 32226 32229 32232 32233 32234 32236 32240
[3385] 32249 32253 32261 32266 32270 32278 32286 32290 32291 32293 32302 32308
[3397] 32317 32318 32322 32325 32343 32362 32363 32372 32376 32386 32393 32397
[3409] 32400 32405 32408 32419 32423 32439 32444 32447 32457 32458 32461 32471
[3421] 32485 32488 32493 32497 32498 32509 32538 32544 32548 32554 32559 32560
[3433] 32563 32581 32587 32588 32606 32612 32627 32628 32630 32633 32634 32638
[3445] 32640 32645 32648 32657 32669 32680 32697 32713 32714 32716 32718 32719
[3457] 32723 32737 32738 32755 32760 32783 32791 32794 32818 32820 32831 32833
[3469] 32834 32841 32852 32853 32881 32890 32893 32898 32907 32908 32912 32913
[3481] 32920 32921 32922 32925 32926 32931 32935 32939 32942 32951 32973 32974
[3493] 32978 32980 32982 32986 32998 33016 33025 33030 33037 33050 33083 33086
[3505] 33095 33096 33105 33106 33115 33119 33121 33126 33137 33142 33144 33188
[3517] 33190 33191 33198 33206 33211 33212 33221 33232 33240 33241 33271 33277
[3529] 33287 33295 33301 33304 33308 33325 33326 33346 33348 33349 33353 33374
[3541] 33382 33386 33392 33399 33414 33429 33432 33464 33474 33475 33478 33481
[3553] 33504 33522 33550 33555 33556 33557 33568 33571 33572 33585 33604 33620
[3565] 33624 33625 33655 33659 33660 33661 33678 33686 33688 33697 33704 33725
[3577] 33742 33745 33752 33759 33764 33766 33767 33775 33785 33796 33806 33809
[3589] 33810 33813 33825 33834 33842 33849 33857 33885 33887 33888 33890 33904
[3601] 33908 33927 33934 33941 33947 33952 33958 33972 33994 34000 34002 34007
[3613] 34042 34052 34074 34075 34077 34079 34100 34102 34109 34126 34146 34168
[3625] 34208 34231 34238 34247 34253 34254 34256 34268 34337 34342 34359 34365
[3637] 34373 34401 34403 34407 34408 34466 34470 34473 34476 34477 34483 34493
[3649] 34507 34541 34557 34560 34566 34590 34591 34592 34606 34612 34614 34629
[3661] 34644 34647 34662 34665 34694 34695 34715 34724 34754 34767 34769 34789
[3673] 34803 34823 34832 34841 34843 34856 34862 34865 34866 34874 34899 34954
[3685] 34978 34981 34995 35060 35085 35102 35111 35139 35163 35173 35174 35183
[3697] 35191 35195 35214 35215 35267 35284 35298 35302 35319 35336 35370 35413
[3709] 35452 35458 35508 35510 35544 35556 35563 35585 35592 35593 35622 35631
[3721] 35662 35745 35766 35772 35775 35779 35792 35798 35813 35838 35840 35846
[3733] 35847 35853 35865 35878 35880 35888 35911 35915 35939 35952 35957 35959
[3745] 35961 35967 35969 35973 35990 36019 36041 36074 36077 36080 36098 36100
[3757] 36109 36131 36134 36140 36165 36175 36183 36194 36197 36222 36232 36242
[3769] 36254 36267 36277 36281 36283 36284 36311 36315 36326 36338 36346 36355
[3781] 36358 36371 36374 36419 36461 36471 36481 36533 36560 36574 36595 36633
[3793] 36657 36687 36704 36708 36728 36732 36736 36759 36769 36792 36827 36828
[3805] 36852 36876 36897 36914 36975 37024 37033 37039 37067 37075 37104 37127
[3817] 37155 37206 37220 37230 37261 37274 37288 37292 37311 37339 37340 37345
[3829] 37355 37367 37372 37405 37414 37484 37514 37517 37521 37523 37525 37533
[3841] 37542 37549 37564 37592 37609 37626 37645 37648 37664 37706 37726 37733
[3853] 37789 37813 37825 37853 37855 37878 37881 37894 37981 38003 38010 38020
[3865] 38033 38042 38067 38076 38100 38109 38112 38124 38137 38140 38143 38156
[3877] 38164 38166 38216 38237 38240 38241 38320 38321 38327 38330 38351 38377
[3889] 38390 38391 38406 38448 38449 38457 38469 38483 38489 38493 38504 38535
[3901] 38584 38587 38599 38604 38611 38631 38638 38660 38676 38678 38719 38764
[3913] 38834 38839 38854 38860 38868 38879 38887 38898 38903 38910 38933 38937
[3925] 38954 38964 38973 38991 38994 39035 39043 39057 39072 39075 39082 39095
[3937] 39108 39123 39131 39136 39140 39167 39178 39214 39219 39230 39237 39260
[3949] 39296 39322 39326 39378 39379 39380 39383 39388 39396 39415 39432 39450
[3961] 39453 39455 39457 39459 39474 39485 39488 39497 39522 39524 39535 39538
[3973] 39542 39554 39556 39557 39559 39567 39577 39578 39579 39594 39595 39600
[3985] 39601 39608 39609 39611 39612 39613 39615 39625 39626 39629 39635 39637
[3997] 39638 39641 39643 39644 39649 39661 39665 39666 39687 39692 39699 39703
[4009] 39706 39713 39714 39715 39716 39719 39722 39724 39726 39728 39731 39734
[4021] 39740 39742 39748 39750 39752 39753 39761 39773 39775 39786 39788 39790
[4033] 39797 39799 39804 39819 39820 39826 39829 39835 39840 39843 39845 39852
[4045] 39866 39869 39879 39889 39896 39898 39900 39905 39912 39916 39917 39918
[4057] 39924 39925 39929 39932 39935 39943 39944 39952 39966 39967 39968 39971
[4069] 39972 39989 39993 39998 40000 40003 40004 40028 40039 40045 40048 40050
[4081] 40051 40057 40061 40069 40070 40071 40078 40087 40088 40090 40096 40101
[4093] 40107 40108 40110 40112 40118 40119 40120 40121 40126 40127 40130 40135
[4105] 40136 40138 40140 40146 40155 40165 40172 40181 40184 40200 40201 40202
[4117] 40208 40209 40211 40212 40214 40217 40219 40220 40221 40226 40229 40232
[4129] 40234 40236 40239 40241 40242 40248 40252 40267 40270 40274 40276 40277
[4141] 40281 40283 40287 40295 40309 40315 40317 40328 40331 40334 40336 40356
[4153] 40369 40371 40378 40380 40386 40390 40392 40400 40402 40404 40411 40420
[4165] 40422 40427 40428 40431 40433 40435 40440 40443 40445 40447 40449 40453
[4177] 40455 40463 40464 40465 40477 40478 40481 40496 40500 40508 40509 40513
[4189] 40517 40524 40526 40528 40533 40539 40543 40557 40559 40562 40563 40567
[4201] 40568 40572 40574 40576 40586 40591 40611 40613 40615 40626 40630 40632
[4213] 40633 40636 40642 40646 40650 40669 40678 40682 40685 40686 40695 40701
[4225] 40708 40710 40714 40722 40723 40728 40735 40744 40757 40759 40760 40764
[4237] 40771 40789 40795 40806 40816 40817 40825 40837 40838 40852 40853 40858
[4249] 40872 40873 40898 40906 40916 40927 40932 40937 40942 40944 40948 40954
[4261] 40955 40956 40966 40977 40980 40998 40999 41009 41010 41012 41015 41016
[4273] 41017 41018 41019 41028 41036 41050 41060 41062 41067 41090 41116 41118
[4285] 41122 41126 41127 41129 41138 41140 41148 41152 41168 41170 41200 41202
[4297] 41203 41211 41213 41215 41218 41220 41224 41237 41240 41246 41249 41254
[4309] 41255 41262 41275 41289 41290 41291 41294 41297 41320 41328 41338 41346
[4321] 41353 41355 41357 41359 41376 41377 41378 41380 41393 41401 41409 41426
[4333] 41441 41450 41452 41461 41474 41478 41480 41482 41484 41485 41486 41492
[4345] 41508 41514 41517 41519 41533 41536 41561 41563 41568 41571 41578 41582
[4357] 41595 41600 41604 41611 41638 41647 41671 41683 41686 41691 41694 41706
[4369] 41709 41712 41757 41760 41773 41786 41788 41790 41792 41850 41852 41855
[4381] 41857 41865 41897 41903 41907 41910 41922 41939 41940 41944 41952 41956
[4393] 41959 41961 41971 41982 41983 41985 41987 41993 42003 42005 42016 42019
[4405] 42023 42024 42038 42050 42056 42070 42077 42078 42086 42098 42100 42110
[4417] 42112 42118 42134 42154 42156 42170 42178 42211 42214 42224 42252 42259
[4429] 42261 42264 42280 42283 42286 42312 42333 42336 42359 42441 42443 42471
[4441] 42476 42505 42506 42512 42540 42560 42567 42569 42572 42595 42601 42642
[4453] 42645 42649 42652 42671 42722 42728 42729 42741 42755 42762 42766 42777
[4465] 42817 42847 42857 42869 42872 42886 42901 42913 42924 42937 42951 42956
[4477] 42964 42967 42969 42983 42984 43004 43047 43050 43052 43054 43064 43074
[4489] 43099 43105 43132 43133 43144 43156 43166 43168 43177 43189 43207 43220
[4501] 43225 43229 43240 43247 43260 43284 43310 43339 43348 43353 43361 43363
[4513] 43366 43367 43372 43379 43392 43393 43397 43418 43425 43438 43460 43466
[4525] 43487 43495 43516 43533 43539 43553 43566 43577 43579 43585 43595 43613
[4537] 43643 43644 43649 43655 43689 43696 43697 43698 43700 43706 43720 43723
[4549] 43730 43731 43757 43775 43788 43815 43829 43833 43842 43850 43862 43880
[4561] 43885 43910 43912 43929 43932 43950 43958 43992 44003 44026 44044 44090
[4573] 44109 44144 44152 44169 44236 44256 44313 44314 44343 44361 44400 44408
[4585] 44417 44429 44448 44493 44516 44525 44560 44608 44623 44633 44643 44650
[4597] 44657 44660 44673 44728 44741 44744 44749 44752 44773 44825 44834 44842
[4609] 44858 44887 44919 44920 44922 44945 44948 44949 44955 44975 44989 44999
[4621] 45009 45037 45041 45063 45078 45084 45126 45127 45129 45136 45138 45146
[4633] 45161 45164 45172 45184 45187 45198 45240 45261 45265 45289 45325 45345
[4645] 45360 45367 45409 45412 45423 45430 45454 45465 45497 45502 45512 45528
[4657] 45548 45555 45559 45605 45610 45622 45626 45656 45662 45674 45676 45680
[4669] 45682 45708 45712 45717 45726 45737 45762 45768 45772 45782 45783 45786
[4681] 45806 45819 45823 45829 45833 45834 45843 45851 45890 45914 45925 45934
[4693] 45948 45974 45981 46018 46025 46029 46041 46064 46101 46131 46141 46162
[4705] 46178 46180 46209 46212 46215 46219 46221 46230 46233 46242 46378 46388
[4717] 46403 46411 46413 46426 46446 46448 46472 46489 46495 46502 46511 46520
[4729] 46522 46524 46531 46549 46557 46573 46581 46583 46597 46630 46650 46659
[4741] 46662 46704 46721 46728 46731 46734 46748 46754 46765 46769 46770 46777
[4753] 46792 46802 46836 46843 46854 46901 46902 46909 46912 46944 46958 46961
[4765] 46965 46982 46984 46985 46986 46993 46998 47012 47017 47024 47030 47031
[4777] 47097 47124 47139 47145 47146 47159 47171 47172 47178 47179 47184 47185
[4789] 47206 47214 47218 47220 47226 47242 47243 47244 47250 47251 47252 47255
[4801] 47271 47273 47275 47283 47286 47288 47298 47301 47303 47306 47318 47319
[4813] 47326 47331 47332 47338 47341 47343 47358 47374 47375 47378 47382 47389
[4825] 47405 47420 47421 47423 47430 47442 47448 47449 47450 47453 47461 47466
[4837] 47467 47473 47474 47477 47481 47484 47494 47496 47498 47502 47503 47509
[4849] 47514 47524 47527 47539 47551 47555 47561 47568 47570 47571 47577 47578
[4861] 47587 47589 47591 47597 47602 47609 47610 47611 47615 47619 47625 47630
[4873] 47635 47651 47660 47663 47664 47666 47667 47680 47681 47688 47695 47696
[4885] 47698 47703 47704 47711 47719 47722 47726 47728 47731 47732 47740 47764
[4897] 47765 47766 47769 47774 47780 47781 47788 47793 47797 47800 47810 47812
[4909] 47820 47821 47832 47834 47845 47846 47852 47861 47865 47872 47891 47892
[4921] 47894 47897 47906 47915 47919 47923 47943 47945 47953 47954 47958 47959
[4933] 47965 47973 47975 47977 47985 48009 48015 48023 48027 48029 48035 48046
[4945] 48047 48057 48058 48062 48071 48075 48080 48081 48087 48088 48094 48108
[4957] 48117 48124 48125 48133 48134 48142 48143 48145 48149 48153 48161 48200
[4969] 48208 48220 48221 48222 48232 48244 48250 48254 48256 48258 48262 48269
[4981] 48277 48278 48287 48288 48289 48290 48291 48314 48316 48317 48330 48331
[4993] 48345 48348 48359 48360 48389 48395 48396 48404 48406 48425 48432 48438
[5005] 48446 48453 48455 48467 48475 48479 48483 48487 48512 48514 48515 48520
[5017] 48524 48525 48532 48537 48552 48553 48556 48577 48579 48583 48584 48587
[5029] 48591 48592 48594 48599 48604 48620 48621 48632 48635 48639 48640 48645
[5041] 48646 48655 48665 48676 48680 48682 48698 48699 48701 48708 48715 48716
[5053] 48717 48720 48723 48725 48740 48758 48766 48773 48784 48798 48799 48806
[5065] 48812 48822 48834 48838 48843 48845 48847 48848 48873 48876 48893 48894
[5077] 48897 48901 48903 48905 48907 48916 48919 48929 48931 48942 48968 48969
[5089] 48989 48991 49009 49018 49020 49025 49033 49037 49061 49082 49083 49088
[5101] 49091 49099 49109 49110 49113 49118 49120 49132 49138 49139 49140 49144
[5113] 49145 49174 49176 49194 49202 49212 49228 49233 49256 49263 49274 49285
[5125] 49297 49303 49316 49320 49341 49342 49345 49347 49353 49366 49404 49414
[5137] 49424 49429 49443 49452 49462 49465 49474 49491 49498 49519 49524 49526
[5149] 49538 49554 49567 49568 49580 49602 49606 49610 49615 49626 49632 49646
[5161] 49678 49686 49701 49727 49728 49732 49739 49741 49774 49775 49798 49818
[5173] 49821 49833 49858 49862 49939 49941 49945 49950 49954 50009 50016 50042
[5185] 50046 50054 50071 50080 50103 50127 50133 50161 50172 50182 50200 50209
[5197] 50211 50268 50280 50315 50345 50356 50358 50367 50377 50381 50386 50412
[5209] 50420 50423 50427 50429 50437 50461 50471 50482 50497 50502 50510 50529
[5221] 50534 50539 50559 50565 50575 50620 50622 50627 50637 50645 50649 50678
[5233] 50681 50686 50698 50702 50725 50735 50736 50744 50746 50765 50774 50783
[5245] 50804 50810 50825 50830 50835 50837 50838 50853 50856 50932 50937 50938
[5257] 50955 50961 50965 50967 50978 50981 50999 51002 51007 51010 51016 51020
[5269] 51034 51041 51057 51101 51103 51108 51113 51152 51161 51162 51189 51197
[5281] 51223 51235 51254 51270 51272 51274 51275 51292 51300 51316 51317 51375
[5293] 51397 51412 51440 51461 51462 51463 51497 51531 51564 51582 51616 51620
[5305] 51622 51651 51664 51667 51703 51705 51742 51743 51746 51762 51773 51785
[5317] 51795 51808 51818 51824 51827 51845 51855 51860 51890 51904 51913 51915
[5329] 51935 51938 51996 52016 52029 52085 52104 52119 52120 52134
