
===========  xgbTree  ============

   [1]     1     4     5     6     7     8    11    14    16    19    21    24
  [13]    26    32    38    50    52    53    55    58    66    69    75    77
  [25]    83    84    86    87    90    93    98   102   103   112   118   122
  [37]   126   128   133   141   144   145   146   147   151   152   155   160
  [49]   164   166   174   176   179   182   187   194   202   204   208   209
  [61]   221   229   230   231   236   238   243   253   257   259   261   263
  [73]   280   283   286   289   293   296   298   299   300   303   314   322
  [85]   332   338   342   343   344   345   353   360   368   381   386   390
  [97]   391   394   398   402   403   406   412   415   420   424   429   432
 [109]   440   443   446   460   461   468   472   477   479   480   484   493
 [121]   496   498   499   500   502   505   509   510   513   516   517   521
 [133]   525   526   530   536   538   540   548   552   555   556   557   560
 [145]   568   570   579   582   585   586   597   599   613   633   634   635
 [157]   637   639   644   648   649   656   658   670   672   675   677   679
 [169]   683   687   694   697   705   708   714   718   719   722   733   737
 [181]   748   749   750   751   753   754   756   768   769   786   813   814
 [193]   816   818   821   826   828   831   833   842   852   869   874   878
 [205]   885   888   898   902   905   908   931   937   950   952   953   955
 [217]   956   961   963   965   967   973   983   984  1016  1019  1023  1026
 [229]  1047  1048  1050  1054  1060  1062  1064  1082  1083  1085  1090  1120
 [241]  1124  1130  1133  1139  1143  1155  1163  1169  1182  1191  1196  1205
 [253]  1215  1223  1236  1237  1241  1247  1248  1251  1252  1253  1258  1264
 [265]  1268  1269  1272  1275  1278  1279  1304  1306  1321  1326  1329  1337
 [277]  1362  1367  1370  1377  1378  1382  1393  1394  1399  1412  1415  1418
 [289]  1422  1430  1431  1433  1443  1455  1456  1460  1467  1469  1484  1497
 [301]  1506  1517  1519  1522  1526  1534  1536  1538  1540  1541  1558  1572
 [313]  1573  1584  1590  1597  1604  1607  1613  1618  1623  1629  1631  1636
 [325]  1637  1642  1650  1653  1689  1692  1706  1710  1730  1736  1743  1751
 [337]  1756  1762  1767  1772  1781  1784  1785  1786  1793  1794  1796  1797
 [349]  1798  1803  1813  1814  1818  1823  1845  1848  1858  1860  1861  1862
 [361]  1872  1874  1877  1880  1889  1893  1898  1909  1915  1919  1926  1932
 [373]  1937  1944  1947  1952  1971  1987  1998  2001  2003  2009  2014  2018
 [385]  2019  2039  2041  2045  2048  2049  2066  2079  2082  2096  2117  2125
 [397]  2161  2166  2170  2177  2184  2189  2190  2192  2195  2204  2206  2207
 [409]  2210  2232  2250  2269  2276  2280  2292  2293  2316  2319  2320  2325
 [421]  2340  2360  2389  2398  2399  2412  2415  2418  2425  2442  2444  2470
 [433]  2473  2475  2478  2501  2514  2534  2535  2544  2549  2550  2560  2573
 [445]  2582  2583  2585  2590  2610  2622  2625  2644  2655  2667  2669  2670
 [457]  2671  2684  2685  2688  2691  2708  2733  2735  2770  2805  2811  2816
 [469]  2819  2830  2834  2835  2836  2846  2847  2857  2859  2861  2862  2876
 [481]  2887  2898  2914  2917  2921  2936  2983  2984  2994  2997  3012  3048
 [493]  3051  3056  3059  3066  3068  3076  3084  3095  3101  3109  3142  3154
 [505]  3170  3176  3178  3180  3184  3226  3236  3239  3243  3250  3282  3298
 [517]  3337  3353  3357  3365  3375  3394  3396  3403  3418  3436  3446  3450
 [529]  3460  3463  3470  3491  3503  3509  3516  3521  3538  3545  3568  3588
 [541]  3604  3616  3626  3634  3657  3659  3688  3695  3719  3728  3741  3834
 [553]  3836  3845  3846  3862  3868  3905  3916  3951  3956  3997  4039  4069
 [565]  4088  4099  4113  4118  4124  4129  4131  4138  4153  4158  4165  4200
 [577]  4202  4221  4256  4262  4277  4281  4305  4320  4378  4383  4405  4415
 [589]  4416  4429  4459  4468  4474  4541  4559  4588  4598  4665  4673  4720
 [601]  4725  4733  4764  4770  4794  4820  4923  4960  4966  4974  4999  5027
 [613]  5050  5058  5066  5103  5121  5130  5142  5144  5145  5163  5199  5208
 [625]  5240  5248  5258  5284  5307  5328  5332  5338  5342  5355  5356  5358
 [637]  5370  5393  5426  5464  5476  5504  5551  5570  5572  5574  5601  5608
 [649]  5621  5626  5653  5702  5748  5769  5773  5799  5807  5829  5873  5908
 [661]  5925  5968  5979  5980  5987  6006  6018  6021  6036  6046  6047  6053
 [673]  6079  6081  6090  6096  6126  6143  6145  6149  6162  6163  6165  6172
 [685]  6175  6178  6187  6196  6219  6229  6238  6239  6280  6285  6287  6292
 [697]  6300  6307  6313  6354  6387  6396  6450  6455  6467  6500  6503  6513
 [709]  6522  6533  6539  6551  6562  6563  6567  6577  6617  6633  6635  6684
 [721]  6692  6709  6714  6724  6766  6775  6780  6804  6817  6839  6944  6962
 [733]  6966  6967  7018  7022  7090  7110  7120  7121  7129  7148  7153  7159
 [745]  7195  7198  7207  7214  7243  7244  7255  7256  7280  7284  7286  7295
 [757]  7323  7331  7341  7380  7402  7468  7486  7491  7542  7572  7585  7598
 [769]  7640  7699  7702  7710  7739  7740  7743  7744  7747  7760  7762  7767
 [781]  7772  7775  7780  7785  7786  7789  7796  7813  7817  7821  7829  7830
 [793]  7832  7842  7843  7855  7858  7862  7865  7869  7873  7888  7890  7892
 [805]  7894  7896  7897  7902  7903  7904  7907  7910  7915  7917  7918  7920
 [817]  7922  7923  7926  7928  7930  7934  7940  7957  7965  7966  7967  7974
 [829]  7978  7982  7987  8005  8011  8019  8020  8023  8028  8029  8033  8045
 [841]  8051  8052  8053  8055  8061  8062  8065  8069  8075  8086  8122  8129
 [853]  8140  8146  8148  8151  8193  8206  8209  8210  8211  8212  8215  8216
 [865]  8223  8234  8238  8241  8242  8265  8266  8275  8280  8284  8285  8287
 [877]  8292  8300  8304  8306  8318  8332  8333  8335  8343  8360  8362  8376
 [889]  8379  8389  8396  8400  8403  8408  8409  8419  8420  8424  8426  8434
 [901]  8435  8437  8454  8460  8462  8464  8466  8469  8472  8474  8481  8487
 [913]  8491  8492  8496  8497  8501  8508  8512  8513  8519  8523  8539  8545
 [925]  8552  8557  8558  8560  8563  8574  8579  8583  8607  8609  8617  8628
 [937]  8652  8673  8681  8688  8692  8695  8696  8714  8716  8718  8721  8735
 [949]  8741  8753  8754  8755  8757  8759  8763  8770  8787  8793  8796  8797
 [961]  8800  8802  8811  8827  8831  8832  8835  8838  8852  8856  8860  8871
 [973]  8878  8879  8883  8884  8902  8908  8911  8915  8916  8919  8955  8958
 [985]  8966  8969  8973  8974  8989  8990  8991  9001  9019  9021  9023  9040
 [997]  9055  9056  9068  9077  9103  9117  9126  9130  9137  9138  9158  9161
[1009]  9162  9163  9165  9166  9169  9179  9180  9185  9189  9193  9203  9206
[1021]  9218  9221  9225  9232  9234  9237  9243  9249  9255  9260  9265  9270
[1033]  9271  9273  9274  9280  9283  9285  9290  9304  9308  9314  9321  9329
[1045]  9338  9340  9351  9352  9360  9374  9388  9416  9417  9418  9420  9422
[1057]  9426  9429  9436  9441  9442  9449  9452  9466  9475  9479  9494  9507
[1069]  9508  9521  9526  9530  9548  9557  9560  9569  9570  9584  9591  9601
[1081]  9602  9604  9607  9619  9627  9645  9648  9651  9656  9658  9659  9660
[1093]  9664  9673  9677  9680  9682  9691  9701  9711  9726  9727  9729  9759
[1105]  9768  9771  9772  9773  9788  9795  9802  9815  9817  9818  9821  9824
[1117]  9826  9830  9835  9844  9858  9861  9883  9887  9913  9927  9929  9934
[1129]  9940  9944  9956  9957  9958  9978  9988  9989 10014 10028 10036 10042
[1141] 10043 10050 10065 10089 10096 10099 10111 10115 10130 10142 10147 10171
[1153] 10175 10176 10180 10202 10219 10224 10233 10236 10237 10241 10257 10284
[1165] 10291 10293 10303 10323 10340 10345 10379 10448 10451 10453 10482 10509
[1177] 10515 10527 10546 10547 10578 10581 10599 10607 10615 10629 10639 10640
[1189] 10646 10649 10650 10653 10675 10678 10681 10696 10698 10705 10716 10732
[1201] 10776 10782 10785 10792 10803 10814 10815 10862 10864 10865 10881 10887
[1213] 10889 10895 10900 10915 10929 10932 10935 10946 10948 10957 10997 11000
[1225] 11004 11014 11052 11071 11081 11083 11099 11102 11105 11115 11124 11149
[1237] 11160 11162 11182 11187 11189 11192 11194 11219 11221 11229 11244 11256
[1249] 11257 11302 11333 11372 11375 11376 11381 11401 11432 11449 11521 11544
[1261] 11559 11588 11599 11615 11616 11619 11625 11688 11690 11701 11705 11732
[1273] 11742 11777 11798 11799 11811 11867 11894 11898 11914 11930 11990 12026
[1285] 12087 12108 12123 12140 12151 12216 12226 12228 12242 12249 12264 12272
[1297] 12279 12294 12317 12352 12356 12360 12361 12378 12379 12413 12438 12445
[1309] 12455 12464 12480 12488 12495 12523 12548 12554 12564 12582 12591 12625
[1321] 12626 12630 12634 12648 12667 12711 12734 12767 12770 12784 12801 12803
[1333] 12805 12860 12915 12919 12926 12928 12936 12954 12959 12960 13001 13033
[1345] 13070 13076 13089 13124 13133 13145 13179 13189 13218 13273 13278 13292
[1357] 13321 13329 13337 13340 13381 13400 13592 13595 13604 13614 13636 13641
[1369] 13663 13666 13711 13713 13721 13870 13895 13908 13950 13974 13979 13994
[1381] 14046 14058 14065 14075 14090 14269 14278 14321 14324 14329 14344 14361
[1393] 14368 14371 14385 14403 14412 14416 14446 14487 14509 14532 14549 14553
[1405] 14590 14591 14596 14604 14639 14663 14666 14699 14700 14705 14731 14752
[1417] 14762 14790 14797 14819 14822 14836 14848 14855 14879 14890 14895 14927
[1429] 14936 14962 14991 15009 15024 15030 15034 15064 15074 15087 15095 15099
[1441] 15113 15124 15133 15136 15163 15165 15167 15187 15204 15210 15240 15246
[1453] 15250 15259 15267 15278 15289 15292 15368 15376 15386 15402 15408 15411
[1465] 15420 15455 15459 15462 15467 15478 15492 15552 15579 15617 15618 15650
[1477] 15653 15658 15666 15668 15671 15676 15677 15678 15680 15681 15683 15684
[1489] 15685 15687 15690 15700 15701 15704 15710 15712 15713 15716 15725 15726
[1501] 15737 15741 15743 15748 15756 15758 15762 15766 15773 15774 15777 15783
[1513] 15787 15791 15795 15797 15801 15805 15808 15811 15812 15813 15818 15821
[1525] 15822 15823 15825 15827 15835 15841 15848 15852 15858 15861 15864 15866
[1537] 15872 15882 15898 15900 15907 15910 15920 15921 15925 15933 15941 15942
[1549] 15945 15946 15950 15951 15955 15956 15968 15984 15988 15998 16000 16013
[1561] 16015 16016 16020 16024 16025 16029 16030 16038 16039 16047 16052 16054
[1573] 16065 16075 16080 16089 16093 16101 16102 16107 16113 16127 16129 16130
[1585] 16139 16143 16166 16167 16176 16180 16188 16191 16192 16195 16197 16200
[1597] 16202 16205 16210 16214 16215 16221 16222 16224 16229 16249 16253 16269
[1609] 16276 16279 16282 16287 16288 16290 16292 16296 16298 16314 16317 16322
[1621] 16329 16338 16347 16354 16356 16365 16374 16376 16386 16388 16400 16403
[1633] 16424 16428 16430 16433 16440 16448 16454 16460 16461 16463 16473 16474
[1645] 16475 16476 16478 16479 16492 16496 16505 16517 16523 16532 16533 16537
[1657] 16541 16549 16553 16570 16573 16590 16591 16596 16597 16601 16606 16613
[1669] 16614 16616 16638 16642 16644 16649 16655 16666 16667 16669 16672 16674
[1681] 16676 16685 16693 16695 16696 16716 16719 16725 16732 16738 16744 16745
[1693] 16752 16758 16769 16771 16784 16787 16788 16790 16793 16801 16806 16816
[1705] 16819 16824 16825 16828 16830 16834 16837 16843 16854 16855 16857 16861
[1717] 16867 16875 16876 16879 16898 16901 16907 16915 16917 16921 16923 16929
[1729] 16933 16952 16972 16974 16978 16983 16992 16994 16995 17002 17004 17008
[1741] 17011 17012 17014 17015 17016 17017 17024 17025 17026 17027 17030 17035
[1753] 17042 17073 17074 17077 17115 17120 17131 17136 17138 17148 17151 17152
[1765] 17163 17169 17185 17186 17223 17229 17232 17234 17241 17242 17247 17258
[1777] 17275 17282 17297 17309 17322 17327 17332 17338 17342 17347 17350 17357
[1789] 17361 17366 17370 17374 17409 17420 17422 17423 17428 17441 17442 17443
[1801] 17448 17468 17471 17480 17487 17489 17493 17494 17497 17508 17509 17519
[1813] 17526 17527 17532 17534 17539 17541 17548 17549 17556 17563 17564 17566
[1825] 17588 17599 17601 17617 17621 17622 17629 17638 17646 17657 17659 17661
[1837] 17667 17672 17674 17709 17722 17745 17748 17749 17752 17756 17775 17811
[1849] 17822 17825 17849 17850 17862 17867 17868 17871 17875 17903 17907 17922
[1861] 17955 17957 17958 17966 17968 18000 18004 18019 18029 18030 18042 18044
[1873] 18045 18047 18068 18073 18080 18103 18105 18119 18129 18131 18133 18140
[1885] 18154 18169 18173 18187 18209 18215 18234 18246 18248 18267 18270 18274
[1897] 18283 18296 18299 18309 18328 18332 18333 18336 18337 18344 18349 18356
[1909] 18369 18373 18384 18387 18394 18418 18424 18427 18429 18433 18451 18487
[1921] 18490 18495 18511 18514 18519 18535 18542 18557 18564 18581 18591 18600
[1933] 18601 18602 18609 18610 18611 18622 18630 18632 18653 18680 18687 18714
[1945] 18718 18728 18744 18764 18793 18806 18810 18830 18841 18842 18848 18871
[1957] 18882 18885 18893 18905 18908 18938 18948 18949 18951 18979 18997 19025
[1969] 19027 19039 19041 19098 19172 19185 19196 19224 19235 19238 19244 19258
[1981] 19262 19280 19298 19334 19351 19359 19365 19372 19374 19393 19434 19455
[1993] 19473 19484 19502 19503 19519 19560 19605 19617 19618 19624 19663 19694
[2005] 19702 19705 19715 19731 19738 19742 19795 19815 19818 19819 19893 19897
[2017] 19919 19940 19959 19968 19970 19978 20019 20025 20028 20041 20069 20090
[2029] 20102 20116 20123 20125 20129 20134 20140 20142 20146 20148 20156 20215
[2041] 20222 20267 20282 20293 20295 20303 20304 20348 20366 20368 20384 20385
[2053] 20386 20435 20459 20468 20471 20473 20475 20479 20484 20512 20528 20529
[2065] 20571 20573 20591 20605 20630 20657 20658 20661 20675 20679 20692 20723
[2077] 20748 20751 20758 20761 20767 20775 20800 20841 20849 20866 20909 20910
[2089] 20913 20933 20951 20986 21005 21014 21021 21030 21035 21045 21054 21109
[2101] 21111 21112 21139 21158 21170 21173 21174 21253 21266 21274 21358 21366
[2113] 21392 21409 21448 21480 21503 21518 21525 21530 21552 21559 21579 21588
[2125] 21599 21600 21635 21657 21691 21721 21743 21746 21751 21752 21766 21770
[2137] 21795 21796 21797 21831 21858 21864 21865 21884 21899 21910 21920 21933
[2149] 21942 21945 21953 22002 22008 22009 22039 22040 22051 22060 22064 22073
[2161] 22077 22090 22094 22096 22100 22115 22124 22134 22150 22163 22168 22172
[2173] 22184 22186 22202 22203 22208 22273 22294 22303 22311 22318 22324 22345
[2185] 22351 22354 22360 22371 22384 22444 22465 22482 22512 22517 22526 22531
[2197] 22554 22567 22570 22598 22620 22621 22662 22670 22707 22727 22733 22757
[2209] 22761 22766 22775 22781 22783 22794 22810 22848 22854 22873 22889 22890
[2221] 22900 22912 22921 22939 22970 23003 23034 23057 23062 23124 23126 23157
[2233] 23159 23170 23179 23234 23358 23407 23438 23457 23473 23477 23483 23484
[2245] 23487 23488 23495 23503 23513 23518 23526 23532 23543 23549 23550 23569
[2257] 23573 23576 23578 23579 23585 23587 23591 23595 23612 23625 23643 23659
[2269] 23660 23662 23664 23677 23681 23685 23689 23693 23695 23701 23706 23719
[2281] 23724 23730 23734 23746 23747 23750 23755 23756 23758 23764 23769 23775
[2293] 23778 23779 23780 23786 23787 23788 23791 23797 23800 23802 23813 23817
[2305] 23819 23820 23830 23831 23832 23834 23836 23837 23842 23844 23846 23850
[2317] 23855 23858 23871 23873 23877 23889 23893 23897 23913 23914 23919 23926
[2329] 23927 23932 23939 23941 23943 23944 23945 23948 23959 23966 23975 23983
[2341] 23987 23989 23993 23994 23995 24021 24027 24033 24037 24044 24046 24048
[2353] 24067 24084 24088 24091 24093 24094 24098 24099 24119 24124 24132 24144
[2365] 24149 24152 24154 24157 24159 24160 24161 24167 24172 24175 24176 24181
[2377] 24182 24184 24185 24189 24199 24201 24202 24207 24208 24211 24213 24222
[2389] 24223 24231 24235 24238 24275 24286 24314 24316 24320 24327 24331 24334
[2401] 24342 24345 24350 24357 24373 24387 24393 24394 24399 24406 24408 24411
[2413] 24413 24417 24418 24422 24424 24426 24429 24460 24464 24465 24480 24484
[2425] 24503 24504 24512 24539 24556 24557 24562 24565 24566 24583 24585 24587
[2437] 24591 24602 24603 24619 24624 24627 24658 24660 24677 24678 24687 24698
[2449] 24708 24718 24726 24742 24744 24748 24750 24753 24761 24763 24764 24769
[2461] 24782 24783 24790 24794 24795 24797 24814 24821 24829 24845 24854 24856
[2473] 24870 24884 24885 24888 24889 24898 24924 24928 24935 24936 24954 24956
[2485] 24959 24962 24969 24985 24986 24990 24992 24993 24995 25002 25003 25006
[2497] 25010 25016 25023 25026 25063 25066 25067 25080 25086 25094 25104 25106
[2509] 25107 25120 25123 25124 25128 25134 25145 25179 25191 25197 25203 25205
[2521] 25213 25248 25269 25270 25272 25277 25283 25285 25289 25298 25299 25316
[2533] 25323 25328 25331 25332 25337 25341 25357 25376 25377 25378 25381 25386
[2545] 25419 25425 25435 25445 25450 25485 25495 25513 25520 25542 25550 25564
[2557] 25575 25584 25585 25586 25588 25590 25599 25603 25604 25607 25608 25609
[2569] 25612 25620 25651 25663 25669 25676 25683 25685 25694 25695 25702 25719
[2581] 25735 25737 25746 25764 25783 25784 25789 25796 25800 25827 25845 25853
[2593] 25864 25880 25905 25918 25929 25932 25934 25937 25946 25947 25950 25953
[2605] 25956 25957 25978 26020 26057 26061 26070 26074 26075 26088 26092 26096
[2617] 26100 26120 26126 26132 26138 26156 26158 26165 26166 26173 26197 26198
[2629] 26209 26227 26241 26243 26244 26245 26251 26292 26317 26364 26374 26425
[2641] 26451 26452 26460 26462 26465 26477 26520 26525 26535 26537 26538 26558
[2653] 26567 26570 26576 26596 26605 26620 26637 26638 26641 26646 26648 26660
[2665] 26662 26670 26671 26678 26682 26685 26706 26709 26714 26726 26731 26784
[2677] 26813 26845 26866 26868 26876 26885 26892 26909 26923 26936 26942 26949
[2689] 26977 26982 26983 27005 27022 27041 27047 27055 27067 27069 27077 27078
[2701] 27081 27086 27089 27109 27115 27150 27177 27178 27192 27255 27289 27306
[2713] 27341 27355 27356 27360 27373 27375 27395 27399 27440 27493 27494 27509
[2725] 27513 27525 27556 27596 27600 27628 27644 27650 27675 27710 27728 27738
[2737] 27783 27791 27869 27871 27875 27899 27903 27927 27928 27934 27937 27956
[2749] 27966 27968 28020 28022 28056 28061 28086 28089 28152 28157 28159 28193
[2761] 28205 28209 28230 28267 28274 28280 28296 28320 28353 28359 28365 28367
[2773] 28371 28406 28426 28485 28506 28526 28529 28546 28570 28577 28581 28588
[2785] 28604 28608 28631 28640 28645 28649 28656 28663 28672 28677 28705 28720
[2797] 28736 28738 28772 28810 28815 28816 28875 28890 28892 28900 28906 28916
[2809] 28935 28966 28968 28986 28993 29019 29043 29075 29112 29124 29127 29141
[2821] 29254 29267 29291 29310 29334 29350 29367 29382 29476 29491 29523 29542
[2833] 29543 29544 29546 29558 29562 29580 29582 29603 29609 29614 29620 29622
[2845] 29642 29669 29706 29708 29733 29756 29770 29795 29810 29818 29822 29857
[2857] 29859 29868 29910 29912 29917 29924 29928 29934 29976 29989 29992 29994
[2869] 30001 30051 30068 30099 30102 30107 30117 30122 30156 30165 30205 30213
[2881] 30214 30235 30238 30246 30248 30256 30266 30269 30321 30326 30329 30342
[2893] 30387 30395 30404 30443 30459 30486 30513 30539 30543 30548 30552 30597
[2905] 30611 30612 30617 30623 30636 30641 30728 30732 30765 30776 30792 30796
[2917] 30800 30803 30819 30824 30825 30829 30831 30929 30951 30968 31002 31009
[2929] 31025 31047 31057 31077 31080 31095 31114 31115 31146 31158 31183 31185
[2941] 31206 31235 31240 31258 31272 31293 31308 31316 31327 31345 31357 31363
[2953] 31373 31377 31386 31391 31398 31401 31406 31408 31414 31419 31433 31438
[2965] 31443 31444 31449 31450 31458 31462 31471 31476 31485 31487 31488 31499
[2977] 31501 31502 31507 31510 31511 31518 31520 31524 31525 31528 31532 31545
[2989] 31546 31550 31574 31575 31577 31583 31591 31593 31596 31607 31609 31620
[3001] 31624 31626 31628 31634 31639 31641 31645 31647 31653 31660 31666 31668
[3013] 31674 31679 31684 31697 31699 31701 31703 31706 31718 31721 31726 31727
[3025] 31735 31739 31741 31743 31748 31756 31757 31759 31760 31765 31766 31779
[3037] 31783 31785 31790 31792 31800 31801 31806 31812 31813 31814 31815 31824
[3049] 31827 31829 31833 31835 31836 31838 31841 31843 31846 31857 31861 31882
[3061] 31888 31889 31907 31911 31923 31928 31930 31932 31944 31946 31948 31957
[3073] 31958 31960 31963 31970 31971 31978 31996 32001 32003 32009 32012 32016
[3085] 32028 32030 32032 32041 32062 32067 32086 32087 32092 32101 32106 32107
[3097] 32115 32122 32128 32130 32136 32137 32141 32154 32157 32158 32163 32171
[3109] 32172 32174 32183 32199 32220 32229 32230 32232 32233 32234 32236 32240
[3121] 32249 32253 32265 32266 32270 32278 32286 32290 32293 32297 32300 32302
[3133] 32308 32309 32317 32318 32322 32324 32325 32343 32362 32363 32372 32386
[3145] 32393 32396 32400 32404 32408 32417 32419 32424 32439 32444 32447 32457
[3157] 32461 32485 32488 32493 32497 32498 32509 32538 32544 32548 32554 32559
[3169] 32563 32587 32588 32605 32612 32616 32627 32628 32630 32634 32638 32640
[3181] 32645 32657 32669 32697 32704 32713 32714 32718 32719 32723 32738 32755
[3193] 32760 32778 32783 32791 32793 32794 32795 32808 32818 32819 32820 32831
[3205] 32833 32841 32852 32853 32854 32881 32890 32898 32907 32912 32913 32920
[3217] 32921 32922 32925 32931 32935 32939 32942 32973 32976 32978 32980 32982
[3229] 32998 33025 33030 33037 33046 33050 33061 33086 33096 33106 33119 33137
[3241] 33142 33144 33171 33182 33188 33190 33198 33206 33211 33212 33221 33232
[3253] 33235 33240 33241 33277 33281 33285 33287 33291 33295 33301 33304 33308
[3265] 33325 33326 33338 33346 33348 33349 33353 33374 33382 33386 33392 33399
[3277] 33414 33422 33429 33441 33464 33474 33475 33504 33522 33550 33555 33556
[3289] 33557 33568 33572 33604 33620 33625 33655 33659 33661 33688 33697 33704
[3301] 33725 33742 33752 33759 33764 33766 33767 33775 33785 33796 33802 33806
[3313] 33809 33810 33813 33825 33832 33842 33885 33887 33888 33890 33904 33908
[3325] 33927 33941 33947 33952 33958 33966 33972 34000 34002 34007 34042 34052
[3337] 34074 34075 34077 34079 34100 34102 34109 34126 34146 34168 34231 34238
[3349] 34245 34247 34256 34268 34327 34337 34359 34373 34387 34401 34403 34408
[3361] 34466 34470 34473 34477 34483 34493 34522 34541 34557 34560 34566 34590
[3373] 34592 34594 34606 34614 34644 34662 34665 34715 34724 34754 34763 34767
[3385] 34769 34789 34814 34823 34832 34841 34843 34856 34860 34862 34866 34874
[3397] 34899 34954 34978 34981 34995 35060 35080 35085 35102 35111 35139 35163
[3409] 35173 35174 35183 35213 35214 35284 35285 35298 35302 35319 35370 35378
[3421] 35380 35413 35452 35458 35508 35510 35556 35563 35585 35592 35593 35594
[3433] 35622 35662 35745 35766 35779 35792 35798 35840 35844 35846 35847 35853
[3445] 35878 35886 35888 35911 35915 35939 35952 35957 35959 35961 35967 35990
[3457] 36013 36019 36041 36077 36098 36100 36109 36131 36134 36140 36155 36175
[3469] 36178 36183 36206 36222 36232 36242 36251 36254 36267 36277 36283 36284
[3481] 36311 36326 36338 36346 36355 36358 36371 36374 36385 36419 36461 36471
[3493] 36473 36481 36489 36533 36560 36574 36633 36657 36670 36687 36704 36708
[3505] 36728 36732 36736 36769 36827 36828 36852 36876 36897 36975 37033 37039
[3517] 37067 37075 37104 37127 37155 37220 37274 37292 37311 37326 37339 37340
[3529] 37345 37355 37367 37372 37517 37523 37525 37533 37542 37549 37564 37588
[3541] 37592 37601 37609 37626 37634 37645 37648 37664 37706 37733 37789 37813
[3553] 37855 37878 37894 37981 37996 38003 38010 38020 38031 38033 38042 38067
[3565] 38100 38109 38124 38137 38140 38143 38156 38166 38216 38222 38237 38240
[3577] 38241 38320 38351 38377 38385 38390 38395 38448 38457 38469 38483 38489
[3589] 38493 38504 38547 38557 38584 38587 38599 38604 38608 38631 38638 38660
[3601] 38676 38678 38719 38834 38839 38860 38868 38879 38887 38898 38903 38910
[3613] 38937 38954 38964 38973 39035 39043 39057 39058 39075 39082 39095 39105
[3625] 39108 39123 39136 39140 39167 39178 39214 39237 39249 39260 39318 39322
[3637] 39379 39380 39388 39396 39432 39445 39450 39453 39455 39457 39459 39473
[3649] 39483 39485 39488 39507 39511 39515 39518 39523 39524 39535 39538 39542
[3661] 39551 39552 39554 39556 39557 39559 39567 39577 39578 39579 39600 39601
[3673] 39608 39611 39612 39613 39615 39625 39626 39629 39635 39637 39638 39643
[3685] 39644 39649 39661 39662 39687 39690 39692 39699 39706 39714 39715 39717
[3697] 39719 39724 39726 39734 39739 39740 39741 39742 39747 39748 39750 39752
[3709] 39753 39761 39773 39786 39797 39799 39804 39807 39816 39819 39820 39821
[3721] 39825 39829 39835 39840 39843 39845 39852 39866 39869 39870 39879 39889
[3733] 39896 39898 39900 39912 39916 39918 39924 39925 39929 39932 39935 39943
[3745] 39944 39952 39965 39967 39968 39971 39972 39977 39980 39989 39992 39993
[3757] 39994 40000 40003 40028 40039 40045 40048 40050 40051 40069 40070 40078
[3769] 40087 40088 40090 40094 40096 40101 40107 40108 40111 40112 40116 40118
[3781] 40120 40121 40126 40127 40135 40136 40138 40140 40146 40155 40165 40184
[3793] 40192 40200 40201 40206 40208 40211 40214 40217 40219 40220 40221 40225
[3805] 40226 40229 40234 40236 40239 40241 40242 40248 40252 40267 40270 40274
[3817] 40276 40277 40281 40283 40287 40289 40294 40295 40315 40319 40323 40328
[3829] 40334 40356 40369 40371 40378 40380 40386 40390 40392 40400 40402 40403
[3841] 40404 40411 40422 40428 40431 40433 40435 40440 40443 40445 40447 40449
[3853] 40453 40455 40463 40464 40465 40478 40479 40481 40500 40501 40508 40513
[3865] 40524 40528 40533 40539 40543 40559 40562 40563 40572 40574 40576 40584
[3877] 40585 40586 40591 40605 40610 40613 40626 40630 40632 40633 40636 40642
[3889] 40646 40650 40656 40664 40669 40678 40695 40701 40710 40714 40722 40723
[3901] 40728 40735 40744 40747 40760 40764 40771 40789 40795 40806 40816 40817
[3913] 40825 40837 40846 40852 40853 40858 40872 40873 40880 40898 40903 40906
[3925] 40916 40927 40932 40942 40944 40948 40954 40966 40977 40998 40999 41009
[3937] 41010 41012 41016 41017 41018 41028 41036 41046 41050 41060 41062 41067
[3949] 41090 41116 41118 41122 41126 41129 41140 41148 41152 41167 41168 41170
[3961] 41194 41200 41203 41213 41215 41218 41220 41224 41246 41249 41254 41255
[3973] 41262 41275 41289 41290 41291 41294 41297 41312 41328 41338 41346 41353
[3985] 41355 41357 41359 41376 41378 41380 41393 41401 41402 41409 41426 41441
[3997] 41450 41452 41459 41461 41474 41478 41480 41482 41484 41485 41508 41514
[4009] 41517 41519 41533 41554 41561 41563 41568 41571 41582 41604 41611 41634
[4021] 41638 41647 41671 41683 41686 41691 41694 41706 41712 41715 41760 41773
[4033] 41786 41788 41792 41852 41855 41865 41895 41903 41907 41921 41922 41939
[4045] 41940 41944 41952 41961 41971 41982 41983 41987 41993 42002 42019 42023
[4057] 42024 42036 42038 42050 42056 42077 42098 42110 42112 42118 42134 42135
[4069] 42154 42170 42178 42211 42214 42252 42259 42261 42264 42271 42280 42283
[4081] 42303 42310 42312 42333 42336 42381 42441 42443 42471 42476 42505 42506
[4093] 42512 42540 42545 42560 42567 42569 42595 42642 42645 42649 42652 42681
[4105] 42728 42729 42741 42755 42762 42766 42777 42817 42869 42872 42913 42937
[4117] 42939 42951 42964 42967 42969 42983 42984 43004 43047 43050 43052 43065
[4129] 43074 43099 43105 43132 43133 43144 43166 43168 43202 43207 43209 43220
[4141] 43225 43240 43247 43284 43310 43348 43353 43361 43363 43367 43372 43379
[4153] 43392 43393 43418 43423 43425 43438 43487 43495 43516 43533 43539 43553
[4165] 43566 43577 43579 43585 43613 43614 43621 43643 43649 43689 43697 43700
[4177] 43720 43723 43731 43734 43757 43842 43880 43885 43904 43910 43912 43929
[4189] 43933 43958 44026 44040 44109 44110 44144 44152 44212 44236 44256 44313
[4201] 44314 44343 44361 44400 44448 44486 44493 44516 44525 44560 44623 44633
[4213] 44643 44650 44657 44660 44673 44728 44741 44744 44749 44825 44842 44858
[4225] 44887 44919 44920 44922 44945 44948 44949 44955 44975 44989 44999 45009
[4237] 45037 45063 45084 45104 45126 45127 45136 45138 45146 45164 45172 45198
[4249] 45261 45265 45289 45353 45360 45409 45412 45423 45430 45454 45497 45502
[4261] 45512 45555 45559 45573 45605 45610 45622 45626 45662 45674 45676 45680
[4273] 45682 45690 45712 45717 45726 45762 45782 45783 45786 45806 45823 45833
[4285] 45851 45914 45934 45945 45948 45981 46018 46025 46029 46041 46064 46101
[4297] 46131 46141 46162 46164 46178 46180 46209 46212 46219 46221 46230 46233
[4309] 46242 46378 46403 46411 46426 46433 46446 46448 46472 46495 46502 46511
[4321] 46517 46520 46522 46524 46531 46557 46573 46581 46583 46630 46650 46659
[4333] 46662 46704 46721 46728 46731 46734 46748 46754 46762 46765 46769 46770
[4345] 46777 46792 46836 46843 46871 46901 46902 46909 46912 46944 46961 46965
[4357] 46982 46984 46986 46993 46998 47017 47030 47031 47046 47069 47097 47139
[4369] 47145 47159 47171 47172 47179 47183 47184 47193 47196 47206 47214 47218
[4381] 47220 47226 47242 47244 47250 47252 47255 47271 47273 47275 47280 47294
[4393] 47302 47303 47306 47319 47322 47326 47331 47338 47356 47374 47375 47378
[4405] 47380 47389 47397 47405 47410 47412 47421 47423 47425 47426 47430 47442
[4417] 47448 47449 47450 47453 47461 47466 47474 47477 47481 47489 47494 47498
[4429] 47502 47503 47509 47514 47527 47539 47555 47560 47561 47568 47569 47571
[4441] 47577 47587 47602 47606 47607 47608 47610 47611 47615 47619 47623 47625
[4453] 47630 47634 47635 47637 47641 47660 47663 47664 47665 47666 47685 47688
[4465] 47695 47696 47703 47711 47713 47719 47726 47750 47764 47765 47766 47769
[4477] 47781 47788 47793 47797 47800 47810 47812 47821 47834 47843 47845 47846
[4489] 47847 47852 47861 47865 47869 47872 47877 47894 47897 47906 47915 47919
[4501] 47923 47935 47943 47944 47945 47954 47958 47959 47965 47969 47974 47975
[4513] 47977 47985 47990 47991 48004 48007 48009 48015 48021 48023 48024 48046
[4525] 48047 48053 48057 48058 48062 48071 48075 48080 48087 48088 48094 48099
[4537] 48108 48117 48124 48125 48133 48134 48142 48143 48145 48149 48153 48208
[4549] 48209 48221 48238 48244 48250 48251 48254 48256 48257 48258 48269 48277
[4561] 48278 48288 48290 48291 48314 48316 48324 48331 48345 48348 48352 48360
[4573] 48389 48395 48396 48404 48406 48425 48432 48438 48440 48446 48453 48455
[4585] 48467 48475 48483 48487 48495 48510 48512 48514 48515 48520 48524 48532
[4597] 48537 48552 48553 48556 48577 48579 48584 48587 48592 48594 48600 48604
[4609] 48607 48620 48621 48635 48639 48645 48646 48655 48676 48680 48682 48699
[4621] 48701 48708 48716 48717 48723 48725 48751 48758 48762 48766 48773 48784
[4633] 48798 48799 48806 48822 48834 48838 48843 48845 48847 48848 48873 48876
[4645] 48893 48894 48897 48903 48905 48907 48912 48916 48919 48925 48929 48931
[4657] 48950 48968 48969 48982 48985 48989 49009 49018 49025 49028 49033 49037
[4669] 49082 49083 49084 49088 49109 49113 49118 49120 49132 49140 49144 49145
[4681] 49174 49176 49194 49202 49212 49228 49233 49263 49274 49285 49303 49316
[4693] 49320 49326 49342 49345 49347 49366 49394 49397 49408 49410 49422 49424
[4705] 49443 49452 49453 49462 49465 49474 49491 49498 49502 49519 49524 49554
[4717] 49564 49567 49568 49602 49615 49626 49632 49646 49701 49728 49732 49739
[4729] 49741 49774 49775 49798 49818 49821 49833 49862 49911 49921 49924 49941
[4741] 49945 49950 49951 49954 50012 50016 50042 50046 50054 50071 50080 50103
[4753] 50127 50133 50161 50172 50180 50182 50200 50209 50211 50230 50250 50252
[4765] 50268 50277 50315 50322 50345 50356 50367 50381 50402 50412 50413 50420
[4777] 50422 50423 50429 50437 50461 50482 50497 50510 50529 50539 50551 50559
[4789] 50565 50575 50602 50603 50605 50620 50622 50627 50637 50645 50678 50681
[4801] 50692 50725 50735 50736 50744 50746 50765 50774 50783 50804 50810 50824
[4813] 50825 50830 50835 50837 50838 50844 50853 50856 50861 50906 50937 50938
[4825] 50965 50967 50978 50981 50995 51002 51007 51010 51016 51020 51034 51041
[4837] 51057 51084 51101 51102 51103 51108 51113 51161 51189 51197 51253 51254
[4849] 51270 51272 51274 51275 51292 51300 51316 51317 51354 51380 51397 51440
[4861] 51461 51462 51463 51497 51531 51595 51616 51620 51622 51651 51664 51703
[4873] 51705 51746 51762 51773 51785 51795 51808 51818 51824 51827 51855 51890
[4885] 51904 51913 51915 51935 51938 52029 52031 52119 52120 52134 52135 52159
