
===========  gbm  ============

  [1]   16   18   19   32   42   79   82   86   88   93  104  110  112  120  153  177  204  221  223  231  234  237
 [23]  241  250  280  283  290  292  323  324  329  331  337  339  344  346  351  353  354  368  379  382  383  405
 [45]  410  414  416  417  433  445  448  451  456  459  488  502  521  529  535  538  544  549  550  554  556  557
 [67]  559  569  583  586  610  613  615  616  617  630  644  676  698  703  718  722  732  741  744  771  778  793
 [89]  794  795  803  814  840  862  890  894  942  961  977 1011 1017 1022 1027 1029 1064 1073 1079 1085 1092 1093
[111] 1094 1096 1100 1116 1126 1133 1154 1166 1174 1180 1196 1209 1227 1230 1233 1237 1242 1248 1254 1264 1295 1317
[133] 1319 1324 1340 1342 1351 1358 1365 1372 1383 1399 1406 1407 1410 1414 1418
