
===========  xgbTree  ============

  [1]   16   18   19   32   42   54   65   83   86   88   93  104  110  120  153  177  188
 [18]  204  221  223  231  234  237  250  280  283  287  290  292  323  324  329  331  337
 [35]  344  346  351  353  354  368  379  382  405  414  416  417  445  448  451  456  459
 [52]  488  502  521  529  535  538  544  549  554  556  557  559  562  569  583  586  610
 [69]  613  615  616  617  630  644  676  698  703  718  732  741  771  794  803  814  840
 [86]  862  890  942  961  977 1011 1017 1027 1029 1067 1073 1079 1085 1092 1093 1094 1096
[103] 1100 1116 1126 1133 1156 1166 1174 1180 1209 1227 1230 1233 1237 1242 1248 1254 1262
[120] 1264 1295 1317 1319 1324 1340 1342 1351 1358 1365 1372 1383 1399 1406 1407 1408 1410
[137] 1414 1418
