
===============================

Seed:
122
AdaBoost.M1_run# 7
AdaBoost.M1 

No pre-processing
Resampling: Cross-Validated (10 fold) 
Summary of sample sizes: 107614, 107613, 107614, 107613, 107612, 107612, ... 
Resampling results across tuning parameters:

  coeflearn  maxdepth  mfinal  ROC        Sens       Spec      
  Breiman    1          50     0.8131204  1.0000000  0.00000000
  Breiman    1         100     0.8170122  0.9972772  0.06093116
  Breiman    1         150     0.8192625  0.9952927  0.08458387
  Breiman    1         200     0.8199232  0.9942957  0.09414888
  Breiman    1         250     0.8188383  0.9964528  0.06807444
  Breiman    2          50     0.8177744  0.9850441  0.15337979
  Breiman    2         100     0.8203059  0.9822351  0.17912936
  Breiman    2         150     0.8202870  0.9842291  0.16248990
  Breiman    2         200     0.8211531  0.9824269  0.17631098
  Breiman    2         250     0.8215683  0.9820817  0.17801598
  Breiman    3          50     0.8192827  0.9793494  0.18600684
  Breiman    3         100     0.8210778  0.9802506  0.18495778
  Breiman    3         150     0.8217774  0.9823598  0.17349088
  Breiman    3         200     0.8225160  0.9814970  0.17991294
  Breiman    3         250     0.8227528  0.9815065  0.18024176
  Breiman    4          50     0.8211029  0.9810559  0.18403851
  Breiman    4         100     0.8217279  0.9819859  0.17905963
  Breiman    4         150     0.8223319  0.9823981  0.17676742
  Breiman    4         200     0.8224995  0.9831075  0.17349118
  Breiman    4         250     0.8228926  0.9835677  0.17126442
  Breiman    5          50     0.8197290  0.9782469  0.18901906
  Breiman    5         100     0.8201611  0.9785632  0.18842989
  Breiman    5         150     0.8203303  0.9788221  0.18685741
  Breiman    5         200     0.8205703  0.9790714  0.18646426
  Breiman    5         250     0.8207644  0.9793686  0.18561211
  Freund     1          50     0.8123950  0.9927906  0.09683418
  Freund     1         100     0.8160426  0.9928864  0.10279517
  Freund     1         150     0.8177322  0.9932220  0.09939061
  Freund     1         200     0.8183402  0.9927138  0.10640103
  Freund     1         250     0.8188050  0.9921769  0.11334725
  Freund     2          50     0.8171079  0.9834239  0.16589154
  Freund     2         100     0.8209029  0.9870191  0.14682774
  Freund     2         150     0.8223197  0.9851880  0.16222220
  Freund     2         200     0.8220760  0.9869999  0.14669192
  Freund     2         250     0.8220299  0.9851400  0.16320654
  Freund     3          50     0.8178257  0.9869136  0.14938134
  Freund     3         100     0.8202557  0.9897130  0.12940239
  Freund     3         150     0.8224732  0.9880449  0.14269956
  Freund     3         200     0.8234711  0.9880257  0.14531972
  Freund     3         250     0.8243163  0.9881216  0.14361540
  Freund     4          50     0.8179808  0.9847757  0.15599879
  Freund     4         100     0.8205340  0.9869328  0.14564476
  Freund     4         150     0.8220278  0.9865685  0.15324448
  Freund     4         200     0.8234351  0.9881983  0.14355232
  Freund     4         250     0.8239397  0.9872204  0.15213175
  Freund     5          50     0.8153272  0.9812381  0.17368722
  Freund     5         100     0.8165862  0.9811518  0.17604568
  Freund     5         150     0.8192994  0.9831267  0.17014954
  Freund     5         200     0.8211318  0.9834239  0.16857680
  Freund     5         250     0.8218228  0.9839129  0.16628567
  Zhu        1          50     0.8131237  0.9933466  0.09532822
  Zhu        1         100     0.8156790  0.9943916  0.08720622
  Zhu        1         150     0.8176396  0.9924070  0.10790704
  Zhu        1         200     0.8179083  0.9930110  0.10758046
  Zhu        1         250     0.8187400  0.9927714  0.10731748
  Zhu        2          50     0.8176600  0.9825803  0.17231292
  Zhu        2         100     0.8195777  0.9853317  0.16084867
  Zhu        2         150     0.8204428  0.9855235  0.15921105
  Zhu        2         200     0.8211523  0.9853797  0.16032365
  Zhu        2         250     0.8220040  0.9860220  0.15861994
  Zhu        3          50     0.8193994  0.9855906  0.15547214
  Zhu        3         100     0.8216819  0.9866452  0.15042846
  Zhu        3         150     0.8223938  0.9876327  0.14276380
  Zhu        3         200     0.8237365  0.9873930  0.14911935
  Zhu        3         250     0.8242169  0.9874505  0.14721646
  Zhu        4          50     0.8189764  0.9853893  0.15364063
  Zhu        4         100     0.8213774  0.9865013  0.14774354
  Zhu        4         150     0.8224100  0.9869712  0.14833019
  Zhu        4         200     0.8227887  0.9877765  0.14492538
  Zhu        4         250     0.8235920  0.9890419  0.13568583
  Zhu        5          50     0.8146067  0.9801547  0.18024047
  Zhu        5         100     0.8171825  0.9825610  0.16719898
  Zhu        5         150     0.8199359  0.9834719  0.16333635
  Zhu        5         200     0.8221469  0.9836061  0.16936309
  Zhu        5         250     0.8230945  0.9839416  0.16707088

ROC was used to select the optimal model using  the largest value.
The final values used for the model were mfinal = 250, maxdepth = 3
 and coeflearn = Freund. 

Elapsed time
Time difference of 11.65871 hours

Highest ROC value:
   TrainROC TrainSens TrainSpec      method
1 0.8243163 0.9881216 0.1436154 AdaBoost.M1

Confusion Matrix:

       reference
data    False  True
  False 43884  5426
  True    819  1114

F-measure = 0.933573016497718

G-mean = 0.408920129569685

Matthews phi = NA

Balance = 0.413196217031708
