
                    mean     m - s     m + s
xgbTree        0.8493471 0.8318920 0.8668022
gbm            0.8311709 0.8131136 0.8492282
pcaNNet        0.8275358 0.8151756 0.8398960
earth          0.8271421 0.8147284 0.8395559
gamboost       0.8234018 0.8058943 0.8409093
nnet           0.8182975 0.8067734 0.8298217
LMT            0.8162975 0.8006699 0.8319251
avNNet         0.8152975 0.8065211 0.8240740
C5.0           0.8123805 0.8007324 0.8240285
AdaBoost.M1    0.8123058 0.8009593 0.8236524
multinom       0.8073537 0.7779021 0.8368053
rf             0.8064757 0.7844761 0.8284753
lda2           0.7998454 0.7679281 0.8317626
mlpWeightDecay 0.7993013 0.7621840 0.8364187
glm            0.7932571 0.7805634 0.8059509
nb             0.7880246 0.7690441 0.8070051
mlp            0.7862086 0.7765988 0.7958184
fda            0.7828436 0.7590703 0.8066170
pda            0.7778436 0.7560474 0.7996399
knn            0.7627876 0.7496622 0.7759130
LogitBoost     0.7395778 0.7284116 0.7507440
treebag        0.7297960 0.6833118 0.7762801
J48            0.7121135 0.6923193 0.7319076
rpart          0.7117373 0.7045373 0.7189374
svmLinear      0.6437010 0.6231777 0.6642243
JRip           0.5940794 0.5530340 0.6351248

                    mean     m - s     m + s
xgbTree        0.9493471 0.9318920 0.9668022
gbm            0.8311709 0.8131136 0.8492282
pcaNNet        0.8275358 0.8151756 0.8398960
earth          0.8271421 0.8147284 0.8395559
gamboost       0.8234018 0.8058943 0.8409093
nnet           0.8182975 0.8067734 0.8298217
LMT            0.8162975 0.8006699 0.8319251
avNNet         0.8152975 0.8065211 0.8240740
C5.0           0.8123805 0.8007324 0.8240285
AdaBoost.M1    0.8123058 0.8009593 0.8236524
multinom       0.8073537 0.7779021 0.8368053
rf             0.8064757 0.7844761 0.8284753
lda2           0.7998454 0.7679281 0.8317626
mlpWeightDecay 0.7993013 0.7621840 0.8364187
glm            0.7932571 0.7805634 0.8059509
nb             0.7880246 0.7690441 0.8070051
mlp            0.7862086 0.7765988 0.7958184
fda            0.7828436 0.7590703 0.8066170
pda            0.7778436 0.7560474 0.7996399
knn            0.7627876 0.7496622 0.7759130
LogitBoost     0.7395778 0.7284116 0.7507440
treebag        0.7297960 0.6833118 0.7762801
J48            0.7121135 0.6923193 0.7319076
rpart          0.7117373 0.7045373 0.7189374
svmLinear      0.6437010 0.6231777 0.6642243
JRip           0.5940794 0.5530340 0.6351248

                    mean     m - s     m + s
xgbTree        0.9393471 0.9181852 0.9605090
gbm            0.8311709 0.8131136 0.8492282
pcaNNet        0.8275358 0.8151756 0.8398960
earth          0.8271421 0.8147284 0.8395559
gamboost       0.8234018 0.8058943 0.8409093
nnet           0.8182975 0.8067734 0.8298217
LMT            0.8162975 0.8006699 0.8319251
avNNet         0.8152975 0.8065211 0.8240740
C5.0           0.8123805 0.8007324 0.8240285
AdaBoost.M1    0.8123058 0.8009593 0.8236524
multinom       0.8073537 0.7779021 0.8368053
rf             0.8064757 0.7844761 0.8284753
lda2           0.7998454 0.7679281 0.8317626
mlpWeightDecay 0.7993013 0.7621840 0.8364187
glm            0.7932571 0.7805634 0.8059509
nb             0.7880246 0.7690441 0.8070051
mlp            0.7862086 0.7765988 0.7958184
fda            0.7828436 0.7590703 0.8066170
pda            0.7778436 0.7560474 0.7996399
knn            0.7627876 0.7496622 0.7759130
LogitBoost     0.7395778 0.7284116 0.7507440
treebag        0.7297960 0.6833118 0.7762801
J48            0.7121135 0.6923193 0.7319076
rpart          0.7117373 0.7045373 0.7189374
svmLinear      0.6437010 0.6231777 0.6642243
JRip           0.5940794 0.5530340 0.6351248

                    mean     m - s     m + s
xgbTree        0.9293471 0.9096159 0.9490782
gbm            0.8311709 0.8131136 0.8492282
pcaNNet        0.8275358 0.8151756 0.8398960
earth          0.8271421 0.8147284 0.8395559
gamboost       0.8234018 0.8058943 0.8409093
nnet           0.8182975 0.8067734 0.8298217
LMT            0.8162975 0.8006699 0.8319251
avNNet         0.8152975 0.8065211 0.8240740
C5.0           0.8123805 0.8007324 0.8240285
AdaBoost.M1    0.8123058 0.8009593 0.8236524
multinom       0.8073537 0.7779021 0.8368053
rf             0.8064757 0.7844761 0.8284753
lda2           0.7998454 0.7679281 0.8317626
mlpWeightDecay 0.7993013 0.7621840 0.8364187
glm            0.7932571 0.7805634 0.8059509
nb             0.7880246 0.7690441 0.8070051
mlp            0.7862086 0.7765988 0.7958184
fda            0.7828436 0.7590703 0.8066170
pda            0.7778436 0.7560474 0.7996399
knn            0.7627876 0.7496622 0.7759130
LogitBoost     0.7395778 0.7284116 0.7507440
treebag        0.7297960 0.6833118 0.7762801
J48            0.7121135 0.6923193 0.7319076
rpart          0.7117373 0.7045373 0.7189374
svmLinear      0.6437010 0.6231777 0.6642243
JRip           0.5940794 0.5530340 0.6351248

                    mean     m - s     m + s
xgbTree        0.9293471 0.9096159 0.9490782
gbm            0.8311709 0.8131136 0.8492282
pcaNNet        0.8275358 0.8151756 0.8398960
earth          0.8271421 0.8147284 0.8395559
gamboost       0.8234018 0.8058943 0.8409093
nnet           0.8182975 0.8067734 0.8298217
LMT            0.8162975 0.8006699 0.8319251
avNNet         0.8152975 0.8065211 0.8240740
C5.0           0.8123805 0.8007324 0.8240285
AdaBoost.M1    0.8123058 0.8009593 0.8236524
multinom       0.8073537 0.7779021 0.8368053
rf             0.8064757 0.7844761 0.8284753
lda2           0.7998454 0.7679281 0.8317626
mlpWeightDecay 0.7993013 0.7621840 0.8364187
glm            0.7932571 0.7805634 0.8059509
nb             0.7880246 0.7690441 0.8070051
mlp            0.7862086 0.7765988 0.7958184
fda            0.7828436 0.7590703 0.8066170
pda            0.7778436 0.7560474 0.7996399
knn            0.7627876 0.7496622 0.7759130
LogitBoost     0.7395778 0.7284116 0.7507440
treebag        0.7297960 0.6833118 0.7762801
J48            0.7121135 0.6923193 0.7319076
rpart          0.7117373 0.7045373 0.7189374
svmLinear      0.6437010 0.6231777 0.6642243
JRip           0.5940794 0.5530340 0.6351248

                    mean     m - s     m + s
xgbTree        0.9146604 0.8906644 0.9386564
gbm            0.8311709 0.8131136 0.8492282
pcaNNet        0.8275358 0.8151756 0.8398960
earth          0.8271421 0.8147284 0.8395559
gamboost       0.8234018 0.8058943 0.8409093
nnet           0.8182975 0.8067734 0.8298217
LMT            0.8162975 0.8006699 0.8319251
avNNet         0.8152975 0.8065211 0.8240740
C5.0           0.8123805 0.8007324 0.8240285
AdaBoost.M1    0.8123058 0.8009593 0.8236524
multinom       0.8073537 0.7779021 0.8368053
rf             0.8064757 0.7844761 0.8284753
lda2           0.7998454 0.7679281 0.8317626
mlpWeightDecay 0.7993013 0.7621840 0.8364187
glm            0.7932571 0.7805634 0.8059509
nb             0.7880246 0.7690441 0.8070051
mlp            0.7862086 0.7765988 0.7958184
fda            0.7828436 0.7590703 0.8066170
pda            0.7778436 0.7560474 0.7996399
knn            0.7627876 0.7496622 0.7759130
LogitBoost     0.7395778 0.7284116 0.7507440
treebag        0.7297960 0.6833118 0.7762801
J48            0.7121135 0.6923193 0.7319076
rpart          0.7117373 0.7045373 0.7189374
svmLinear      0.6437010 0.6231777 0.6642243
JRip           0.5940794 0.5530340 0.6351248

                    mean     m - s     m + s
xgbTree        0.9146604 0.8906644 0.9386564
gbm            0.8691385 0.8273600 0.9109170
pcaNNet        0.8275358 0.8151756 0.8398960
earth          0.8271421 0.8147284 0.8395559
gamboost       0.8234018 0.8058943 0.8409093
nnet           0.8182975 0.8067734 0.8298217
LMT            0.8162975 0.8006699 0.8319251
avNNet         0.8152975 0.8065211 0.8240740
C5.0           0.8123805 0.8007324 0.8240285
AdaBoost.M1    0.8123058 0.8009593 0.8236524
multinom       0.8073537 0.7779021 0.8368053
rf             0.8064757 0.7844761 0.8284753
lda2           0.7998454 0.7679281 0.8317626
mlpWeightDecay 0.7993013 0.7621840 0.8364187
glm            0.7932571 0.7805634 0.8059509
nb             0.7880246 0.7690441 0.8070051
mlp            0.7862086 0.7765988 0.7958184
fda            0.7828436 0.7590703 0.8066170
pda            0.7778436 0.7560474 0.7996399
knn            0.7627876 0.7496622 0.7759130
LogitBoost     0.7395778 0.7284116 0.7507440
treebag        0.7297960 0.6833118 0.7762801
J48            0.7121135 0.6923193 0.7319076
rpart          0.7117373 0.7045373 0.7189374
svmLinear      0.6437010 0.6231777 0.6642243
JRip           0.5940794 0.5530340 0.6351248

                    mean     m - s     m + s
xgbTree        0.9146604 0.8906644 0.9386564
gbm            0.8801385 0.8404210 0.9198560
pcaNNet        0.8275358 0.8151756 0.8398960
earth          0.8271421 0.8147284 0.8395559
gamboost       0.8234018 0.8058943 0.8409093
nnet           0.8182975 0.8067734 0.8298217
LMT            0.8162975 0.8006699 0.8319251
avNNet         0.8152975 0.8065211 0.8240740
C5.0           0.8123805 0.8007324 0.8240285
AdaBoost.M1    0.8123058 0.8009593 0.8236524
multinom       0.8073537 0.7779021 0.8368053
rf             0.8064757 0.7844761 0.8284753
lda2           0.7998454 0.7679281 0.8317626
mlpWeightDecay 0.7993013 0.7621840 0.8364187
glm            0.7932571 0.7805634 0.8059509
nb             0.7880246 0.7690441 0.8070051
mlp            0.7862086 0.7765988 0.7958184
fda            0.7828436 0.7590703 0.8066170
pda            0.7778436 0.7560474 0.7996399
knn            0.7627876 0.7496622 0.7759130
LogitBoost     0.7395778 0.7284116 0.7507440
treebag        0.7297960 0.6833118 0.7762801
J48            0.7121135 0.6923193 0.7319076
rpart          0.7117373 0.7045373 0.7189374
svmLinear      0.6437010 0.6231777 0.6642243
JRip           0.5940794 0.5530340 0.6351248

                    mean     m - s     m + s
xgbTree        0.9146604 0.8906644 0.9386564
gbm            0.8881385 0.8526451 0.9236319
pcaNNet        0.8275358 0.8151756 0.8398960
earth          0.8271421 0.8147284 0.8395559
gamboost       0.8234018 0.8058943 0.8409093
nnet           0.8182975 0.8067734 0.8298217
LMT            0.8162975 0.8006699 0.8319251
avNNet         0.8152975 0.8065211 0.8240740
C5.0           0.8123805 0.8007324 0.8240285
AdaBoost.M1    0.8123058 0.8009593 0.8236524
multinom       0.8073537 0.7779021 0.8368053
rf             0.8064757 0.7844761 0.8284753
lda2           0.7998454 0.7679281 0.8317626
mlpWeightDecay 0.7993013 0.7621840 0.8364187
glm            0.7932571 0.7805634 0.8059509
nb             0.7880246 0.7690441 0.8070051
mlp            0.7862086 0.7765988 0.7958184
fda            0.7828436 0.7590703 0.8066170
pda            0.7778436 0.7560474 0.7996399
knn            0.7627876 0.7496622 0.7759130
LogitBoost     0.7395778 0.7284116 0.7507440
treebag        0.7297960 0.6833118 0.7762801
J48            0.7121135 0.6923193 0.7319076
rpart          0.7117373 0.7045373 0.7189374
svmLinear      0.6437010 0.6231777 0.6642243
JRip           0.5940794 0.5530340 0.6351248

                    mean     m - s     m + s
xgbTree        0.9146604 0.8906644 0.9386564
gbm            0.8890151 0.8522535 0.9257767
pcaNNet        0.8275358 0.8151756 0.8398960
earth          0.8271421 0.8147284 0.8395559
gamboost       0.8234018 0.8058943 0.8409093
nnet           0.8182975 0.8067734 0.8298217
LMT            0.8162975 0.8006699 0.8319251
avNNet         0.8152975 0.8065211 0.8240740
C5.0           0.8123805 0.8007324 0.8240285
AdaBoost.M1    0.8123058 0.8009593 0.8236524
multinom       0.8073537 0.7779021 0.8368053
rf             0.8064757 0.7844761 0.8284753
lda2           0.7998454 0.7679281 0.8317626
mlpWeightDecay 0.7993013 0.7621840 0.8364187
glm            0.7932571 0.7805634 0.8059509
nb             0.7880246 0.7690441 0.8070051
mlp            0.7862086 0.7765988 0.7958184
fda            0.7828436 0.7590703 0.8066170
pda            0.7778436 0.7560474 0.7996399
knn            0.7627876 0.7496622 0.7759130
LogitBoost     0.7395778 0.7284116 0.7507440
treebag        0.7297960 0.6833118 0.7762801
J48            0.7121135 0.6923193 0.7319076
rpart          0.7117373 0.7045373 0.7189374
svmLinear      0.6437010 0.6231777 0.6642243
JRip           0.5940794 0.5530340 0.6351248

                    mean     m - s     m + s
xgbTree        0.9146604 0.8906644 0.9386564
pcaNNet        0.9061727 0.8775158 0.9348296
gbm            0.8890151 0.8522535 0.9257767
earth          0.8271421 0.8147284 0.8395559
gamboost       0.8234018 0.8058943 0.8409093
nnet           0.8182975 0.8067734 0.8298217
LMT            0.8162975 0.8006699 0.8319251
avNNet         0.8152975 0.8065211 0.8240740
C5.0           0.8123805 0.8007324 0.8240285
AdaBoost.M1    0.8123058 0.8009593 0.8236524
multinom       0.8073537 0.7779021 0.8368053
rf             0.8064757 0.7844761 0.8284753
lda2           0.7998454 0.7679281 0.8317626
mlpWeightDecay 0.7993013 0.7621840 0.8364187
glm            0.7932571 0.7805634 0.8059509
nb             0.7880246 0.7690441 0.8070051
mlp            0.7862086 0.7765988 0.7958184
fda            0.7828436 0.7590703 0.8066170
pda            0.7778436 0.7560474 0.7996399
knn            0.7627876 0.7496622 0.7759130
LogitBoost     0.7395778 0.7284116 0.7507440
treebag        0.7297960 0.6833118 0.7762801
J48            0.7121135 0.6923193 0.7319076
rpart          0.7117373 0.7045373 0.7189374
svmLinear      0.6437010 0.6231777 0.6642243
JRip           0.5940794 0.5530340 0.6351248

                    mean     m - s     m + s
xgbTree        0.9146604 0.8906644 0.9386564
pcaNNet        0.9081727 0.8801077 0.9362377
earth          0.9061727 0.8777145 0.9346309
gbm            0.8890151 0.8522535 0.9257767
gamboost       0.8234018 0.8058943 0.8409093
nnet           0.8182975 0.8067734 0.8298217
LMT            0.8162975 0.8006699 0.8319251
avNNet         0.8152975 0.8065211 0.8240740
C5.0           0.8123805 0.8007324 0.8240285
AdaBoost.M1    0.8123058 0.8009593 0.8236524
multinom       0.8073537 0.7779021 0.8368053
rf             0.8064757 0.7844761 0.8284753
lda2           0.7998454 0.7679281 0.8317626
mlpWeightDecay 0.7993013 0.7621840 0.8364187
glm            0.7932571 0.7805634 0.8059509
nb             0.7880246 0.7690441 0.8070051
mlp            0.7862086 0.7765988 0.7958184
fda            0.7828436 0.7590703 0.8066170
pda            0.7778436 0.7560474 0.7996399
knn            0.7627876 0.7496622 0.7759130
LogitBoost     0.7395778 0.7284116 0.7507440
treebag        0.7297960 0.6833118 0.7762801
J48            0.7121135 0.6923193 0.7319076
rpart          0.7117373 0.7045373 0.7189374
svmLinear      0.6437010 0.6231777 0.6642243
JRip           0.5940794 0.5530340 0.6351248

                    mean     m - s     m + s
xgbTree        0.9146604 0.8906644 0.9386564
pcaNNet        0.9081727 0.8801077 0.9362377
earth          0.9061727 0.8777145 0.9346309
gbm            0.8890151 0.8522535 0.9257767
gamboost       0.8324018 0.8041501 0.8606535
nnet           0.8182975 0.8067734 0.8298217
LMT            0.8162975 0.8006699 0.8319251
avNNet         0.8152975 0.8065211 0.8240740
C5.0           0.8123805 0.8007324 0.8240285
AdaBoost.M1    0.8123058 0.8009593 0.8236524
multinom       0.8073537 0.7779021 0.8368053
rf             0.8064757 0.7844761 0.8284753
lda2           0.7998454 0.7679281 0.8317626
mlpWeightDecay 0.7993013 0.7621840 0.8364187
glm            0.7932571 0.7805634 0.8059509
nb             0.7880246 0.7690441 0.8070051
mlp            0.7862086 0.7765988 0.7958184
fda            0.7828436 0.7590703 0.8066170
pda            0.7778436 0.7560474 0.7996399
knn            0.7627876 0.7496622 0.7759130
LogitBoost     0.7395778 0.7284116 0.7507440
treebag        0.7297960 0.6833118 0.7762801
J48            0.7121135 0.6923193 0.7319076
rpart          0.7117373 0.7045373 0.7189374
svmLinear      0.6437010 0.6231777 0.6642243
JRip           0.5940794 0.5530340 0.6351248
