
===========  gbm  ============

   [1]     1     2     3     6    12    14    15    19    24    48    53
  [12]    58    70    77    78    79    83    84   102   103   106   122
  [23]   126   127   130   134   137   142   143   151   157   166   180
  [34]   181   184   188   190   194   204   205   219   220   221   222
  [45]   223   237   244   249   255   260   275   276   277   283   286
  [56]   287   293   296   303   304   306   307   310   317   341   346
  [67]   352   355   356   363   368   374   375   379   383   384   393
  [78]   394   398   401   410   411   414   416   422   428   430   432
  [89]   434   437   441   442   443   449   455   457   462   464   466
 [100]   469   471   474   476   483   486   491   494   496   520   522
 [111]   524   527   531   538   552   553   557   560   566   569   571
 [122]   576   594   595   600   613   614   643   644   645   650   662
 [133]   664   665   666   677   691   699   702   708   709   710   711
 [144]   723   748   749   753   758   762   768   775   778   782   790
 [155]   795   798   812   814   816   824   826   828   830   836   841
 [166]   846   848   850   853   854   855   857   866   876   895   896
 [177]   899   902   910   914   915   922   927   931   940   948   949
 [188]   950   952   960   961   972   973   978   979   980   981   983
 [199]   987   988   990   993   994   995  1003  1005  1007  1012  1013
 [210]  1018  1029  1036  1041  1042  1051  1058  1087  1102  1119  1121
 [221]  1128  1139  1143  1148  1153  1156  1172  1175  1181  1189  1191
 [232]  1197  1218  1223  1246  1259  1261  1315  1334  1360  1382  1399
 [243]  1404  1414  1428  1441  1445  1451  1460  1470  1472  1477  1483
 [254]  1484  1487  1502  1509  1511  1522  1524  1540  1544  1550  1560
 [265]  1561  1563  1569  1570  1576  1582  1589  1593  1596  1601  1603
 [276]  1621  1627  1631  1633  1636  1653  1690  1691  1726  1727  1734
 [287]  1735  1737  1739  1749  1750  1758  1759  1760  1762  1765  1774
 [298]  1784  1810  1812  1813  1815  1817  1821  1822  1823  1838  1841
 [309]  1844  1853  1861  1862  1864  1870  1872  1884  1892  1901  1906
 [320]  1909  1910  1911  1914  1923  1924  1926  1932  1946  1947  1953
 [331]  1954  1960  1962  1967  1970  1971  1972  1974  1976  1977  1978
 [342]  1981  1986  1991  1995  2000  2004  2005  2012  2017  2019  2021
 [353]  2023  2038  2039  2040  2053  2064  2070  2076  2079  2081  2087
 [364]  2090  2102  2117  2119  2120  2123  2124  2127  2128  2129  2144
 [375]  2148  2160  2165  2169  2172  2173  2175  2186  2203  2205  2217
 [386]  2224  2226  2227  2228  2231  2234  2240  2246  2268  2279  2335
 [397]  2341  2345  2363  2402  2408  2420  2432  2437  2441  2452  2453
 [408]  2460  2462  2474  2493  2496  2501  2509  2511  2516  2527  2537
 [419]  2561  2563  2582  2586  2597  2599  2602  2608  2616  2617  2620
 [430]  2627  2630  2639  2650  2651  2656  2658  2667  2691  2705  2707
 [441]  2710  2715  2731  2741  2772  2776  2786  2792  2800  2804  2805
 [452]  2808  2811  2820  2822  2828  2845  2854  2861  2865  2869  2872
 [463]  2873  2875  2881  2883  2890  2904  2937  2939  2942  2950  2955
 [474]  2956  2963  2967  2970  2977  2978  2979  2989  2992  3005  3006
 [485]  3010  3013  3023  3025  3027  3030  3031  3045  3046  3047  3052
 [496]  3059  3063  3064  3065  3067  3070  3072  3075  3079  3080  3082
 [507]  3084  3089  3099  3102  3105  3112  3120  3122  3124  3128  3131
 [518]  3134  3149  3152  3154  3156  3162  3164  3167  3169  3170  3176
 [529]  3178  3179  3182  3188  3191  3195  3199  3201  3203  3213  3214
 [540]  3217  3218  3219  3220  3224  3232  3257  3273  3285  3292  3297
 [551]  3305  3309  3312  3313  3314  3319  3323  3324  3332  3334  3338
 [562]  3340  3353  3355  3356  3358  3361  3362  3364  3383  3384  3388
 [573]  3401  3402  3403  3404  3405  3412  3413  3421  3428  3440  3441
 [584]  3442  3447  3453  3454  3458  3462  3466  3470  3471  3476  3477
 [595]  3483  3485  3488  3490  3491  3502  3506  3508  3509  3510  3521
 [606]  3522  3531  3537  3538  3541  3542  3546  3562  3567  3577  3581
 [617]  3596  3597  3598  3601  3603  3607  3615  3616  3620  3637  3638
 [628]  3640  3667  3674  3677  3685  3690  3692  3695  3705  3713  3714
 [639]  3717  3720  3724  3737  3743  3748  3749  3751  3762  3767  3778
 [650]  3789  3795  3799  3809  3818  3820  3822  3826  3850  3853  3860
 [661]  3873  3875  3876  3887  3889  3891  3894  3896  3898  3913  3930
 [672]  3932  3943  3955  3961  3962  3965  3968  3972  3978  3982  3987
 [683]  3990  3991  3992  4000  4018  4019  4034  4038  4041  4052  4079
 [694]  4085  4096  4100  4102  4119  4121  4122  4146  4148  4149  4160
 [705]  4166  4173  4190  4196  4199  4200  4202  4215  4219  4253  4254
 [716]  4259  4265  4277  4281  4287  4297  4302  4303  4306  4308  4314
 [727]  4322  4327  4328  4338  4340  4364  4367  4372  4375  4379  4382
 [738]  4390  4392  4410  4422  4432  4446  4452  4474  4479  4491  4494
 [749]  4495  4501  4505  4506  4514  4516  4540  4541  4544  4547  4549
 [760]  4556  4570  4571  4576  4577  4582  4585  4611  4612  4625  4626
 [771]  4631  4635  4636  4646  4650  4651  4653  4660  4670  4682  4686
 [782]  4698  4705  4707  4710  4711  4712  4716  4717  4722  4725  4726
 [793]  4731  4733  4734  4738  4741  4751  4763  4772  4782  4788  4790
 [804]  4798  4809  4826  4836  4855  4858  4865  4907  4908  4917  4933
 [815]  4940  4950  4955  4957  4961  4976  4983  4989  5000  5011  5028
 [826]  5030  5032  5066  5067  5068  5071  5095  5099  5103  5114  5140
 [837]  5143  5145  5153  5154  5162  5165  5172  5174  5200  5205  5207
 [848]  5225  5244  5247  5255  5264  5267  5271  5276  5290  5293  5301
 [859]  5304  5313  5321  5325  5338  5347  5373  5379  5381  5382  5392
 [870]  5393  5402  5403  5412  5416  5422  5426  5456  5458  5461  5467
 [881]  5494  5501  5511  5512  5513  5518  5532  5533  5547  5548  5550
 [892]  5552  5553  5555  5558  5559  5562  5563  5564  5570  5571  5575
 [903]  5582  5583  5585  5586  5602  5604  5606  5607  5614  5618  5622
 [914]  5624  5630  5632  5633  5649  5652  5654  5664  5672  5676  5680
 [925]  5682  5702  5703  5705  5707  5708  5723  5728  5730  5738  5739
 [936]  5755  5759  5763  5764  5765  5767  5774  5782  5783  5784  5788
 [947]  5792  5795  5799  5800  5810  5812  5816  5817  5828  5839  5841
 [958]  5842  5847  5849  5857  5860  5864  5870  5877  5887  5892  5899
 [969]  5905  5907  5908  5913  5916  5922  5943  5945  5948  5950  5957
 [980]  5961  5962  5986  6009  6014  6015  6016  6021  6036  6037  6045
 [991]  6047  6049  6050  6053  6061  6067  6069  6078  6084  6085  6090
[1002]  6095  6100  6102  6107  6123  6124  6135  6137  6158  6162  6176
[1013]  6181  6192  6193  6204  6206  6225  6231  6233  6249  6265  6268
[1024]  6285  6297  6312  6319  6321  6332  6348  6353  6369  6372  6377
[1035]  6379  6383  6392  6395  6399  6402  6411  6427  6428  6433  6435
[1046]  6443  6444  6445  6466  6472  6479  6488  6490  6492  6497  6502
[1057]  6503  6505  6510  6511  6526  6527  6530  6535  6550  6551  6553
[1068]  6564  6569  6579  6595  6598  6604  6607  6612  6614  6623  6625
[1079]  6632  6635  6644  6650  6662  6669  6680  6692  6701  6705  6710
[1090]  6712  6715  6721  6722  6736  6748  6755  6758  6789  6790  6791
[1101]  6796  6802  6806  6808  6812  6820  6825  6842  6844  6846  6851
[1112]  6857  6860  6868  6871  6873  6882  6890  6895  6899  6913  6917
[1123]  6925  6926  6927  6936  6942  6944  6945  6947  6971  6974  6976
[1134]  6978  6984  6989  6995  6997  6999  7006  7007  7008  7009  7010
[1145]  7011  7013  7016  7017  7018  7020  7023  7029  7031  7033  7035
[1156]  7039  7045  7054  7055  7056  7063  7065  7070  7078  7081  7082
[1167]  7083  7087  7089  7094  7095  7100  7101  7111  7124  7127  7133
[1178]  7137  7141  7146  7151  7153  7161  7175  7176  7178  7179  7191
[1189]  7194  7204  7205  7208  7212  7215  7222  7225  7237  7238  7244
[1200]  7253  7255  7259  7260  7266  7271  7279  7281  7282  7285  7286
[1211]  7289  7291  7294  7306  7309  7320  7322  7330  7332  7334  7341
[1222]  7352  7366  7367  7369  7371  7372  7384  7386  7387  7388  7390
[1233]  7403  7415  7418  7422  7423  7432  7435  7436  7438  7439  7444
[1244]  7448  7451  7454  7459  7470  7475  7477  7479  7481  7487  7490
[1255]  7499  7506  7517  7520  7522  7534  7541  7543  7545  7550  7572
[1266]  7579  7594  7599  7603  7609  7613  7629  7636  7640  7655  7658
[1277]  7661  7663  7664  7671  7696  7702  7703  7704  7708  7727  7730
[1288]  7735  7740  7746  7751  7758  7760  7769  7770  7776  7791  7793
[1299]  7807  7809  7814  7818  7819  7826  7836  7847  7848  7849  7864
[1310]  7873  7878  7881  7904  7905  7914  7916  7918  7925  7927  7931
[1321]  7949  7952  7954  7956  7959  7970  7971  7972  7977  7983  7984
[1332]  7985  7987  7988  7989  7993  8029  8032  8039  8041  8047  8051
[1343]  8053  8055  8056  8057  8062  8063  8069  8072  8073  8084  8104
[1354]  8117  8118  8133  8137  8147  8155  8163  8181  8188  8193  8194
[1365]  8199  8203  8204  8230  8232  8246  8253  8254  8269  8270  8272
[1376]  8276  8286  8305  8308  8309  8318  8322  8341  8348  8351  8352
[1387]  8366  8370  8372  8375  8389  8399  8410  8418  8420  8421  8425
[1398]  8426  8431  8438  8441  8446  8452  8455  8459  8463  8466  8473
[1409]  8486  8489  8491  8496  8509  8510  8511  8530  8532  8542  8545
[1420]  8556  8568  8577  8580  8581  8586  8594  8603  8610  8614  8615
[1431]  8618  8631  8639  8644  8653  8658  8671  8672  8677  8685  8699
[1442]  8709  8710  8723  8724  8725  8728  8729  8732  8735  8739  8740
[1453]  8763  8765  8773  8779  8782  8784  8787  8793  8795  8799  8802
[1464]  8805  8806  8812  8822  8825  8835  8836  8839  8858  8861  8862
[1475]  8864  8865  8872  8873  8875  8882  8884  8887  8891  8895  8897
[1486]  8901  8910  8915  8920  8931  8932  8943  8946  8949  8964  8965
[1497]  8967  8968  8974  8975  8982  8984  8991  9004  9005  9013  9016
[1508]  9043  9055  9056  9063  9066  9067  9070  9083  9091  9093  9094
[1519]  9095  9096  9106  9114  9120  9129  9131  9140  9142  9147  9148
[1530]  9149  9153  9154  9156  9157  9162  9164  9186  9189  9206  9216
[1541]  9219  9232  9233  9237  9240  9243  9244  9247  9261  9267  9275
[1552]  9290  9292  9297  9318  9323  9327  9336  9337  9342  9357  9358
[1563]  9370  9379  9381  9386  9390  9395  9399  9402  9403  9406  9419
[1574]  9422  9424  9427  9428  9445  9457  9465  9467  9494  9500  9506
[1585]  9508  9510  9512  9514  9529  9533  9547  9548  9554  9568  9576
[1596]  9581  9582  9583  9590  9601  9603  9604  9609  9626  9636  9637
[1607]  9638  9646  9663  9665  9669  9671  9681  9699  9702  9707  9709
[1618]  9717  9719  9720  9727  9728  9731  9738  9741  9744  9756  9758
[1629]  9766  9774  9776  9787  9788  9789  9791  9792  9802  9807  9813
[1640]  9814  9816  9826  9845  9850  9855  9863  9864  9869  9870  9875
[1651]  9882  9889  9893  9895  9896  9900  9908  9918  9921  9938  9944
[1662]  9945  9947  9949  9951  9959  9968  9982  9983  9984  9995 10006
[1673] 10007 10010 10012 10016 10022 10023 10028 10029 10033 10038 10043
[1684] 10046 10048 10052 10054 10063 10064 10066 10067 10070 10078 10087
[1695] 10090 10091 10110 10119 10126 10132 10133 10146 10155 10157 10159
[1706] 10160 10161 10170 10172 10176 10177 10190 10192 10199 10200 10203
[1717] 10209 10215 10216 10220 10221 10230 10232 10243 10247 10249 10251
[1728] 10254 10256 10257 10258 10260 10264 10266 10281 10282 10297 10300
[1739] 10302 10306 10308 10309 10310 10311 10312 10319 10323 10334 10341
[1750] 10343 10348 10349 10353 10354 10356 10358 10360 10362 10365 10366
[1761] 10379 10381 10386 10388 10389 10392 10406 10415 10416 10427 10428
[1772] 10431 10450 10461 10462 10463 10466 10472 10473 10478 10484 10485
[1783] 10495 10501 10507 10508 10511 10513 10516 10525 10530 10533 10542
[1794] 10545 10550 10558 10562 10564 10571 10580 10583 10584 10593 10601
[1805] 10604 10616 10626 10642 10646 10648 10650 10655 10656 10659 10662
[1816] 10667 10679 10715 10720 10722 10723 10735 10788 10791 10793 10794
[1827] 10804 10805 10818 10819 10828 10833 10857 10867 10870 10888 10906
[1838] 10907 10937 10945 10951 10960 10965 10972 10974 11011 11017 11031
[1849] 11034 11039 11064 11074 11081 11096 11111 11126 11169 11196 11197
[1860] 11201 11257 11286 11288 11290 11320 11343 11357 11387 11390 11402
[1871] 11435 11442 11461 11471 11494 11496 11501 11511 11514 11527 11531
[1882] 11581 11609 11610 11617 11622 11635 11643 11675 11708 11747 11766
[1893] 11776 11792 11800 11822 11839 11861 11865 11874 11883 11891 11904
[1904] 11911 11941 11944 11950 12008 12031 12042 12043 12046 12061 12069
[1915] 12071 12083 12105 12115 12123 12125 12126 12129 12132 12150 12154
[1926] 12157 12179 12186 12190 12222 12230 12235 12238 12248 12252 12268
[1937] 12281 12290 12291 12303 12318 12321 12333 12356 12361 12401 12409
[1948] 12433 12441 12443 12453 12474 12478 12501 12527 12541 12544 12548
[1959] 12555 12574 12581 12594 12604 12605 12629 12645 12652 12653 12660
[1970] 12680 12697 12698 12707 12740 12748 12749 12771 12783 12788 12789
[1981] 12815 12817 12818 12846 12847 12852 12854 12855 12857 12865 12869
[1992] 12871 12872 12877 12878 12893 12904 12906 12917 12919 12927 12945
[2003] 12946 12949 12957 12983 13034 13037 13049 13050 13056 13059 13061
[2014] 13067 13070 13088 13095 13103 13107 13128 13151 13154 13165 13176
[2025] 13177 13185 13187 13190 13191 13203 13218 13222 13245 13283 13298
[2036] 13305 13306 13332 13335 13344 13375 13382 13388 13404 13433 13434
[2047] 13442 13448 13452 13473 13474 13477 13507 13529 13539 13541 13545
[2058] 13552 13559 13568 13588 13589 13592 13601 13607 13621 13640 13649
[2069] 13651 13655 13666 13671 13693 13715 13734 13742 13746 13756 13758
[2080] 13778 13797 13804 13810 13837 13856 13889 13890 13899 13901 13910
[2091] 13911 13928 13935 13939 13941 13949 13968 13969 14005 14015 14020
[2102] 14030 14036 14063 14064 14069 14087 14104 14119 14127 14223 14225
[2113] 14246 14257 14271 14272 14290 14295 14319 14341 14345 14381 14399
[2124] 14402 14404 14429 14445 14455 14465 14467 14489 14561 14576 14595
[2135] 14615 14635 14641 14672 14695 14699 14709 14719 14724 14732 14735
[2146] 14741 14742 14758 14760 14778 14791 14805 14813 14818 14821 14825
[2157] 14827 14846 14849 14850 14855 14856 14864 14867 14874 14883 14914
[2168] 14920 14933 14938 14948 14973 14981 14995 15000 15013 15018 15022
[2179] 15038 15039 15059 15076 15082 15085 15087 15093 15113 15116 15118
[2190] 15122 15132 15153 15155 15160 15168 15172 15176 15182 15184 15200
[2201] 15202 15220 15232 15239 15244 15252 15267 15277 15283 15294 15298
[2212] 15308 15309 15312 15313 15314 15315 15317 15325 15334 15338 15339
[2223] 15349 15350 15352 15354 15356 15363 15371 15376 15391 15393 15405
[2234] 15407 15408 15424 15425 15429 15435 15438 15448 15451 15452 15466
[2245] 15478 15484 15495 15497 15506 15510 15511 15513 15517 15535 15537
[2256] 15549 15551 15563 15571 15579 15582 15586 15591 15607 15613 15637
[2267] 15643 15653 15660 15664 15671 15693 15707 15711 15718 15724 15750
[2278] 15753 15755 15764 15777 15781 15783 15795 15806 15807 15808 15812
[2289] 15820 15848 15849 15852 15854 15856 15870 15874 15875 15884 15885
[2300] 15891 15893 15894 15903 15904 15907 15912 15929 15932 15937 15940
[2311] 15948 15949 15953 15972 15984 15994 16002 16010 16012 16013 16016
[2322] 16021 16025 16026 16037 16039 16044 16060 16061 16062 16065 16067
[2333] 16081 16082 16094 16134 16146 16147 16156 16157 16164 16165 16169
[2344] 16177 16183 16185 16186 16188 16197 16198 16204 16206 16207 16217
[2355] 16226 16231 16233 16256 16276 16277 16279 16286 16287 16293 16294
[2366] 16299 16311 16314 16315 16318 16321 16322 16325 16328 16332 16342
[2377] 16349 16358 16362 16365 16368 16376 16377 16386 16388 16404 16406
[2388] 16416 16417 16423 16424 16430 16431 16432 16433 16437 16439 16441
[2399] 16467 16468 16473 16476 16478 16481 16483 16485 16486 16496 16520
[2410] 16521 16524 16525 16529 16545 16547 16548 16552 16555 16564 16568
[2421] 16570 16571 16595 16596 16610 16613 16619 16636 16639 16640 16642
[2432] 16643 16652 16657 16659 16670 16676 16677 16678 16681 16682 16683
[2443] 16684 16685 16688 16689 16693 16707 16709 16712 16715 16716 16717
[2454] 16730 16740 16746 16747 16748 16750 16751 16752 16753 16759 16760
[2465] 16762 16763 16764 16768 16779 16781 16796 16800 16813 16819 16831
[2476] 16832 16833 16834 16844 16847 16857 16859 16861 16862 16864 16869
[2487] 16871 16875 16880 16885 16895 16897 16898 16900 16910 16911 16918
[2498] 16928 16929 16933 16936 16937 16946 16947 16948 16951 16959 16967
[2509] 16976 16978 16979 16988 16990 16991 16996 16999 17008 17010 17013
[2520] 17015 17021 17023 17025 17043 17045 17049 17052 17054 17057 17068
[2531] 17079 17081 17082 17086 17089 17091 17100 17101 17116 17124 17129
[2542] 17130 17136 17141 17142 17143 17147 17157 17158 17178 17194 17197
[2553] 17201 17212 17219 17224 17229 17236 17239 17253 17259 17260 17261
[2564] 17262 17272 17275 17276 17279 17282 17283 17285 17301 17303 17313
[2575] 17331 17339 17340 17346 17351 17352 17355 17359 17366 17371 17383
[2586] 17388 17390 17425 17429 17431 17433 17437 17441 17442 17444 17451
[2597] 17452 17456 17464 17472 17474 17484 17488 17489 17496 17508 17515
[2608] 17544 17549 17557 17565 17566 17571 17579 17583 17584 17606 17608
[2619] 17613 17625 17627 17631 17632 17641 17649 17651 17653 17654 17657
[2630] 17661 17668 17674 17682 17687 17688 17689 17696 17698 17700 17701
[2641] 17704 17716 17717 17728 17732 17733 17740 17742 17745 17750 17764
[2652] 17765 17771 17772 17783 17785 17786 17802 17806 17807 17809 17810
[2663] 17831 17840 17844 17864 17889 17890 17894 17896 17913 17919 17921
[2674] 17926 17930 17938 17941 17945 17959 17961 17964 17965 17967 17972
[2685] 17988 17989 17992 17993 17999 18000 18008 18019 18028 18037 18039
[2696] 18042 18069 18078 18079 18080 18081 18099 18106 18107 18114 18133
[2707] 18137 18152 18157 18159 18173 18175 18184 18187 18189 18193 18198
[2718] 18201 18203 18206 18211 18256 18257 18260 18271 18282 18284 18288
[2729] 18289 18307 18308 18312 18327 18328 18329 18331 18333 18346 18347
[2740] 18348 18351 18358 18359 18360 18364 18365 18381 18386 18397 18415
[2751] 18425 18427 18430 18434 18441 18454 18456 18457 18463 18464 18470
[2762] 18473 18487 18489 18491 18494 18499 18501 18518 18521 18527 18529
[2773] 18531 18539 18541 18548 18555 18556 18559 18561 18567 18572 18582
[2784] 18583 18589 18591 18593 18597 18603 18604 18609 18611 18616 18627
[2795] 18629 18663 18664 18678 18680 18681 18683 18686 18696 18698 18715
[2806] 18721 18726 18729 18737 18740 18745 18754 18757 18758 18766 18770
[2817] 18771 18794 18800 18804 18808 18810 18812 18813 18814 18815 18826
[2828] 18841 18849 18850 18854 18858 18864 18870 18874 18881 18882 18885
[2839] 18896 18905 18908 18911 18913 18928 18929 18973 18979 18981 18998
[2850] 19005 19009 19013 19014 19017 19021 19023 19025 19035 19046 19050
[2861] 19052 19062 19064 19075 19086 19098 19103 19106 19121 19130 19133
[2872] 19139 19141 19161 19162 19163 19167 19189 19190 19192 19195 19198
[2883] 19208 19209 19235 19249 19250 19253 19260 19274 19279 19283 19285
[2894] 19288 19299 19304 19322 19323 19330 19342 19344 19365 19370 19377
[2905] 19381 19382 19385 19386 19392 19394 19405 19413 19417 19420 19422
[2916] 19428 19443 19444 19452 19454 19457 19462 19464 19467 19475 19476
[2927] 19479 19481 19485 19488 19493 19494 19495 19510 19522 19523 19524
[2938] 19525 19528 19529 19543 19545 19549 19551 19561 19571 19573 19620
[2949] 19624 19628 19641 19643 19656 19660 19662 19664 19665 19679 19684
[2960] 19688 19692 19711 19715 19718 19719 19720 19722 19727 19730 19733
[2971] 19738 19744 19746 19748 19761 19763 19774 19776 19793 19800 19801
[2982] 19806 19812 19819 19820 19827 19830 19836 19838 19844 19848 19849
[2993] 19851 19857 19865 19872 19875 19878 19880 19888 19889 19890 19905
[3004] 19910 19911 19915 19923 19930 19937 19954 19958 19959 19960 19962
[3015] 19973 19975 19978 19988 19993 19994 20000 20002 20006 20008 20010
[3026] 20014 20020 20021 20022 20023 20062 20078 20079 20082 20085 20097
[3037] 20099 20108 20120 20123 20124 20144 20153 20155 20156 20161 20171
[3048] 20173 20174 20183 20194 20196 20199 20208 20209 20211 20219 20223
[3059] 20235 20236 20237 20238 20241 20243 20252 20259 20261 20264 20265
[3070] 20269 20283 20284 20297 20298 20299 20303 20308 20313 20316 20317
[3081] 20318 20349 20371 20391 20392 20407 20419 20420 20426 20438 20478
[3092] 20492 20506 20513 20528 20553 20564 20566 20572 20579 20584 20590
[3103] 20591 20610 20619 20621 20622 20624 20625 20626 20629 20635 20648
[3114] 20652 20664 20670 20672 20679 20689 20695 20696 20716 20717 20729
[3125] 20731 20733 20751 20753 20755 20775 20782 20784 20785 20789 20807
[3136] 20811 20812 20813 20814 20834 20838 20840 20851 20852 20858 20866
[3147] 20875 20878 20879 20880 20882 20893 20913 20914 20919 20927 20936
[3158] 20940 20943 20948 20962 20963 20986 20987 20988 20989 20993 21004
[3169] 21006 21010 21011 21012 21023 21046 21049 21054 21069 21071 21078
[3180] 21094 21099 21106 21126 21151 21167 21171 21172 21189 21193 21197
[3191] 21205 21207 21208 21210 21227 21233 21238 21239 21241 21263 21265
[3202] 21268 21270 21278 21280 21297 21298 21300 21313 21324 21335 21343
[3213] 21377 21378 21379 21380 21418 21430 21444 21451 21454 21455 21462
[3224] 21471 21476 21481 21492 21494 21497 21499 21503 21526 21531 21533
[3235] 21534 21535 21543 21552 21559 21581 21588 21594 21596 21602 21614
[3246] 21627 21629 21632 21669 21677 21691 21713 21747 21753 21754 21759
[3257] 21767 21774 21789 21791 21797 21808 21812 21814 21821 21827 21828
[3268] 21837 21842 21852 21857 21860 21872 21890 21900 21930 21935 21951
[3279] 21961 21962 21963 21964 21970 21981 21987 22007 22008 22010 22011
[3290] 22012 22016 22017 22022 22044 22047 22057 22087 22098 22103 22108
[3301] 22111 22115 22127 22131 22153 22159 22160 22168 22169 22174 22176
[3312] 22191 22192 22210 22237 22259 22266 22271 22272 22283 22287 22302
[3323] 22323 22335 22338 22344 22351 22386 22403 22404 22411 22428 22429
[3334] 22434 22445 22446 22447 22452 22464 22475 22479 22496 22502 22523
[3345] 22532 22533 22543 22544 22547 22569 22570 22572 22574 22575 22581
[3356] 22595 22599 22602 22610 22613 22616 22618 22622 22627 22640 22652
[3367] 22654 22664 22670 22671 22684 22685 22697 22703 22709 22716 22719
[3378] 22720 22725 22727 22736 22745 22746 22750 22756 22782 22784 22786
[3389] 22798 22820 22823 22842 22868 22880 22883 22884 22892 22908 22911
[3400] 22928 22944 22951 22952 22958 22965 22987 22994 23001 23002 23015
[3411] 23028 23030 23034 23035 23041 23043 23049 23054 23079 23088 23093
[3422] 23099 23127 23133 23139 23141 23151 23156 23176 23181 23204 23205
[3433] 23210 23231 23245 23252 23260 23265 23273 23283 23286 23309 23310
[3444] 23315 23316 23323 23329 23330 23345 23359 23360 23365 23382 23387
[3455] 23392 23404 23427 23431 23435 23438 23440 23446 23464 23478 23493
[3466] 23494 23512 23513 23516 23518 23531 23548 23565 23571 23579 23588
[3477] 23593 23596 23600 23609 23610 23618 23630 23631 23632 23641 23661
[3488] 23694 23695 23696 23706 23724 23730 23755 23756 23759 23777 23782
[3499] 23790 23812 23836 23840 23848 23851 23852 23853 23871 23872 23873
[3510] 23877 23882 23883 23893 23897 23899 23900 23909 23911 23925 23926
[3521] 23933 23934 23935 23947 23948 23957 23984 23991 23993 23997 24000
[3532] 24002 24012 24035 24040 24047 24054 24069 24076 24078 24079 24086
[3543] 24094 24098 24106 24110 24111 24116 24125 24128 24130 24160 24164
[3554] 24165 24168 24175 24179 24187 24189 24192 24194 24206 24219 24221
[3565] 24223 24224 24225 24230 24234 24236 24254 24256 24266 24276 24289
[3576] 24296 24298 24306 24309 24320 24330 24331 24332 24333 24338 24339
[3587] 24341 24342 24361 24370 24377 24380 24391 24392 24394 24399 24408
[3598] 24415 24416 24420 24425 24431 24438 24444 24448 24451 24465 24469
[3609] 24473 24476 24511 24515 24526 24527 24535 24544 24548 24551 24555
[3620] 24567 24580 24584 24598 24621 24636 24637 24651 24656 24661 24666
[3631] 24669 24675 24676 24680 24696 24699 24705 24707 24718 24725 24728
[3642] 24729 24736 24745 24761 24773 24780 24782 24784 24791 24803 24809
[3653] 24816 24821 24823 24824 24826 24827 24828 24833 24841 24852 24853
[3664] 24856 24860 24867 24868 24881 24885 24898 24907 24908 24922 24926
[3675] 24928 24930 24944 24952 24953 24958 24959 24964 24979 24984 24995
[3686] 25012 25018 25049 25051 25060 25078 25089 25105 25142 25187 25196
[3697] 25215 25235 25238 25289 25304 25309 25314 25346 25357 25368 25369
[3708] 25381 25384 25388 25393 25394 25397 25402 25415 25427 25443 25450
[3719] 25462 25477 25501 25502 25521 25532 25542 25550 25560 25569 25600
[3730] 25611 25620 25621 25638 25640 25643 25662 25664 25669 25682 25683
[3741] 25694 25701 25718 25719 25720 25721 25725 25739 25751 25752 25759
[3752] 25763 25775 25777 25778 25791 25792 25793 25816 25824 25827 25829
[3763] 25847 25851 25865 25881 25904 25905 25920 25923 25932 25934 25942
[3774] 25947 25957 25959 25972 25973 25974 25975 25988 25994 25995 26017
[3785] 26024 26025 26041 26056 26059 26063 26064 26086 26087 26093 26097
[3796] 26102 26112 26113 26146 26155 26159 26161 26166 26175 26187 26194
[3807] 26218 26220 26236 26245 26252 26269 26286 26287 26294 26298 26303
[3818] 26307 26374 26382 26387 26392 26402 26417 26418 26422 26425 26437
[3829] 26444 26453 26463 26466 26467 26480 26519 26534 26535 26541 26542
[3840] 26547 26554 26556 26564 26565 26571 26582 26586 26589 26590 26592
[3851] 26596 26597 26620 26624 26627 26638 26673 26674 26676 26688 26704
[3862] 26706 26709 26743 26745 26766 26824 26830 26831 26836 26843 26850
[3873] 26857 26879 26885 26887 26888 26890 26901 26923 26928 26931 26933
[3884] 26940 26944 26961 26969 26972 26993 26996 26997 26998 27004 27014
[3895] 27018 27035 27037 27039 27041 27051 27058 27066 27088 27092 27094
[3906] 27128 27144 27146 27148 27149 27170 27173 27178 27188 27199 27219
[3917] 27239 27258 27271 27293 27297 27304 27317 27326 27328 27341 27349
[3928] 27364 27367 27393 27395 27406 27411 27439 27442 27444 27461 27464
[3939] 27466 27481 27485 27529 27531 27533 27534 27543 27545 27552 27558
[3950] 27567 27574 27576 27580 27608 27609 27629 27653 27669 27673 27677
[3961] 27679 27680 27684 27693 27696 27706 27708 27709 27717 27729 27734
[3972] 27736 27741 27745 27747 27751 27771 27777 27800 27802 27807 27811
[3983] 27816 27833 27836 27842 27850 27856 27859 27874 27876 27881 27885
[3994] 27886 27896 27899 27920 27922 27924 27939 27944 27946 27949 27962
[4005] 28007 28008 28011 28015 28017 28019 28025 28029 28036 28051 28062
[4016] 28066 28074 28075 28076 28082 28084 28086 28090 28092 28102 28112
[4027] 28123 28147 28154 28165 28200 28205 28206 28208 28209 28212 28216
[4038] 28217 28231 28232 28239 28244 28252 28256 28261 28269 28276 28284
[4049] 28286 28304 28308 28310 28314 28323 28327 28332 28334 28336 28337
[4060] 28348 28364 28365 28386 28388 28389 28390 28409 28413 28421 28445
[4071] 28466 28487 28518 28521 28523 28527 28530 28544 28550 28559 28562
[4082] 28563 28572 28586 28599 28611 28615 28627 28629 28639 28647 28662
[4093] 28668 28669 28692 28698 28704 28705 28720 28721 28730 28734 28742
[4104] 28744 28754 28790 28801 28806 28809 28810 28811 28813 28829 28834
[4115] 28874 28878 28906 28919 28930 28968 28983 28993 29000 29003 29010
[4126] 29023 29024 29027 29032 29042 29045 29048 29068 29081 29084 29093
[4137] 29112 29115 29145 29162 29173 29184 29202 29223 29226 29233 29249
[4148] 29252 29253 29269 29277 29282 29308 29309 29311 29315 29324 29326
[4159] 29328 29359 29376 29378 29394 29413 29425 29427 29428 29429 29430
[4170] 29438 29445 29456 29475 29498 29500 29513 29522 29528 29530 29531
[4181] 29533 29538 29539 29544 29556 29577 29588 29616 29637 29646 29648
[4192] 29649 29654 29663 29670 29707 29718 29724 29728 29730 29746 29747
[4203] 29756 29767 29775 29777 29795 29796 29800 29801 29806 29807 29821
[4214] 29825 29831 29834 29849 29854 29864 29867 29875 29885 29887 29921
[4225] 29926 29930 29934 29943 29945 29948 29953 29973 29983 29984 29989
[4236] 30012 30024 30027 30034 30035 30036 30045 30048 30051 30068 30071
[4247] 30095 30096 30098 30099 30107 30111 30141 30145 30153 30155 30165
[4258] 30166 30172 30213 30218 30222 30224 30234 30235 30242 30245 30246
[4269] 30250 30251 30257 30264 30275 30285 30315 30321 30325 30333 30335
[4280] 30347 30348 30360 30378 30384 30385 30387 30413 30428 30432 30433
[4291] 30441 30443 30444 30448 30450 30460 30468 30512 30540 30554 30565
[4302] 30586 30612 30616 30620 30628 30633 30637 30641 30647 30651 30663
[4313] 30676 30683 30727 30729 30743 30747 30749 30760 30768 30784 30790
[4324] 30798 30821 30822 30828 30845 30862 30869 30878 30886 30889 30906
[4335] 30909 30920 30921 30924 30932 30945 30949 30951 30965 30971 30974
[4346] 30975 30980 30988 30997 31000 31007 31035 31073 31089 31091 31097
[4357] 31099 31100 31105 31110 31111 31123 31126 31128 31140 31160 31178
[4368] 31179 31183 31190 31191 31202 31216 31228 31232 31235 31239 31243
[4379] 31260 31266 31268 31288 31301 31312 31325 31326 31358 31377 31378
[4390] 31381 31384 31388 31398 31406 31410 31412 31413 31419 31470 31475
[4401] 31477 31482 31505 31506 31507 31532 31533 31551 31561 31583 31585
[4412] 31587 31588 31592 31593 31595 31597 31602 31604 31640 31641 31646
[4423] 31649 31650 31652 31671 31680 31682 31688 31689 31698 31710 31713
[4434] 31735 31740 31744 31747 31769 31786 31813 31814 31815 31837 31840
[4445] 31849 31864 31881 31882 31883 31891 31905 31931 31952 31962 31967
[4456] 31969 31976 31986 31989 31990 32024 32040 32043 32050 32051 32072
[4467] 32076 32090 32097 32110 32113 32114 32115 32118 32125 32127 32141
[4478] 32144 32146 32177 32178 32180 32190 32211 32227 32231 32238 32239
[4489] 32243 32249 32260 32263 32267 32288 32294 32296 32303 32304 32312
[4500] 32318 32354 32369 32371 32372 32374 32379 32391 32394 32396 32409
[4511] 32439 32441 32448 32449 32456 32460 32475 32482 32489 32498 32502
[4522] 32514 32520 32526 32533 32543 32557 32595 32605 32610 32651 32666
[4533] 32697 32705 32713 32718 32723 32731 32739 32756 32767 32801 32817
[4544] 32823 32829 32831 32850 32851 32854 32856 32871 32873 32875 32881
[4555] 32887 32891 32893 32923 32924 32925 32926 32937 32956 32957 32958
[4566] 32959 32960 32961 32963 32976 32978 32982 32983 32987 33002 33007
[4577] 33009 33010 33016 33027 33030 33032 33039 33045 33050 33051 33056
[4588] 33059 33077 33082 33085 33097 33103 33120 33133 33142 33154 33159
[4599] 33169 33170 33180 33188 33195 33198 33202 33203 33208 33215 33216
[4610] 33228 33233 33237 33238 33265 33269 33277 33280 33281 33284 33292
[4621] 33304 33308 33317 33320 33321 33325 33328 33337 33338 33344 33351
[4632] 33370 33373 33383 33411 33434 33440 33474 33485 33491 33492 33502
[4643] 33505 33509 33520 33529 33553 33558 33559 33571 33573 33584 33601
[4654] 33604 33607 33630 33669 33674 33684 33688 33696 33702 33713 33720
[4665] 33728 33732 33733 33767 33774 33779 33781 33786 33803 33804 33822
[4676] 33842 33871 33894 33895 33904 33910 33916 33919 33920 33923 33924
[4687] 33927 33931 33934 33937 33938 33941 33951 33952 33954 33966 33971
[4698] 33975 33995 33999 34000 34001 34008 34026 34034 34035 34045 34050
[4709] 34053 34058 34068 34074 34076 34077 34079 34093 34094 34096 34097
[4720] 34105 34108 34115 34116 34151 34152 34163 34184 34196 34200 34202
[4731] 34207 34213 34235 34236 34254 34267 34277 34285 34294 34308 34311
[4742] 34315 34316 34318 34325 34344 34346 34352 34354 34358 34361 34386
[4753] 34390 34410 34415 34450 34452 34462 34464 34474 34477 34489 34491
[4764] 34506 34523 34527 34552 34557 34565 34567 34569 34579 34585 34605
[4775] 34606 34607 34627 34638 34640 34647 34650 34651 34673 34686 34700
[4786] 34701 34703 34704 34713 34729 34740 34756 34760 34765 34769 34777
[4797] 34781 34786 34790 34792 34795 34809 34812 34817 34823 34831 34832
[4808] 34861 34863 34865 34866 34871 34878 34898 34908 34909 34922 34939
[4819] 34942 34945 34959 34972 34974 34976 34978 34981 34982 34983 34985
[4830] 34993 35007 35021 35033 35049 35051 35057 35058 35077 35079 35080
[4841] 35089 35098 35099 35103 35126 35127 35134 35149 35153 35163 35168
[4852] 35172 35177 35182 35196 35207 35214 35216 35239 35245 35256 35259
[4863] 35267 35268 35281 35282 35297 35311 35321 35343 35354 35358 35361
[4874] 35374 35385 35394 35397 35404 35410 35411 35417 35424 35432 35438
[4885] 35442 35451 35452 35455 35457 35470 35471 35472 35483 35493 35522
[4896] 35523 35525 35526 35550 35568 35576 35578 35584 35585 35586 35601
[4907] 35607 35620 35627 35630 35632 35639 35685 35689 35701 35706 35736
[4918] 35753 35755 35758 35774 35788 35792 35800 35809 35826 35830 35856
[4929] 35864 35866 35870 35888 35897 35917 35931 35934 35940 35975 35981
[4940] 35993 35999 36002 36016 36023 36025 36034 36036 36037 36046 36054
[4951] 36060 36061 36064 36075 36076 36087 36091 36117 36125 36129 36146
[4962] 36157 36163 36169 36179 36187 36194 36216 36233 36239 36247 36263
[4973] 36266 36284 36285 36294 36298 36299 36315 36316 36319 36321 36329
[4984] 36340 36342 36346 36351 36370 36372 36374 36407 36408 36421 36426
[4995] 36434 36435 36442 36471 36486 36516 36526 36535 36537 36538 36549
[5006] 36562 36574 36575 36593 36600 36602 36605 36608 36609 36627 36634
[5017] 36637 36640 36643 36664 36688 36707 36718 36723 36724 36725 36732
[5028] 36766 36772 36780 36789 36804 36835 36836 36854 36866 36867 36887
[5039] 36889 36893 36914 36926 36934 36945 36967 36971 36978 36984 36992
[5050] 37001 37013 37048 37054 37059 37067 37081 37094 37100 37125 37129
[5061] 37142 37163 37166 37170 37188 37196 37226 37232 37244 37252 37256
[5072] 37261 37262 37264 37294 37305 37307 37317 37321 37323 37331 37338
[5083] 37339 37355 37364 37371 37376 37393 37404 37435 37436 37450 37478
[5094] 37525 37533 37541 37545 37550 37556 37561 37571 37572 37581 37593
[5105] 37611 37614 37624 37630 37633 37642 37649 37665 37669 37675 37692
[5116] 37712 37722 37723 37726 37732 37738 37745 37757 37759 37787 37790
[5127] 37796 37799 37800 37802 37803 37806 37810 37813 37818 37820 37821
[5138] 37828 37840 37849 37850 37877 37888 37905 37920 37928 37929 37931
[5149] 37939 37941 37953 37956 37957 37982 37990 38008 38042 38046 38077
[5160] 38081 38102 38126 38137 38140 38142 38152 38154 38170 38202 38222
[5171] 38236 38239 38246 38262 38270 38276 38288 38294 38333 38355 38374
[5182] 38384 38399 38400 38451 38467 38468 38484 38487 38488 38503 38508
[5193] 38517 38524 38526 38528 38534 38545 38564 38566 38567 38573 38598
[5204] 38599 38603 38606 38614 38626 38645 38646 38650 38651 38659 38662
[5215] 38667 38690 38700 38704 38707 38711 38712 38721 38729 38732 38747
[5226] 38748 38767 38769 38775 38806 38808 38830 38864 38866 38867 38868
[5237] 38880 38887 38894 38917 38918 38949 38952 38959 38962 38964 38965
[5248] 38990 38993 38995 39006 39029 39037 39039 39068 39100 39104 39108
[5259] 39114 39122 39135 39137 39141 39158 39159 39160 39173 39176 39183
[5270] 39184 39189 39190 39205 39208 39209 39215 39216 39235 39237 39257
[5281] 39265 39266 39282 39285 39286 39291 39292 39309 39332 39352 39364
[5292] 39365 39368 39369 39401 39428 39430 39432 39433 39434 39442 39455
[5303] 39467 39469 39476 39480 39485 39490 39503 39514 39519 39522 39529
[5314] 39543 39551 39554 39583 39592 39617 39630 39632 39634 39641 39660
[5325] 39682 39687 39690 39691 39696 39701 39733 39740 39766 39767 39775
[5336] 39794 39802 39812 39828 39834 39849 39853 39857 39863 39866 39886
[5347] 39888 39889 39903 39922 39926 39927 39938 39940 39952 39953 39991
[5358] 39992 40002 40003 40012 40016 40017 40018 40019 40020 40021 40027
[5369] 40028 40035 40044 40045 40047 40049 40062 40063 40065 40067 40073
[5380] 40074 40081 40089 40090 40092 40094 40100 40101 40102 40109 40111
[5391] 40112 40115 40118 40122 40127 40135 40145 40146 40148 40153 40154
[5402] 40155 40159 40166 40175 40177 40184 40186 40187 40192 40200 40206
[5413] 40216 40217 40226 40227 40228 40233 40235 40239 40243 40246 40254
[5424] 40260 40264 40266 40269 40271 40272 40273 40274 40283 40290 40292
[5435] 40298 40308 40314 40316 40321 40323 40338 40348 40350 40356 40369
[5446] 40374 40376 40385 40395 40398 40408 40410 40413 40426 40435 40442
[5457] 40451 40456 40475 40477 40482 40483 40496 40506 40512 40514 40517
[5468] 40525 40532 40537 40538 40540 40541 40547 40551 40553 40558 40561
[5479] 40569 40571 40583 40591 40593 40611 40612 40613 40617 40620 40621
[5490] 40623 40631 40632 40636 40643 40644 40652 40655 40656 40662 40664
[5501] 40669 40670 40672 40678 40685 40686 40692 40693 40697 40698 40715
[5512] 40719 40720 40729 40736 40738 40745 40750 40751 40752 40759 40760
[5523] 40761 40767 40775 40777 40782 40784 40787 40795 40807 40811 40813
[5534] 40827 40828 40831 40835 40842 40850 40860 40875 40880 40892 40912
[5545] 40918 40920 40941 40942 40943 40944 40946 40958 40961 40964 40966
[5556] 40972 40986 40989 40990 40993 41000 41009 41012 41014 41016 41019
[5567] 41021 41024 41026 41031 41032 41035 41040 41051 41064 41065 41078
[5578] 41084 41089 41094 41101 41103 41104 41106 41110 41120 41121 41122
[5589] 41127 41128 41136 41137 41138 41139 41143 41145 41150 41151 41153
[5600] 41155 41168 41170 41172 41196 41203 41204 41212 41213 41220 41223
[5611] 41241 41246 41251 41263 41277 41289 41293 41297 41302 41321 41325
[5622] 41328 41329 41336 41351 41354 41363 41366 41377 41380 41384 41387
[5633] 41389 41403 41404 41410 41434 41446 41447 41451 41458 41462 41477
[5644] 41487 41489 41492 41493 41496 41499 41501 41508 41514 41516 41548
[5655] 41549 41554 41574 41576 41592 41593 41594 41600 41602 41608 41613
[5666] 41615 41629 41631 41635 41637 41640 41641 41653 41655 41661 41667
[5677] 41680 41694 41698 41706 41709 41711 41725 41726 41731 41733 41745
[5688] 41747 41750 41769 41772 41775 41788 41789 41811 41814 41819 41824
[5699] 41825 41827 41829 41830 41833 41838 41844 41845 41853 41854 41855
[5710] 41858 41891 41895 41896 41910 41924 41931 41961 41965 41970 41973
[5721] 41983 41992 42006 42022 42027 42028 42034 42037 42077 42078 42084
[5732] 42100 42119 42122 42126 42128 42133 42142 42144 42158 42163 42174
[5743] 42182 42187 42188 42189 42190 42191 42194 42203 42208 42215 42223
[5754] 42224 42227
