
===========  xgbTree  ============

   [1]     1     3     4     6    11    12    14    15    24    25    39
  [12]    44    47    48    53    58    72    77    78    79    83    84
  [23]   102   103   104   105   106   108   114   122   127   130   134
  [34]   136   137   142   143   151   157   166   168   176   181   184
  [45]   188   205   219   221   222   237   244   249   250   255   260
  [56]   264   265   274   275   283   284   285   286   287   293   295
  [67]   297   302   303   304   306   307   309   310   317   326   328
  [78]   333   340   346   352   355   365   368   374   375   383   394
  [89]   398   404   410   412   414   422   425   427   428   430   431
 [100]   435   437   441   442   443   446   447   455   457   459   462
 [111]   464   469   471   474   483   484   491   494   496   497   498
 [122]   522   524   527   529   531   540   546   552   553   557   558
 [133]   559   564   565   569   571   576   581   594   596   600   613
 [144]   614   616   618   641   646   650   654   663   664   665   666
 [155]   691   702   708   709   723   732   744   748   749   753   762
 [166]   768   769   775   778   782   789   791   792   795   798   812
 [177]   816   824   828   836   841   844   846   850   853   854   866
 [188]   876   877   881   883   892   895   902   906   910   914   915
 [199]   921   927   931   933   940   948   949   950   952   960   961
 [210]   972   978   987   988   993   994  1005  1006  1007  1013  1018
 [221]  1024  1027  1029  1030  1031  1036  1038  1041  1050  1057  1058
 [232]  1065  1087  1096  1100  1121  1127  1128  1133  1143  1156  1167
 [243]  1172  1181  1185  1189  1191  1192  1197  1218  1225  1228  1246
 [254]  1259  1261  1294  1315  1316  1320  1330  1372  1399  1404  1414
 [265]  1426  1428  1437  1440  1441  1450  1451  1456  1460  1472  1474
 [276]  1477  1484  1487  1501  1502  1503  1509  1511  1515  1517  1521
 [287]  1524  1540  1541  1550  1556  1559  1560  1561  1563  1568  1569
 [298]  1574  1575  1576  1577  1582  1583  1586  1587  1589  1593  1596
 [309]  1600  1601  1603  1604  1621  1630  1631  1636  1653  1664  1670
 [320]  1691  1726  1727  1730  1734  1737  1739  1746  1750  1758  1759
 [331]  1762  1765  1768  1774  1784  1785  1803  1804  1810  1813  1821
 [342]  1822  1823  1841  1851  1852  1853  1864  1865  1884  1892  1901
 [353]  1906  1914  1924  1937  1942  1946  1954  1960  1962  1964  1967
 [364]  1971  1972  1974  1976  1978  1981  1991  1995  1999  2000  2004
 [375]  2005  2012  2017  2019  2021  2023  2033  2038  2039  2040  2041
 [386]  2043  2053  2070  2074  2076  2079  2081  2087  2089  2090  2099
 [397]  2106  2109  2115  2116  2119  2120  2122  2124  2128  2135  2142
 [408]  2145  2148  2160  2165  2168  2169  2172  2175  2177  2186  2209
 [419]  2213  2214  2217  2227  2240  2246  2260  2268  2279  2286  2345
 [430]  2352  2363  2364  2402  2408  2411  2420  2421  2429  2432  2441
 [441]  2452  2453  2455  2460  2462  2474  2493  2496  2500  2501  2509
 [452]  2511  2516  2518  2527  2537  2551  2561  2576  2578  2586  2599
 [463]  2602  2608  2616  2617  2630  2637  2639  2651  2658  2660  2667
 [474]  2686  2689  2703  2705  2710  2715  2721  2741  2754  2766  2767
 [485]  2775  2783  2786  2792  2804  2805  2807  2808  2810  2811  2817
 [496]  2822  2828  2842  2845  2854  2860  2861  2869  2872  2874  2875
 [507]  2883  2890  2891  2897  2898  2900  2903  2904  2907  2917  2937
 [518]  2942  2955  2956  2963  2967  2970  2972  2976  2977  2983  2984
 [529]  3005  3006  3027  3031  3045  3046  3052  3057  3058  3059  3062
 [540]  3064  3065  3067  3069  3072  3075  3079  3080  3082  3095  3096
 [551]  3099  3105  3113  3120  3122  3128  3130  3137  3138  3141  3149
 [562]  3152  3155  3158  3159  3162  3163  3164  3166  3167  3176  3179
 [573]  3182  3183  3188  3191  3200  3201  3202  3203  3206  3210  3212
 [584]  3213  3214  3215  3217  3218  3219  3220  3224  3232  3239  3243
 [595]  3249  3253  3257  3265  3269  3271  3273  3281  3285  3292  3296
 [606]  3301  3305  3309  3312  3313  3314  3327  3332  3333  3338  3340
 [617]  3341  3353  3356  3357  3358  3359  3361  3362  3364  3367  3383
 [628]  3386  3388  3401  3402  3403  3405  3410  3412  3413  3423  3424
 [639]  3425  3440  3441  3442  3445  3447  3453  3454  3458  3459  3462
 [650]  3466  3470  3475  3476  3483  3485  3488  3506  3509  3515  3516
 [661]  3517  3519  3520  3522  3531  3535  3539  3541  3542  3543  3546
 [672]  3547  3562  3567  3581  3596  3597  3598  3603  3615  3620  3624
 [683]  3633  3637  3638  3663  3665  3667  3674  3677  3685  3687  3695
 [694]  3696  3717  3718  3720  3724  3732  3737  3743  3748  3749  3751
 [705]  3755  3762  3763  3767  3790  3795  3799  3807  3809  3810  3820
 [716]  3822  3826  3832  3852  3853  3860  3866  3873  3874  3875  3876
 [727]  3878  3886  3887  3889  3891  3893  3894  3896  3898  3902  3905
 [738]  3913  3925  3932  3936  3943  3955  3956  3961  3962  3964  3965
 [749]  3968  3970  3972  3982  3987  3988  3991  3992  4016  4018  4019
 [760]  4020  4034  4035  4041  4067  4085  4090  4096  4102  4104  4114
 [771]  4117  4121  4122  4128  4142  4146  4149  4151  4158  4160  4166
 [782]  4171  4186  4190  4198  4199  4200  4205  4217  4220  4237  4238
 [793]  4244  4252  4253  4258  4259  4266  4269  4272  4277  4281  4284
 [804]  4287  4288  4297  4300  4302  4303  4306  4308  4314  4327  4328
 [815]  4336  4338  4340  4348  4362  4364  4366  4367  4369  4373  4375
 [826]  4378  4379  4380  4382  4390  4392  4410  4421  4432  4436  4446
 [837]  4452  4461  4479  4482  4489  4491  4494  4495  4501  4504  4505
 [848]  4506  4516  4517  4538  4541  4542  4544  4547  4549  4556  4567
 [859]  4571  4577  4611  4617  4625  4626  4631  4635  4636  4646  4651
 [870]  4653  4657  4660  4661  4664  4670  4674  4682  4684  4695  4698
 [881]  4701  4705  4707  4709  4710  4712  4716  4722  4725  4726  4731
 [892]  4733  4734  4738  4741  4748  4757  4760  4764  4772  4789  4790
 [903]  4791  4798  4808  4809  4838  4840  4854  4855  4899  4907  4908
 [914]  4917  4930  4934  4940  4942  4950  4955  4957  4961  4972  4976
 [925]  4988  4989  4999  5008  5011  5022  5026  5028  5030  5032  5040
 [936]  5057  5066  5067  5068  5069  5078  5082  5088  5092  5099  5103
 [947]  5114  5119  5140  5143  5145  5147  5154  5159  5162  5174  5176
 [958]  5181  5196  5198  5200  5205  5212  5213  5224  5225  5234  5244
 [969]  5246  5247  5249  5255  5264  5265  5266  5271  5272  5276  5290
 [980]  5293  5301  5305  5313  5319  5321  5325  5326  5334  5347  5368
 [991]  5373  5377  5379  5381  5382  5393  5402  5403  5405  5412  5416
[1002]  5422  5430  5440  5450  5451  5458  5461  5463  5466  5472  5494
[1013]  5505  5508  5510  5512  5513  5518  5526  5533  5540  5541  5547
[1024]  5548  5550  5552  5553  5555  5557  5558  5559  5563  5564  5570
[1035]  5573  5578  5582  5585  5607  5614  5618  5622  5632  5633  5634
[1046]  5647  5664  5672  5676  5677  5679  5680  5682  5697  5702  5703
[1057]  5708  5709  5722  5730  5737  5738  5739  5742  5745  5755  5759
[1068]  5763  5774  5781  5782  5784  5788  5790  5792  5795  5800  5801
[1079]  5810  5812  5814  5816  5828  5840  5841  5845  5847  5849  5860
[1090]  5862  5864  5870  5877  5882  5892  5899  5905  5907  5908  5913
[1101]  5916  5918  5922  5943  5945  5948  5950  5952  5957  5958  5961
[1112]  5962  5970  5978  5986  5995  6014  6015  6017  6021  6026  6036
[1123]  6042  6045  6047  6055  6057  6069  6071  6078  6084  6090  6091
[1134]  6099  6102  6107  6110  6118  6121  6124  6127  6135  6137  6144
[1145]  6145  6146  6160  6162  6163  6176  6181  6192  6202  6206  6217
[1156]  6219  6225  6233  6248  6249  6254  6259  6265  6268  6285  6297
[1167]  6321  6327  6332  6333  6334  6350  6357  6367  6369  6372  6377
[1178]  6379  6380  6383  6393  6395  6399  6402  6409  6410  6411  6413
[1189]  6417  6427  6428  6442  6443  6444  6445  6449  6466  6472  6488
[1200]  6494  6498  6502  6503  6505  6509  6510  6523  6527  6528  6534
[1211]  6535  6550  6553  6564  6569  6575  6578  6579  6595  6606  6607
[1222]  6610  6612  6614  6632  6635  6644  6658  6662  6668  6669  6677
[1233]  6680  6690  6691  6692  6701  6705  6706  6710  6715  6721  6722
[1244]  6736  6744  6748  6755  6788  6789  6791  6795  6801  6802  6806
[1255]  6809  6812  6820  6821  6825  6831  6833  6842  6844  6857  6861
[1266]  6868  6871  6873  6877  6882  6889  6890  6891  6895  6899  6913
[1277]  6917  6919  6925  6926  6927  6930  6936  6939  6942  6943  6944
[1288]  6956  6968  6971  6974  6976  6978  6982  6984  6989  6991  6995
[1299]  6996  6997  7002  7006  7007  7010  7013  7015  7016  7018  7022
[1310]  7023  7029  7031  7033  7035  7039  7043  7045  7051  7054  7055
[1321]  7056  7062  7065  7069  7072  7078  7082  7083  7087  7089  7091
[1332]  7095  7097  7100  7101  7108  7111  7120  7127  7133  7136  7137
[1343]  7138  7149  7155  7167  7175  7176  7177  7178  7179  7180  7191
[1354]  7195  7204  7205  7207  7213  7215  7216  7218  7222  7224  7225
[1365]  7229  7237  7254  7259  7260  7265  7266  7267  7271  7279  7281
[1376]  7285  7286  7289  7291  7293  7297  7306  7320  7322  7327  7330
[1387]  7354  7356  7366  7367  7369  7371  7386  7387  7388  7390  7397
[1398]  7403  7412  7422  7423  7429  7436  7438  7439  7444  7448  7450
[1409]  7451  7454  7458  7459  7470  7475  7477  7479  7481  7483  7486
[1420]  7487  7489  7499  7507  7514  7517  7520  7522  7524  7541  7542
[1431]  7543  7545  7550  7564  7572  7579  7580  7582  7594  7603  7610
[1442]  7613  7634  7636  7638  7640  7644  7655  7658  7661  7663  7670
[1453]  7671  7687  7696  7700  7702  7704  7708  7722  7727  7729  7730
[1464]  7732  7734  7740  7741  7746  7747  7751  7758  7760  7769  7770
[1475]  7776  7791  7793  7804  7806  7809  7813  7814  7818  7819  7826
[1486]  7836  7847  7848  7853  7862  7873  7878  7881  7904  7905  7906
[1497]  7914  7916  7917  7918  7923  7925  7927  7931  7936  7938  7952
[1508]  7954  7959  7970  7971  7972  7973  7977  7983  7985  7987  7993
[1519]  8023  8026  8029  8043  8055  8057  8060  8062  8063  8069  8074
[1530]  8083  8084  8095  8104  8117  8118  8133  8135  8137  8147  8162
[1541]  8178  8184  8192  8193  8194  8199  8203  8205  8220  8221  8225
[1552]  8228  8230  8232  8239  8246  8253  8254  8269  8270  8276  8280
[1563]  8284  8286  8295  8303  8305  8308  8309  8313  8318  8322  8329
[1574]  8341  8348  8349  8351  8352  8363  8366  8370  8372  8375  8389
[1585]  8393  8399  8410  8418  8420  8421  8422  8425  8431  8433  8438
[1596]  8441  8446  8449  8453  8455  8459  8463  8466  8472  8473  8486
[1607]  8488  8489  8491  8496  8509  8510  8515  8532  8542  8544  8561
[1618]  8568  8570  8572  8580  8581  8586  8594  8595  8597  8602  8615
[1629]  8618  8620  8627  8632  8639  8644  8653  8658  8671  8672  8677
[1640]  8684  8690  8693  8699  8703  8709  8710  8723  8724  8725  8729
[1651]  8735  8736  8740  8763  8765  8773  8776  8787  8793  8799  8806
[1662]  8822  8832  8834  8835  8836  8845  8852  8858  8862  8864  8866
[1673]  8868  8875  8882  8884  8887  8897  8906  8910  8915  8919  8920
[1684]  8928  8931  8932  8934  8940  8941  8943  8944  8946  8949  8960
[1695]  8964  8965  8967  8968  8974  8975  8982  8991  8997  9005  9013
[1706]  9016  9019  9020  9024  9030  9033  9036  9041  9048  9055  9058
[1717]  9063  9067  9070  9075  9080  9083  9091  9094  9096  9099  9101
[1728]  9106  9113  9114  9120  9121  9140  9142  9147  9152  9156  9157
[1739]  9165  9179  9186  9204  9206  9212  9216  9219  9222  9226  9232
[1750]  9233  9237  9240  9247  9248  9252  9253  9256  9259  9261  9267
[1761]  9275  9277  9287  9290  9292  9323  9327  9336  9338  9342  9358
[1772]  9363  9366  9376  9379  9386  9390  9395  9399  9403  9406  9418
[1783]  9419  9422  9424  9428  9429  9431  9445  9448  9457  9489  9500
[1794]  9506  9512  9514  9529  9531  9533  9539  9547  9554  9558  9562
[1805]  9568  9580  9582  9583  9590  9593  9595  9597  9601  9603  9604
[1816]  9609  9615  9624  9626  9627  9629  9636  9645  9646  9647  9661
[1827]  9663  9668  9669  9671  9676  9681  9693  9697  9699  9702  9706
[1838]  9707  9708  9709  9719  9720  9723  9724  9725  9728  9729  9731
[1849]  9737  9738  9741  9744  9746  9757  9766  9774  9776  9780  9787
[1860]  9789  9791  9792  9795  9799  9802  9811  9813  9814  9816  9845
[1871]  9850  9852  9855  9857  9858  9863  9864  9867  9869  9870  9875
[1882]  9882  9884  9885  9889  9892  9896  9897  9908  9916  9918  9921
[1893]  9937  9938  9944  9945  9946  9947  9951  9965  9968  9971  9973
[1904]  9982  9983  9984  9987 10005 10007 10010 10012 10016 10022 10038
[1915] 10043 10046 10048 10054 10058 10064 10066 10070 10076 10087 10091
[1926] 10093 10099 10100 10104 10105 10110 10111 10119 10120 10126 10128
[1937] 10132 10136 10153 10155 10157 10158 10160 10161 10169 10170 10176
[1948] 10177 10182 10190 10192 10199 10200 10201 10203 10208 10209 10215
[1959] 10216 10220 10221 10223 10225 10230 10232 10243 10247 10248 10249
[1970] 10251 10254 10256 10257 10258 10264 10265 10266 10281 10282 10287
[1981] 10289 10297 10300 10302 10306 10307 10308 10309 10310 10312 10316
[1992] 10319 10320 10322 10323 10325 10334 10338 10341 10343 10345 10346
[2003] 10348 10358 10360 10362 10366 10368 10379 10381 10386 10388 10401
[2014] 10406 10416 10421 10427 10428 10429 10431 10450 10461 10463 10466
[2025] 10472 10473 10478 10481 10484 10485 10493 10495 10501 10507 10511
[2036] 10513 10516 10517 10524 10525 10530 10545 10550 10564 10580 10582
[2047] 10583 10584 10585 10589 10593 10595 10601 10604 10610 10616 10626
[2058] 10642 10646 10655 10656 10659 10662 10667 10668 10679 10723 10735
[2069] 10782 10788 10791 10793 10794 10798 10804 10805 10807 10826 10828
[2080] 10832 10833 10850 10857 10867 10869 10888 10892 10905 10906 10907
[2091] 10910 10937 10945 10951 10952 10960 11001 11011 11013 11017 11046
[2102] 11048 11051 11064 11074 11081 11096 11109 11111 11120 11121 11126
[2113] 11158 11167 11169 11172 11181 11194 11197 11201 11233 11257 11269
[2124] 11286 11288 11290 11297 11316 11320 11331 11343 11357 11387 11390
[2135] 11402 11404 11408 11421 11435 11442 11458 11461 11471 11473 11499
[2146] 11500 11501 11511 11514 11515 11531 11540 11546 11581 11598 11609
[2157] 11610 11617 11622 11635 11638 11643 11664 11675 11708 11718 11747
[2168] 11766 11773 11775 11776 11800 11804 11861 11865 11874 11878 11879
[2179] 11883 11890 11891 11904 11911 11941 11950 11969 11983 12007 12008
[2190] 12031 12033 12043 12046 12056 12061 12064 12069 12083 12090 12099
[2201] 12105 12115 12123 12125 12126 12132 12150 12154 12179 12186 12190
[2212] 12222 12230 12238 12248 12252 12267 12268 12290 12291 12303 12318
[2223] 12321 12324 12330 12333 12342 12356 12361 12370 12409 12427 12433
[2234] 12443 12450 12452 12474 12476 12478 12483 12501 12527 12541 12543
[2245] 12544 12548 12555 12566 12574 12581 12605 12609 12629 12630 12631
[2256] 12639 12652 12653 12655 12660 12669 12680 12686 12688 12689 12697
[2267] 12698 12710 12711 12740 12744 12748 12771 12783 12788 12789 12815
[2278] 12817 12818 12839 12846 12847 12852 12854 12855 12857 12865 12869
[2289] 12871 12872 12878 12893 12904 12917 12928 12933 12945 12949 12951
[2300] 12960 12961 12982 13023 13034 13037 13049 13050 13051 13056 13061
[2311] 13067 13070 13087 13088 13098 13101 13107 13120 13125 13128 13129
[2322] 13151 13165 13167 13175 13176 13185 13187 13190 13191 13203 13204
[2333] 13212 13218 13222 13241 13245 13270 13273 13283 13298 13305 13306
[2344] 13332 13344 13345 13382 13404 13433 13434 13435 13442 13445 13448
[2355] 13452 13473 13474 13477 13507 13529 13539 13562 13568 13588 13592
[2366] 13600 13601 13602 13607 13621 13626 13640 13641 13649 13651 13655
[2377] 13666 13673 13693 13715 13734 13740 13742 13746 13756 13758 13778
[2388] 13797 13804 13808 13809 13810 13889 13890 13896 13899 13901 13910
[2399] 13926 13927 13928 13939 13941 13987 13997 14005 14009 14020 14044
[2410] 14063 14064 14087 14119 14124 14127 14223 14225 14246 14264 14271
[2421] 14290 14295 14305 14319 14334 14341 14343 14345 14361 14370 14392
[2432] 14395 14397 14399 14402 14404 14445 14455 14465 14467 14481 14489
[2443] 14512 14561 14565 14576 14581 14584 14595 14598 14617 14632 14634
[2454] 14635 14641 14672 14687 14688 14695 14699 14719 14724 14735 14741
[2465] 14758 14772 14774 14778 14791 14793 14795 14805 14813 14818 14821
[2476] 14822 14825 14826 14827 14846 14849 14850 14856 14867 14874 14881
[2487] 14883 14914 14920 14930 14934 14935 14948 14962 14977 14995 15000
[2498] 15004 15013 15017 15018 15022 15041 15059 15076 15079 15085 15087
[2509] 15088 15094 15113 15118 15122 15132 15146 15153 15155 15160 15168
[2520] 15172 15180 15182 15184 15200 15203 15214 15220 15230 15232 15234
[2531] 15239 15243 15244 15252 15254 15256 15257 15267 15271 15277 15278
[2542] 15283 15286 15294 15298 15302 15308 15312 15313 15315 15317 15328
[2553] 15334 15338 15339 15354 15355 15356 15363 15376 15384 15391 15393
[2564] 15405 15406 15407 15408 15414 15419 15425 15426 15429 15438 15448
[2575] 15451 15452 15455 15459 15461 15462 15463 15464 15484 15495 15497
[2586] 15500 15501 15506 15510 15511 15513 15517 15524 15526 15533 15535
[2597] 15537 15549 15553 15558 15563 15566 15571 15579 15582 15585 15586
[2608] 15591 15604 15620 15625 15633 15636 15637 15652 15653 15660 15664
[2619] 15671 15674 15684 15692 15693 15706 15711 15724 15755 15764 15775
[2630] 15777 15781 15783 15790 15794 15795 15808 15812 15818 15820 15821
[2641] 15830 15848 15849 15850 15851 15852 15854 15858 15860 15863 15868
[2652] 15875 15881 15884 15891 15893 15894 15901 15903 15904 15907 15912
[2663] 15923 15928 15932 15937 15940 15949 15953 15955 15957 15972 15977
[2674] 15984 16010 16012 16013 16016 16020 16026 16037 16044 16058 16060
[2685] 16062 16065 16066 16081 16082 16094 16134 16138 16143 16146 16153
[2696] 16155 16156 16157 16164 16165 16166 16171 16175 16177 16185 16186
[2707] 16187 16189 16191 16196 16197 16198 16204 16206 16207 16209 16210
[2718] 16216 16217 16218 16226 16229 16232 16236 16253 16273 16276 16277
[2729] 16279 16286 16287 16290 16293 16299 16310 16311 16314 16315 16318
[2740] 16322 16325 16326 16328 16332 16342 16344 16347 16358 16362 16364
[2751] 16365 16366 16368 16382 16385 16386 16391 16396 16404 16417 16421
[2762] 16423 16430 16431 16432 16433 16437 16439 16450 16453 16458 16467
[2773] 16469 16475 16476 16478 16481 16485 16517 16520 16521 16529 16543
[2784] 16545 16552 16564 16568 16570 16603 16610 16613 16619 16623 16630
[2795] 16636 16639 16651 16652 16657 16659 16670 16676 16677 16678 16682
[2806] 16683 16685 16688 16689 16693 16707 16709 16715 16716 16717 16721
[2817] 16722 16724 16730 16738 16740 16745 16747 16748 16750 16751 16752
[2828] 16755 16758 16760 16762 16764 16768 16779 16795 16800 16813 16819
[2839] 16832 16833 16834 16855 16856 16857 16858 16859 16861 16862 16864
[2850] 16869 16871 16875 16882 16884 16893 16895 16897 16898 16900 16911
[2861] 16928 16929 16933 16937 16946 16947 16950 16951 16959 16962 16963
[2872] 16974 16976 16978 16985 16989 16990 16991 16994 16996 16999 17008
[2883] 17013 17015 17017 17021 17023 17025 17038 17043 17045 17049 17052
[2894] 17053 17054 17057 17063 17079 17082 17086 17089 17091 17100 17101
[2905] 17108 17111 17116 17124 17129 17130 17132 17136 17151 17155 17158
[2916] 17169 17172 17177 17192 17194 17197 17200 17201 17212 17219 17224
[2927] 17236 17239 17246 17259 17260 17262 17275 17276 17279 17282 17283
[2938] 17284 17285 17294 17301 17303 17313 17314 17316 17319 17340 17346
[2949] 17349 17351 17352 17357 17359 17366 17371 17383 17388 17390 17397
[2960] 17415 17423 17425 17429 17431 17433 17437 17439 17441 17442 17444
[2971] 17451 17452 17456 17459 17463 17464 17472 17474 17478 17484 17488
[2982] 17489 17506 17508 17515 17522 17524 17545 17549 17556 17557 17565
[2993] 17566 17569 17571 17579 17583 17585 17606 17608 17611 17613 17627
[3004] 17628 17641 17649 17651 17653 17654 17657 17668 17674 17682 17684
[3015] 17685 17688 17689 17696 17698 17701 17704 17717 17728 17733 17740
[3026] 17742 17745 17750 17757 17760 17764 17765 17766 17767 17769 17771
[3037] 17772 17783 17784 17806 17807 17808 17809 17810 17818 17830 17831
[3048] 17836 17840 17851 17862 17864 17866 17889 17890 17896 17899 17907
[3059] 17921 17926 17938 17941 17944 17945 17950 17959 17961 17964 17965
[3070] 17967 17988 17991 17992 17993 17995 17999 18000 18008 18019 18022
[3081] 18028 18037 18038 18039 18069 18077 18078 18079 18080 18081 18084
[3092] 18099 18106 18116 18130 18133 18136 18137 18152 18157 18159 18173
[3103] 18175 18178 18179 18184 18189 18193 18198 18201 18206 18211 18239
[3114] 18241 18245 18255 18256 18257 18260 18266 18269 18271 18282 18284
[3125] 18288 18289 18307 18308 18312 18327 18328 18329 18331 18332 18333
[3136] 18346 18348 18351 18358 18359 18360 18362 18364 18381 18386 18401
[3147] 18421 18425 18427 18429 18430 18456 18457 18463 18470 18489 18491
[3158] 18494 18499 18503 18518 18521 18527 18529 18537 18541 18555 18556
[3169] 18557 18559 18560 18562 18572 18574 18582 18589 18591 18593 18597
[3180] 18604 18611 18616 18617 18625 18627 18628 18629 18639 18647 18649
[3191] 18652 18664 18667 18668 18678 18680 18683 18685 18686 18692 18696
[3202] 18704 18715 18721 18725 18726 18727 18734 18737 18745 18748 18754
[3213] 18757 18758 18766 18767 18771 18772 18774 18780 18791 18794 18796
[3224] 18800 18805 18808 18813 18814 18826 18838 18841 18850 18858 18864
[3235] 18866 18867 18869 18870 18872 18874 18882 18884 18888 18891 18905
[3246] 18908 18911 18913 18919 18927 18929 18936 18965 18968 18973 18979
[3257] 18981 18991 18998 19005 19006 19013 19018 19019 19024 19025 19035
[3268] 19041 19046 19050 19052 19062 19064 19067 19068 19070 19086 19091
[3279] 19095 19098 19103 19106 19121 19130 19139 19150 19157 19162 19163
[3290] 19167 19173 19178 19190 19192 19196 19198 19200 19202 19203 19208
[3301] 19209 19215 19217 19219 19227 19232 19235 19240 19245 19249 19260
[3312] 19272 19274 19279 19285 19288 19299 19304 19306 19320 19322 19323
[3323] 19330 19339 19341 19342 19344 19365 19369 19370 19382 19385 19386
[3334] 19391 19392 19405 19415 19417 19420 19422 19423 19428 19430 19443
[3345] 19444 19452 19454 19457 19462 19464 19467 19469 19475 19476 19479
[3356] 19481 19488 19493 19494 19495 19510 19512 19517 19519 19522 19523
[3367] 19524 19525 19529 19530 19543 19547 19549 19551 19561 19571 19573
[3378] 19574 19588 19593 19595 19601 19604 19609 19615 19620 19628 19630
[3389] 19631 19635 19636 19638 19641 19662 19664 19665 19677 19684 19685
[3400] 19692 19711 19713 19715 19718 19719 19720 19727 19730 19731 19733
[3411] 19746 19752 19756 19758 19761 19762 19774 19776 19780 19781 19793
[3422] 19796 19800 19801 19807 19809 19812 19813 19815 19816 19819 19836
[3433] 19838 19848 19849 19858 19865 19872 19874 19875 19878 19888 19889
[3444] 19896 19906 19910 19923 19930 19932 19942 19946 19954 19958 19959
[3455] 19960 19970 19973 19975 19984 19985 19986 19988 19993 19994 19996
[3466] 20000 20003 20004 20006 20008 20010 20014 20020 20021 20033 20036
[3477] 20039 20060 20062 20074 20082 20094 20099 20106 20107 20123 20124
[3488] 20127 20152 20153 20155 20158 20161 20171 20179 20181 20183 20194
[3499] 20198 20199 20204 20206 20208 20209 20211 20235 20236 20237 20238
[3510] 20241 20244 20248 20250 20255 20259 20263 20264 20265 20269 20282
[3521] 20284 20287 20297 20298 20303 20308 20313 20316 20318 20343 20344
[3532] 20349 20366 20388 20391 20392 20398 20399 20404 20407 20418 20420
[3543] 20422 20426 20429 20434 20435 20438 20440 20446 20478 20492 20506
[3554] 20511 20513 20528 20530 20539 20553 20559 20564 20566 20572 20579
[3565] 20587 20591 20593 20610 20614 20619 20621 20622 20625 20626 20629
[3576] 20648 20650 20651 20652 20653 20656 20658 20670 20672 20674 20675
[3587] 20678 20679 20689 20695 20716 20717 20731 20740 20747 20748 20755
[3598] 20770 20775 20779 20781 20782 20784 20785 20789 20794 20797 20807
[3609] 20811 20812 20813 20814 20820 20822 20838 20848 20851 20866 20872
[3620] 20874 20879 20880 20893 20919 20927 20936 20940 20942 20943 20948
[3631] 20959 20962 20963 20986 20987 20988 21004 21006 21008 21010 21011
[3642] 21012 21026 21049 21051 21061 21063 21069 21071 21072 21099 21101
[3653] 21104 21106 21108 21112 21126 21129 21142 21151 21167 21171 21176
[3664] 21182 21189 21193 21197 21207 21208 21210 21217 21218 21227 21233
[3675] 21238 21239 21241 21250 21252 21270 21271 21278 21280 21297 21298
[3686] 21300 21313 21324 21335 21343 21344 21377 21379 21380 21382 21384
[3697] 21418 21430 21441 21444 21451 21455 21462 21466 21471 21492 21494
[3708] 21496 21497 21504 21518 21526 21528 21531 21533 21535 21543 21558
[3719] 21559 21581 21588 21596 21602 21614 21627 21629 21632 21641 21643
[3730] 21646 21649 21669 21673 21677 21688 21691 21713 21729 21730 21752
[3741] 21754 21767 21774 21789 21791 21797 21808 21821 21827 21828 21837
[3752] 21842 21852 21860 21872 21878 21890 21900 21920 21930 21935 21961
[3763] 21962 21963 21970 21971 21974 21981 21986 21987 21992 21993 22002
[3774] 22008 22010 22012 22016 22017 22021 22044 22047 22050 22070 22087
[3785] 22090 22098 22101 22103 22111 22131 22153 22158 22159 22160 22162
[3796] 22174 22176 22187 22190 22191 22192 22198 22213 22237 22241 22244
[3807] 22249 22250 22255 22266 22270 22271 22272 22283 22287 22302 22318
[3818] 22338 22351 22372 22374 22386 22403 22409 22411 22428 22430 22434
[3829] 22444 22445 22447 22452 22464 22479 22496 22497 22502 22523 22532
[3840] 22533 22543 22544 22546 22547 22549 22560 22572 22575 22581 22585
[3851] 22586 22589 22595 22599 22602 22613 22616 22618 22627 22640 22646
[3862] 22652 22670 22671 22684 22685 22691 22692 22716 22719 22720 22736
[3873] 22745 22746 22748 22749 22750 22756 22782 22784 22790 22794 22798
[3884] 22807 22816 22823 22835 22845 22857 22865 22868 22870 22872 22880
[3895] 22883 22890 22891 22892 22894 22908 22921 22928 22934 22944 22951
[3906] 22952 22953 22954 22959 22965 22983 22995 22998 23015 23028 23030
[3917] 23034 23037 23039 23041 23043 23049 23051 23053 23054 23063 23066
[3928] 23088 23098 23099 23127 23141 23150 23151 23152 23153 23156 23164
[3939] 23174 23176 23178 23180 23204 23210 23213 23231 23245 23252 23254
[3950] 23260 23265 23274 23286 23292 23293 23309 23310 23315 23316 23323
[3961] 23329 23330 23331 23334 23359 23361 23365 23382 23384 23387 23392
[3972] 23394 23404 23408 23410 23414 23427 23431 23435 23438 23440 23446
[3983] 23464 23478 23487 23491 23493 23494 23497 23513 23516 23523 23531
[3994] 23547 23548 23549 23565 23571 23578 23579 23593 23595 23596 23600
[4005] 23609 23610 23630 23631 23632 23636 23641 23642 23661 23663 23691
[4016] 23694 23695 23696 23701 23706 23724 23755 23756 23759 23777 23782
[4027] 23790 23829 23840 23849 23850 23852 23871 23872 23873 23877 23882
[4038] 23883 23886 23893 23897 23899 23900 23913 23916 23918 23925 23926
[4049] 23932 23935 23948 23957 23977 23984 23991 23997 24000 24001 24011
[4060] 24012 24015 24022 24023 24035 24036 24040 24045 24053 24054 24069
[4071] 24076 24078 24086 24098 24106 24110 24111 24116 24118 24128 24130
[4082] 24160 24164 24168 24175 24177 24179 24187 24189 24192 24206 24215
[4093] 24219 24221 24223 24224 24227 24236 24237 24249 24257 24259 24260
[4104] 24276 24285 24286 24288 24289 24298 24303 24309 24318 24330 24340
[4115] 24341 24342 24346 24347 24370 24377 24380 24391 24392 24395 24399
[4126] 24403 24410 24415 24416 24417 24418 24420 24425 24431 24438 24441
[4137] 24448 24449 24451 24462 24465 24469 24481 24482 24511 24515 24526
[4148] 24527 24535 24544 24549 24551 24567 24572 24587 24621 24636 24643
[4159] 24650 24651 24656 24661 24666 24669 24671 24675 24676 24679 24680
[4170] 24686 24695 24696 24699 24700 24705 24707 24718 24724 24725 24726
[4181] 24728 24729 24739 24760 24761 24780 24784 24791 24803 24809 24816
[4192] 24821 24823 24824 24826 24827 24828 24833 24834 24849 24852 24853
[4203] 24856 24867 24868 24872 24873 24881 24885 24898 24906 24911 24914
[4214] 24920 24922 24926 24928 24930 24937 24943 24953 24958 24959 24964
[4225] 24965 24983 24984 24995 25010 25016 25017 25049 25051 25064 25076
[4236] 25081 25089 25105 25142 25183 25187 25194 25215 25225 25235 25238
[4247] 25242 25269 25288 25308 25309 25314 25330 25357 25358 25368 25381
[4258] 25388 25393 25394 25397 25402 25415 25427 25440 25450 25477 25501
[4269] 25502 25521 25524 25560 25569 25571 25605 25621 25628 25634 25638
[4280] 25640 25643 25645 25664 25668 25669 25675 25682 25683 25694 25701
[4291] 25704 25709 25718 25719 25720 25725 25751 25752 25763 25764 25778
[4302] 25790 25792 25815 25824 25827 25829 25839 25847 25866 25874 25881
[4313] 25897 25903 25904 25905 25920 25923 25932 25933 25934 25947 25959
[4324] 25964 25972 25974 25994 26017 26024 26025 26056 26057 26059 26084
[4335] 26086 26087 26093 26102 26104 26112 26113 26146 26154 26155 26158
[4346] 26159 26161 26175 26179 26187 26194 26195 26199 26203 26218 26219
[4357] 26220 26222 26232 26241 26243 26245 26269 26277 26286 26287 26294
[4368] 26298 26299 26303 26341 26366 26374 26376 26377 26378 26379 26387
[4379] 26392 26402 26417 26418 26422 26425 26444 26453 26466 26467 26480
[4390] 26493 26519 26524 26532 26534 26535 26540 26541 26542 26543 26547
[4401] 26554 26556 26557 26564 26571 26582 26586 26589 26590 26592 26596
[4412] 26597 26612 26620 26627 26635 26638 26644 26659 26676 26688 26704
[4423] 26706 26709 26728 26741 26743 26745 26746 26767 26769 26792 26820
[4434] 26830 26834 26836 26841 26843 26844 26850 26857 26878 26879 26885
[4445] 26888 26890 26897 26901 26923 26936 26944 26959 26961 26965 26966
[4456] 26969 26970 26972 26973 26979 26993 26995 26997 26998 27004 27011
[4467] 27013 27014 27039 27041 27051 27058 27065 27078 27088 27089 27092
[4478] 27094 27115 27121 27144 27148 27149 27151 27170 27178 27181 27184
[4489] 27188 27202 27219 27229 27239 27258 27271 27293 27297 27300 27304
[4500] 27317 27323 27326 27328 27349 27364 27367 27388 27393 27394 27411
[4511] 27429 27439 27440 27444 27461 27464 27469 27481 27482 27485 27529
[4522] 27531 27534 27538 27545 27558 27574 27576 27578 27580 27582 27584
[4533] 27589 27608 27609 27623 27629 27647 27652 27653 27669 27673 27677
[4544] 27679 27680 27683 27684 27693 27694 27696 27708 27709 27710 27713
[4555] 27717 27729 27734 27744 27745 27747 27751 27752 27753 27771 27777
[4566] 27786 27800 27802 27807 27811 27833 27842 27847 27850 27856 27859
[4577] 27873 27885 27886 27896 27902 27916 27920 27922 27924 27935 27939
[4588] 27944 27946 27962 28007 28008 28011 28015 28017 28025 28029 28036
[4599] 28037 28051 28062 28066 28074 28076 28084 28086 28090 28092 28102
[4610] 28112 28122 28123 28134 28165 28166 28176 28190 28197 28200 28202
[4621] 28206 28208 28209 28217 28231 28239 28244 28252 28261 28269 28276
[4632] 28284 28286 28304 28308 28310 28314 28315 28316 28323 28327 28328
[4643] 28336 28343 28348 28350 28364 28365 28388 28389 28390 28409 28413
[4654] 28421 28429 28434 28444 28445 28466 28467 28490 28521 28527 28529
[4665] 28530 28536 28544 28554 28563 28585 28586 28599 28611 28615 28618
[4676] 28627 28629 28639 28647 28669 28670 28673 28681 28685 28692 28703
[4687] 28720 28721 28726 28730 28740 28744 28749 28770 28790 28800 28801
[4698] 28806 28809 28810 28811 28812 28813 28824 28828 28834 28863 28864
[4709] 28878 28884 28895 28902 28903 28908 28913 28919 28920 28954 28968
[4720] 28983 28993 28998 29000 29003 29010 29020 29022 29024 29027 29030
[4731] 29045 29048 29068 29081 29093 29104 29115 29131 29145 29162 29173
[4742] 29183 29202 29223 29227 29232 29249 29252 29253 29269 29273 29277
[4753] 29306 29308 29309 29311 29312 29315 29324 29329 29334 29339 29359
[4764] 29360 29375 29376 29382 29392 29394 29412 29413 29425 29426 29428
[4775] 29429 29434 29438 29441 29445 29463 29475 29493 29500 29510 29513
[4786] 29519 29528 29529 29531 29538 29541 29577 29579 29588 29593 29606
[4797] 29614 29616 29624 29628 29637 29649 29668 29670 29681 29707 29714
[4808] 29718 29719 29724 29728 29730 29734 29746 29747 29752 29767 29769
[4819] 29775 29776 29777 29795 29796 29806 29807 29821 29825 29827 29832
[4830] 29849 29864 29867 29875 29885 29887 29888 29908 29917 29927 29933
[4841] 29934 29936 29939 29943 29946 29948 29956 29978 29984 29989 29997
[4852] 30012 30021 30024 30027 30035 30036 30045 30048 30068 30071 30079
[4863] 30095 30096 30097 30098 30099 30105 30107 30111 30127 30141 30145
[4874] 30154 30155 30162 30164 30166 30172 30175 30213 30218 30222 30231
[4885] 30234 30235 30245 30250 30251 30264 30268 30285 30321 30344 30348
[4896] 30359 30360 30369 30378 30400 30413 30428 30432 30441 30442 30443
[4907] 30444 30448 30450 30458 30460 30477 30512 30518 30540 30554 30555
[4918] 30565 30593 30616 30620 30623 30636 30637 30647 30651 30654 30656
[4929] 30676 30683 30688 30694 30727 30729 30743 30747 30749 30763 30768
[4940] 30784 30790 30798 30807 30817 30821 30822 30828 30841 30858 30869
[4951] 30886 30889 30893 30906 30909 30912 30920 30921 30924 30932 30940
[4962] 30945 30950 30951 30965 30971 30975 30980 30984 30997 31000 31004
[4973] 31007 31035 31089 31091 31094 31097 31098 31099 31105 31123 31126
[4984] 31128 31140 31169 31178 31183 31191 31202 31216 31232 31235 31239
[4995] 31243 31249 31260 31264 31266 31288 31293 31294 31295 31298 31301
[5006] 31303 31311 31312 31325 31329 31347 31358 31377 31378 31381 31388
[5017] 31393 31398 31404 31406 31410 31412 31413 31419 31420 31435 31442
[5028] 31470 31472 31473 31475 31477 31480 31492 31502 31503 31506 31507
[5039] 31510 31532 31551 31561 31562 31583 31585 31587 31588 31595 31597
[5050] 31602 31604 31614 31620 31640 31641 31646 31652 31662 31670 31671
[5061] 31680 31682 31686 31688 31689 31701 31710 31715 31734 31735 31738
[5072] 31740 31744 31747 31769 31780 31782 31786 31813 31815 31837 31840
[5083] 31847 31864 31867 31868 31882 31883 31885 31888 31891 31905 31906
[5094] 31931 31952 31962 31964 31967 31969 31986 31990 31998 32024 32035
[5105] 32040 32043 32050 32072 32074 32076 32090 32097 32110 32113 32114
[5116] 32115 32121 32127 32141 32146 32177 32180 32213 32231 32238 32243
[5127] 32259 32260 32291 32296 32303 32304 32345 32374 32379 32389 32394
[5138] 32409 32439 32456 32489 32498 32502 32514 32528 32538 32548 32600
[5149] 32610 32642 32657 32675 32676 32693 32705 32718 32723 32730 32731
[5160] 32733 32756 32799 32817 32823 32824 32829 32847 32850 32851 32852
[5171] 32854 32856 32867 32873 32875 32881 32891 32908 32919 32924 32925
[5182] 32933 32937 32949 32957 32959 32961 32963 32976 32978 32982 32987
[5193] 32991 32994 33010 33015 33032 33039 33045 33050 33051 33056 33059
[5204] 33077 33082 33085 33087 33092 33094 33097 33103 33104 33110 33120
[5215] 33133 33134 33141 33142 33144 33154 33159 33169 33170 33173 33176
[5226] 33180 33198 33202 33208 33215 33216 33228 33233 33237 33238 33243
[5237] 33265 33267 33277 33280 33281 33284 33290 33292 33301 33304 33308
[5248] 33311 33317 33320 33328 33337 33338 33342 33344 33351 33355 33356
[5259] 33362 33370 33373 33411 33417 33434 33435 33444 33474 33482 33483
[5270] 33485 33491 33492 33493 33502 33505 33509 33520 33529 33553 33558
[5281] 33559 33571 33575 33584 33590 33601 33604 33607 33608 33613 33630
[5292] 33654 33659 33674 33684 33688 33696 33713 33716 33720 33728 33732
[5303] 33767 33774 33779 33786 33803 33829 33871 33873 33876 33877 33886
[5314] 33894 33895 33898 33904 33910 33916 33919 33920 33923 33933 33937
[5325] 33938 33941 33952 33975 33976 33988 33999 34000 34002 34020 34024
[5336] 34026 34034 34035 34045 34050 34053 34068 34074 34079 34093 34094
[5347] 34096 34097 34101 34105 34106 34115 34116 34129 34131 34150 34152
[5358] 34163 34184 34196 34197 34202 34204 34207 34213 34230 34235 34267
[5369] 34277 34289 34294 34297 34311 34312 34318 34324 34326 34335 34336
[5380] 34346 34352 34354 34358 34361 34386 34390 34410 34415 34450 34464
[5391] 34474 34477 34489 34491 34507 34523 34533 34535 34536 34538 34549
[5402] 34565 34567 34569 34578 34585 34605 34607 34627 34636 34638 34640
[5413] 34647 34650 34651 34673 34674 34686 34703 34704 34713 34729 34730
[5424] 34736 34738 34739 34740 34760 34765 34767 34769 34776 34777 34786
[5435] 34787 34790 34792 34795 34808 34809 34812 34814 34817 34820 34823
[5446] 34831 34859 34861 34863 34865 34866 34871 34898 34908 34909 34922
[5457] 34939 34942 34945 34947 34959 34963 34972 34973 34974 34976 34978
[5468] 34981 34983 34985 34988 35007 35014 35021 35022 35033 35051 35057
[5479] 35058 35059 35077 35079 35089 35093 35096 35098 35099 35103 35114
[5490] 35126 35127 35128 35129 35133 35134 35140 35149 35163 35168 35172
[5501] 35177 35214 35239 35245 35251 35252 35256 35259 35267 35268 35269
[5512] 35281 35284 35288 35290 35303 35307 35311 35319 35321 35324 35343
[5523] 35348 35374 35385 35392 35397 35404 35410 35424 35432 35442 35451
[5534] 35455 35457 35470 35471 35472 35478 35493 35503 35525 35568 35578
[5545] 35584 35585 35586 35601 35607 35619 35621 35630 35632 35639 35679
[5556] 35689 35701 35709 35736 35752 35753 35788 35843 35854 35856 35866
[5567] 35870 35874 35876 35888 35931 35934 35975 35993 35994 36023 36046
[5578] 36053 36058 36064 36087 36151 36160 36161 36174 36179 36180 36187
[5589] 36194 36198 36215 36216 36221 36232 36233 36249 36266 36288 36294
[5600] 36298 36315 36316 36317 36319 36321 36324 36331 36332 36340 36342
[5611] 36343 36346 36351 36361 36370 36377 36389 36407 36421 36426 36434
[5622] 36435 36451 36460 36461 36471 36486 36488 36499 36508 36537 36546
[5633] 36554 36574 36594 36600 36602 36605 36634 36637 36643 36658 36664
[5644] 36707 36710 36723 36724 36732 36757 36766 36769 36772 36784 36789
[5655] 36801 36804 36815 36827 36829 36835 36854 36867 36887 36889 36893
[5666] 36911 36912 36914 36920 36934 36949 36967 36971 36978 36984 36992
[5677] 36994 37001 37013 37041 37044 37046 37048 37054 37067 37081 37094
[5688] 37100 37125 37129 37140 37142 37146 37163 37166 37168 37170 37176
[5699] 37179 37188 37196 37222 37225 37232 37233 37244 37252 37256 37261
[5710] 37262 37264 37285 37294 37305 37307 37308 37309 37317 37320 37321
[5721] 37323 37331 37338 37343 37350 37352 37355 37364 37375 37380 37384
[5732] 37391 37393 37435 37508 37516 37520 37525 37533 37541 37545 37550
[5743] 37556 37561 37571 37581 37600 37609 37611 37614 37633 37642 37649
[5754] 37665 37675 37686 37692 37701 37708 37726 37732 37733 37737 37738
[5765] 37745 37756 37759 37764 37787 37790 37796 37799 37800 37802 37803
[5776] 37806 37810 37813 37818 37820 37821 37824 37828 37836 37840 37848
[5787] 37850 37877 37888 37904 37923 37927 37929 37931 37938 37941 37956
[5798] 37957 37977 37990 38002 38012 38033 38042 38063 38071 38073 38075
[5809] 38076 38081 38086 38091 38102 38117 38126 38140 38141 38148 38152
[5820] 38158 38164 38170 38174 38179 38219 38235 38236 38239 38246 38270
[5831] 38272 38277 38288 38294 38332 38333 38347 38355 38362 38374 38399
[5842] 38406 38416 38418 38421 38426 38451 38467 38481 38484 38487 38488
[5853] 38492 38499 38503 38508 38517 38524 38526 38534 38545 38554 38562
[5864] 38564 38566 38567 38571 38573 38598 38599 38601 38606 38610 38614
[5875] 38626 38645 38646 38650 38651 38659 38662 38667 38677 38686 38690
[5886] 38700 38704 38707 38711 38712 38721 38729 38732 38736 38738 38745
[5897] 38747 38748 38767 38769 38803 38808 38830 38841 38853 38856 38866
[5908] 38867 38868 38880 38887 38894 38902 38918 38925 38945 38949 38952
[5919] 38959 38964 38965 38970 38976 38990 38992 38993 38995 39006 39029
[5930] 39035 39037 39039 39048 39064 39068 39070 39072 39100 39104 39108
[5941] 39113 39118 39122 39134 39135 39141 39144 39158 39160 39173 39176
[5952] 39183 39184 39188 39189 39190 39197 39209 39215 39216 39224 39234
[5963] 39235 39237 39246 39258 39265 39279 39285 39286 39291 39292 39309
[5974] 39313 39337 39344 39352 39364 39365 39368 39369 39428 39432 39441
[5985] 39442 39443 39455 39457 39469 39476 39480 39485 39490 39503 39514
[5996] 39518 39519 39529 39543 39551 39554 39569 39575 39583 39592 39598
[6007] 39605 39610 39617 39622 39626 39630 39632 39634 39641 39660 39682
[6018] 39687 39690 39691 39701 39707 39710 39712 39716 39719 39733 39739
[6029] 39740 39744 39747 39757 39774 39775 39794 39812 39828 39834 39849
[6040] 39857 39863 39866 39886 39887 39889 39903 39926 39927 39938 39939
[6051] 39940 39952 39953 39991 40000 40002 40011 40012 40016 40019 40027
[6062] 40028 40035 40041 40044 40045 40047 40049 40056 40057 40061 40062
[6073] 40065 40067 40072 40073 40074 40081 40087 40091 40093 40094 40095
[6084] 40100 40101 40102 40109 40115 40118 40122 40127 40135 40136 40145
[6095] 40148 40150 40153 40154 40155 40156 40159 40166 40174 40177 40179
[6106] 40183 40184 40186 40187 40196 40197 40206 40215 40216 40226 40228
[6117] 40229 40233 40235 40239 40243 40246 40250 40254 40260 40264 40266
[6128] 40269 40271 40272 40273 40274 40276 40283 40290 40298 40308 40315
[6139] 40321 40325 40326 40329 40338 40339 40348 40350 40356 40361 40365
[6150] 40369 40374 40376 40385 40395 40396 40398 40408 40411 40413 40417
[6161] 40423 40426 40435 40442 40456 40466 40475 40482 40483 40485 40496
[6172] 40502 40505 40506 40512 40517 40524 40532 40537 40538 40540 40541
[6183] 40542 40547 40551 40553 40558 40561 40563 40571 40583 40587 40591
[6194] 40593 40598 40607 40612 40614 40617 40620 40621 40623 40630 40631
[6205] 40632 40636 40639 40640 40652 40655 40656 40662 40664 40667 40669
[6216] 40670 40672 40678 40679 40685 40693 40698 40699 40715 40719 40721
[6227] 40734 40736 40738 40744 40745 40750 40751 40752 40759 40760 40761
[6238] 40767 40770 40777 40782 40784 40787 40795 40806 40811 40813 40814
[6249] 40827 40828 40831 40833 40838 40841 40842 40850 40854 40857 40858
[6260] 40860 40861 40875 40880 40892 40907 40913 40918 40920 40942 40946
[6271] 40961 40964 40966 40972 40974 40986 40989 40993 41000 41002 41009
[6282] 41014 41019 41021 41024 41031 41032 41034 41040 41050 41051 41052
[6293] 41064 41065 41069 41078 41084 41089 41094 41097 41098 41103 41104
[6304] 41107 41109 41110 41113 41120 41122 41127 41137 41138 41143 41146
[6315] 41147 41150 41151 41153 41156 41158 41161 41168 41170 41172 41183
[6326] 41196 41199 41203 41204 41212 41213 41220 41226 41229 41230 41238
[6337] 41239 41246 41251 41253 41254 41263 41277 41282 41289 41302 41321
[6348] 41325 41328 41329 41333 41336 41350 41351 41354 41362 41363 41366
[6359] 41367 41374 41377 41382 41384 41386 41387 41389 41403 41412 41418
[6370] 41434 41445 41446 41447 41469 41476 41487 41492 41496 41499 41501
[6381] 41508 41514 41516 41548 41549 41554 41555 41573 41576 41586 41592
[6392] 41594 41600 41602 41603 41608 41613 41614 41615 41629 41631 41634
[6403] 41637 41653 41661 41667 41680 41694 41696 41702 41705 41706 41709
[6414] 41725 41726 41729 41736 41747 41750 41759 41762 41764 41768 41769
[6425] 41770 41779 41781 41785 41813 41814 41825 41827 41828 41829 41830
[6436] 41833 41834 41837 41844 41845 41846 41852 41855 41871 41874 41884
[6447] 41891 41892 41893 41906 41910 41912 41913 41916 41924 41931 41932
[6458] 41945 41946 41947 41965 41970 41972 41973 41983 41988 41989 41991
[6469] 41992 41999 42006 42022 42027 42028 42036 42037 42038 42060 42065
[6480] 42069 42078 42079 42084 42087 42093 42094 42100 42119 42122 42128
[6491] 42133 42142 42158 42163 42182 42188 42189 42190 42191 42194 42195
[6502] 42198 42203 42204 42205 42208 42215 42216 42222 42225 42226 42227
[6513] 42228
