
===========  earth  ============

  [1]   1   2   5   9  10  13  15  16  18  27  28  29  32  35  40  41  42  45
 [19]  46  48  49  51  56  57  58  59  61  67  68  70  72  74  75  76  77  79
 [37]  80  81  82  83  84  85  87  88  90  91  92  94  96 102 104 105 106 107
 [55] 108 110 111 112 113 114 115 118 119 120 121 122 123 124 125 126 127 128
 [73] 129 130 133 134 135 136 137 140 141 142 143 144 145 146 147 148 149 152
 [91] 153 154 155 158 160 162 163 164 165 166 168 169 170 171 174 177 182 187
[109] 189 193 195 196 197 198 200 202 207 208 219 222 225 226 237 238 241 249
[127] 255 256 268 269 274 277 279 280 281 283 284 287 288 289 290 291 296 297
[145] 298 302 304 308 313 321 322 323 324 326 332 334 336 339 341 346 347 349
[163] 354 355 365 366 368 369 370 371 372
