
===========  gbm  ============

  [1]   1   2   3   4   5  13  15  16  18  27  28  29  35  40  42  45  46  49
 [19]  50  51  57  68  69  70  75  77  89  90  91  96 102 103 107 108 109 116
 [37] 118 119 120 121 122 123 124 125 126 127 128 129 130 133 135 136 137 138
 [55] 139 140 152 153 154 155 158 159 160 161 162 163 164 165 166 167 169 170
 [73] 171 172 173 174 182 189 192 193 195 196 197 198 200 202 207 211 219 225
 [91] 226 237 241 242 245 248 249 256 268 274 279 280 281 282 283 284 286 287
[109] 288 289 290 291 293 296 302 304 308 309 310 313 321 322 323 326 332 334
[127] 336 341 343 346 349 350 354 367 371 372 374
