
===========  pcaNNet  ============

  [1]   1   2   4   5   6   7   9  10  11  12  13  14  15  16  17  18  19  20
 [19]  21  22  24  25  26  27  28  29  30  31  32  35  36  37  38  40  42  45
 [37]  47  48  50  51  52  53  54  55  58  59  60  61  62  66  67  69  70  71
 [55]  72  73  74  77  78  79  80  84  85  86  87  88  90  92  94  96 103 104
 [73] 105 106 107 108 110 111 112 113 114 115 116 117 118 121 122 123 124 125
 [91] 126 127 128 129 130 131 132 134 135 138 140 141 142 145 146 147 148 149
[109] 150 152 153 154 155 156 157 158 159 161 164 166 167 169 170 172 173 175
[127] 176 177 178 179 182 183 184 186 187 188 189 190 193 195 196 197 198 199
[145] 200 201 202 203 204 205 206 207 208 209 211 212 214 215 216 218 220 221
[163] 222 223 224 225 227 228 229 230 231 232 233 234 235 237 238 239 240 241
[181] 242 245 246 247 248 250 251 252 253 255 256 257 258 260 261 262 263 266
[199] 269 270 271 272 273 274 275 276 277 279 282 283 284 285 286 287 288 289
[217] 290 291 293 294 295 296 297 298 299 300 301 302 303 304 305 306 307 308
[235] 309 310 311 315 317 318 319 320 321 323 324 325 326 327 329 330 331 332
[253] 333 334 335 336 337 339 341 343 345 347 348 349 350 351 352 353 354 355
[271] 356 357 358 359 360 361 362 363 364 368 369 370 371 372 374
