
===========  xgbTree  ============

  [1]   1   2   3   4   5   9  10  12  13  14  15  18  23  24  27  28  29  30
 [19]  32  35  36  37  40  42  44  45  46  49  50  51  53  55  57  58  59  61
 [37]  67  68  69  70  71  73  74  75  77  81  82  83  89  90  91  92  94  97
 [55]  98  99 102 106 107 108 114 115 116 118 119 120 121 122 123 124 125 126
 [73] 127 128 129 130 131 132 134 135 136 137 138 139 140 143 144 152 153 154
 [91] 155 158 159 160 161 162 163 164 165 166 167 169 170 171 172 173 177 178
[109] 180 181 182 187 188 192 193 195 196 197 198 201 202 207 208 211 216 217
[127] 219 220 221 222 225 236 237 241 242 245 246 248 249 255 256 268 272 276
[145] 277 279 280 281 282 283 284 286 287 288 289 290 291 293 294 297 298 300
[163] 302 304 308 309 310 312 313 314 321 322 323 324 325 326 327 329 332 333
[181] 334 336 338 339 340 341 343 344 345 347 349 350 351 354 355 356 360 364
[199] 366 371 372 374
